14:04:37.165;48.7549;2.34662;48.7788;2.27795;48.7309;2.41528;13;WedgeAnchorType
14:05:28.556;48.7557;2.75224;48.7796;2.68358;48.7318;2.82089;13;WedgeAnchorType
14:05:30.298;48.7557;2.75224;48.7796;2.68358;48.7318;2.82089;13;WedgeAnchorType
14:05:30.299;48.7557;2.75224;48.7796;2.68358;48.7318;2.82089;13;WedgeAnchorType
14:05:30.299;48.7557;2.75224;48.7796;2.68358;48.7318;2.82089;13;WedgeAnchorType
14:05:30.300;48.7557;2.75224;48.7796;2.68358;48.7318;2.82089;13;WedgeAnchorType
14:05:30.300;48.7557;2.75224;48.7796;2.68358;48.7318;2.82089;13;WedgeAnchorType
14:05:33.993;48.7551;2.67517;48.779;2.60651;48.7312;2.74384;13;WedgeAnchorType
14:05:35.303;48.7551;2.67517;48.779;2.60651;48.7312;2.74384;13;WedgeAnchorType
14:05:35.304;48.7551;2.67517;48.779;2.60651;48.7312;2.74384;13;WedgeAnchorType
14:05:36.599;48.7551;2.67517;48.779;2.60651;48.7312;2.74384;13;WedgeAnchorType
14:05:36.600;48.7551;2.67517;48.779;2.60651;48.7312;2.74384;13;WedgeAnchorType
14:05:36.600;48.7551;2.67517;48.779;2.60651;48.7312;2.74384;13;WedgeAnchorType
14:05:36.600;48.7551;2.67517;48.779;2.60651;48.7312;2.74384;13;WedgeAnchorType
14:05:36.601;48.7551;2.67517;48.779;2.60651;48.7312;2.74384;13;WedgeAnchorType
14:05:39.188;48.7551;2.67517;48.779;2.60651;48.7312;2.74384;13;WedgeAnchorType
14:05:39.189;48.7551;2.67517;48.779;2.60651;48.7312;2.74384;13;WedgeAnchorType
14:05:40.729;48.7551;2.67517;48.779;2.60651;48.7312;2.74384;13;WedgeAnchorType
14:05:40.730;48.7551;2.67517;48.779;2.60651;48.7312;2.74384;13;WedgeAnchorType
14:05:40.730;48.7551;2.67517;48.779;2.60651;48.7312;2.74384;13;WedgeAnchorType
14:05:40.731;48.7551;2.67517;48.779;2.60651;48.7312;2.74384;13;WedgeAnchorType
14:05:40.731;48.7551;2.67517;48.779;2.60651;48.7312;2.74384;13;WedgeAnchorType
14:05:42.454;48.7551;2.67517;48.779;2.60651;48.7312;2.74384;13;WedgeAnchorType
14:05:42.454;48.7551;2.67517;48.779;2.60651;48.7312;2.74384;13;WedgeAnchorType
14:05:43.891;48.7551;2.67517;48.779;2.60651;48.7312;2.74384;13;WedgeAnchorType
14:05:43.892;48.7551;2.67517;48.779;2.60651;48.7312;2.74384;13;WedgeAnchorType
14:05:45.160;48.7551;2.67517;48.779;2.60651;48.7312;2.74384;13;WedgeAnchorType
14:05:45.161;48.7551;2.67517;48.779;2.60651;48.7312;2.74384;13;WedgeAnchorType
14:05:45.161;48.7551;2.67517;48.779;2.60651;48.7312;2.74384;13;WedgeAnchorType
14:05:45.161;48.7551;2.67517;48.779;2.60651;48.7312;2.74384;13;WedgeAnchorType
14:05:45.162;48.7551;2.67517;48.779;2.60651;48.7312;2.74384;13;WedgeAnchorType
14:05:47.017;48.7551;2.67517;48.779;2.60651;48.7312;2.74384;13;WedgeAnchorType
14:05:47.017;48.7551;2.67517;48.779;2.60651;48.7312;2.74384;13;WedgeAnchorType
14:05:47.018;48.7551;2.67517;48.779;2.60651;48.7312;2.74384;13;WedgeAnchorType
14:05:47.018;48.7551;2.67517;48.779;2.60651;48.7312;2.74384;13;WedgeAnchorType
14:05:47.018;48.7551;2.67517;48.779;2.60651;48.7312;2.74384;13;WedgeAnchorType
14:05:48.783;48.7551;2.67517;48.779;2.60651;48.7312;2.74384;13;WedgeAnchorType
14:05:48.783;48.7551;2.67517;48.779;2.60651;48.7312;2.74384;13;WedgeAnchorType
14:05:50.048;48.7551;2.67517;48.779;2.60651;48.7312;2.74384;13;WedgeAnchorType
14:05:50.049;48.7551;2.67517;48.779;2.60651;48.7312;2.74384;13;WedgeAnchorType
14:05:51.440;48.7551;2.67517;48.779;2.60651;48.7312;2.74384;13;WedgeAnchorType
14:05:51.441;48.7551;2.67517;48.779;2.60651;48.7312;2.74384;13;WedgeAnchorType
14:05:53.469;48.7551;2.67517;48.779;2.60651;48.7312;2.74384;13;WedgeAnchorType
14:05:53.470;48.7551;2.67517;48.779;2.60651;48.7312;2.74384;13;WedgeAnchorType
14:05:54.862;48.7551;2.67517;48.779;2.60651;48.7312;2.74384;13;WedgeAnchorType
14:05:54.862;48.7551;2.67517;48.779;2.60651;48.7312;2.74384;13;WedgeAnchorType
14:05:56.298;48.7551;2.67517;48.779;2.60651;48.7312;2.74384;13;WedgeAnchorType
14:05:56.298;48.7551;2.67517;48.779;2.60651;48.7312;2.74384;13;WedgeAnchorType
14:05:57.618;48.7551;2.67517;48.779;2.60651;48.7312;2.74384;13;WedgeAnchorType
14:05:57.619;48.7551;2.67517;48.779;2.60651;48.7312;2.74384;13;WedgeAnchorType
14:05:59.587;48.7551;2.67517;48.779;2.60651;48.7312;2.74384;13;WedgeAnchorType
14:05:59.587;48.7551;2.67517;48.779;2.60651;48.7312;2.74384;13;WedgeAnchorType
14:06:01.719;48.7551;2.67517;48.779;2.60651;48.7312;2.74384;13;WedgeAnchorType
14:06:01.720;48.7551;2.67517;48.779;2.60651;48.7312;2.74384;13;WedgeAnchorType
14:06:03.292;48.7551;2.67517;48.779;2.60651;48.7312;2.74384;13;WedgeAnchorType
14:06:03.293;48.7551;2.67517;48.779;2.60651;48.7312;2.74384;13;WedgeAnchorType
14:06:03.293;48.7551;2.67517;48.779;2.60651;48.7312;2.74384;13;WedgeAnchorType
14:06:03.293;48.7551;2.67517;48.779;2.60651;48.7312;2.74384;13;WedgeAnchorType
14:06:03.294;48.7551;2.67517;48.779;2.60651;48.7312;2.74384;13;WedgeAnchorType
14:06:03.294;48.7551;2.67517;48.779;2.60651;48.7312;2.74384;13;WedgeAnchorType
14:06:05.313;48.7551;2.67517;48.779;2.60651;48.7312;2.74384;13;WedgeAnchorType
14:06:05.314;48.7551;2.67517;48.779;2.60651;48.7312;2.74384;13;WedgeAnchorType
14:06:05.315;48.7551;2.67517;48.779;2.60651;48.7312;2.74384;13;WedgeAnchorType
14:06:05.315;48.7551;2.67517;48.779;2.60651;48.7312;2.74384;13;WedgeAnchorType
14:06:05.315;48.7551;2.67517;48.779;2.60651;48.7312;2.74384;13;WedgeAnchorType
14:06:07.222;48.7551;2.67517;48.779;2.60651;48.7312;2.74384;13;WedgeAnchorType
14:06:07.222;48.7551;2.67517;48.779;2.60651;48.7312;2.74384;13;WedgeAnchorType
14:06:08.748;48.7551;2.67517;48.779;2.60651;48.7312;2.74384;13;WedgeAnchorType
14:06:08.748;48.7551;2.67517;48.779;2.60651;48.7312;2.74384;13;WedgeAnchorType
14:06:10.285;48.7551;2.67517;48.779;2.60651;48.7312;2.74384;13;WedgeAnchorType
14:06:10.286;48.7551;2.67517;48.779;2.60651;48.7312;2.74384;13;WedgeAnchorType
14:06:11.813;48.7551;2.67517;48.779;2.60651;48.7312;2.74384;13;WedgeAnchorType
14:06:11.814;48.7551;2.67517;48.779;2.60651;48.7312;2.74384;13;WedgeAnchorType
14:06:11.814;48.7551;2.67517;48.779;2.60651;48.7312;2.74384;13;WedgeAnchorType
14:06:11.815;48.7551;2.67517;48.779;2.60651;48.7312;2.74384;13;WedgeAnchorType
14:06:11.815;48.7551;2.67517;48.779;2.60651;48.7312;2.74384;13;WedgeAnchorType
14:06:14.088;48.7551;2.67517;48.779;2.60651;48.7312;2.74384;13;WedgeAnchorType
14:06:14.088;48.7551;2.67517;48.779;2.60651;48.7312;2.74384;13;WedgeAnchorType
14:06:15.368;48.7551;2.67517;48.779;2.60651;48.7312;2.74384;13;WedgeAnchorType
14:06:15.369;48.7551;2.67517;48.779;2.60651;48.7312;2.74384;13;WedgeAnchorType
14:06:15.369;48.7551;2.67517;48.779;2.60651;48.7312;2.74384;13;WedgeAnchorType
14:06:15.370;48.7551;2.67517;48.779;2.60651;48.7312;2.74384;13;WedgeAnchorType
14:06:15.370;48.7551;2.67517;48.779;2.60651;48.7312;2.74384;13;WedgeAnchorType
14:06:17.327;48.7551;2.67517;48.779;2.60651;48.7312;2.74384;13;WedgeAnchorType
14:06:17.328;48.7551;2.67517;48.779;2.60651;48.7312;2.74384;13;WedgeAnchorType
14:06:18.863;48.7551;2.67517;48.779;2.60651;48.7312;2.74384;13;WedgeAnchorType
14:06:18.863;48.7551;2.67517;48.779;2.60651;48.7312;2.74384;13;WedgeAnchorType
14:06:18.864;48.7551;2.67517;48.779;2.60651;48.7312;2.74384;13;WedgeAnchorType
14:06:18.864;48.7551;2.67517;48.779;2.60651;48.7312;2.74384;13;WedgeAnchorType
14:06:18.864;48.7551;2.67517;48.779;2.60651;48.7312;2.74384;13;WedgeAnchorType
14:06:20.510;48.7551;2.67517;48.779;2.60651;48.7312;2.74384;13;WedgeAnchorType
14:06:20.511;48.7551;2.67517;48.779;2.60651;48.7312;2.74384;13;WedgeAnchorType
14:06:21.735;48.7551;2.67517;48.779;2.60651;48.7312;2.74384;13;WedgeAnchorType
14:06:21.736;48.7551;2.67517;48.779;2.60651;48.7312;2.74384;13;WedgeAnchorType
14:06:21.736;48.7551;2.67517;48.779;2.60651;48.7312;2.74384;13;WedgeAnchorType
14:06:21.737;48.7551;2.67517;48.779;2.60651;48.7312;2.74384;13;WedgeAnchorType
14:06:21.737;48.7551;2.67517;48.779;2.60651;48.7312;2.74384;13;WedgeAnchorType
14:06:23.517;48.7551;2.67517;48.779;2.60651;48.7312;2.74384;13;WedgeAnchorType
14:06:23.518;48.7551;2.67517;48.779;2.60651;48.7312;2.74384;13;WedgeAnchorType
14:06:23.518;48.7551;2.67517;48.779;2.60651;48.7312;2.74384;13;WedgeAnchorType
14:06:23.518;48.7551;2.67517;48.779;2.60651;48.7312;2.74384;13;WedgeAnchorType
14:06:23.519;48.7551;2.67517;48.779;2.60651;48.7312;2.74384;13;WedgeAnchorType
14:06:25.861;48.7551;2.67517;48.779;2.60651;48.7312;2.74384;13;WedgeAnchorType
14:06:25.861;48.7551;2.67517;48.779;2.60651;48.7312;2.74384;13;WedgeAnchorType
14:06:27.190;48.7551;2.67517;48.779;2.60651;48.7312;2.74384;13;WedgeAnchorType
14:06:27.191;48.7551;2.67517;48.779;2.60651;48.7312;2.74384;13;WedgeAnchorType
14:06:28.595;48.7551;2.67517;48.779;2.60651;48.7312;2.74384;13;WedgeAnchorType
14:06:28.595;48.7551;2.67517;48.779;2.60651;48.7312;2.74384;13;WedgeAnchorType
14:06:30.161;48.7551;2.67517;48.779;2.60651;48.7312;2.74384;13;WedgeAnchorType
14:06:30.161;48.7551;2.67517;48.779;2.60651;48.7312;2.74384;13;WedgeAnchorType
14:06:30.162;48.7551;2.67517;48.779;2.60651;48.7312;2.74384;13;WedgeAnchorType
14:06:30.162;48.7551;2.67517;48.779;2.60651;48.7312;2.74384;13;WedgeAnchorType
14:06:30.162;48.7551;2.67517;48.779;2.60651;48.7312;2.74384;13;WedgeAnchorType
14:06:32.547;48.7551;2.67517;48.779;2.60651;48.7312;2.74384;13;WedgeAnchorType
14:06:32.548;48.7551;2.67517;48.779;2.60651;48.7312;2.74384;13;WedgeAnchorType
14:06:33.823;48.7551;2.67517;48.779;2.60651;48.7312;2.74384;13;WedgeAnchorType
14:06:33.823;48.7551;2.67517;48.779;2.60651;48.7312;2.74384;13;WedgeAnchorType
14:06:35.643;48.7551;2.67517;48.779;2.60651;48.7312;2.74384;13;WedgeAnchorType
14:06:35.644;48.7551;2.67517;48.779;2.60651;48.7312;2.74384;13;WedgeAnchorType
14:06:35.644;48.7551;2.67517;48.779;2.60651;48.7312;2.74384;13;WedgeAnchorType
14:06:35.644;48.7551;2.67517;48.779;2.60651;48.7312;2.74384;13;WedgeAnchorType
14:06:35.645;48.7551;2.67517;48.779;2.60651;48.7312;2.74384;13;WedgeAnchorType
14:06:35.645;48.7551;2.67517;48.779;2.60651;48.7312;2.74384;13;WedgeAnchorType
14:06:35.645;48.7551;2.67517;48.779;2.60651;48.7312;2.74384;13;WedgeAnchorType
14:06:38.168;48.7551;2.67517;48.779;2.60651;48.7312;2.74384;13;WedgeAnchorType
14:06:38.168;48.7551;2.67517;48.779;2.60651;48.7312;2.74384;13;WedgeAnchorType
14:06:38.169;48.7551;2.67517;48.779;2.60651;48.7312;2.74384;13;WedgeAnchorType
14:06:38.169;48.7551;2.67517;48.779;2.60651;48.7312;2.74384;13;WedgeAnchorType
14:06:38.169;48.7551;2.67517;48.779;2.60651;48.7312;2.74384;13;WedgeAnchorType
14:06:40.300;48.7551;2.67517;48.779;2.60651;48.7312;2.74384;13;WedgeAnchorType
14:06:40.301;48.7551;2.67517;48.779;2.60651;48.7312;2.74384;13;WedgeAnchorType
14:06:41.774;48.7551;2.67517;48.779;2.60651;48.7312;2.74384;13;WedgeAnchorType
14:06:41.775;48.7551;2.67517;48.779;2.60651;48.7312;2.74384;13;WedgeAnchorType
14:06:43.060;48.7551;2.67517;48.779;2.60651;48.7312;2.74384;13;WedgeAnchorType
14:06:43.061;48.7551;2.67517;48.779;2.60651;48.7312;2.74384;13;WedgeAnchorType
14:06:43.061;48.7551;2.67517;48.779;2.60651;48.7312;2.74384;13;WedgeAnchorType
14:06:43.061;48.7551;2.67517;48.779;2.60651;48.7312;2.74384;13;WedgeAnchorType
14:06:43.062;48.7551;2.67517;48.779;2.60651;48.7312;2.74384;13;WedgeAnchorType
14:06:45.188;48.7551;2.67517;48.779;2.60651;48.7312;2.74384;13;WedgeAnchorType
14:06:45.189;48.7551;2.67517;48.779;2.60651;48.7312;2.74384;13;WedgeAnchorType
14:06:45.189;48.7551;2.67517;48.779;2.60651;48.7312;2.74384;13;WedgeAnchorType
14:06:45.190;48.7551;2.67517;48.779;2.60651;48.7312;2.74384;13;WedgeAnchorType
14:06:45.190;48.7551;2.67517;48.779;2.60651;48.7312;2.74384;13;WedgeAnchorType
14:06:47.407;48.7551;2.67517;48.779;2.60651;48.7312;2.74384;13;WedgeAnchorType
14:06:47.407;48.7551;2.67517;48.779;2.60651;48.7312;2.74384;13;WedgeAnchorType
14:06:48.985;48.7551;2.67517;48.779;2.60651;48.7312;2.74384;13;WedgeAnchorType
14:06:48.985;48.7551;2.67517;48.779;2.60651;48.7312;2.74384;13;WedgeAnchorType
14:06:50.557;48.7551;2.67517;48.779;2.60651;48.7312;2.74384;13;WedgeAnchorType
14:06:50.558;48.7551;2.67517;48.779;2.60651;48.7312;2.74384;13;WedgeAnchorType
14:06:52.157;48.7551;2.67517;48.779;2.60651;48.7312;2.74384;13;WedgeAnchorType
14:06:52.158;48.7551;2.67517;48.779;2.60651;48.7312;2.74384;13;WedgeAnchorType
14:06:52.158;48.7551;2.67517;48.779;2.60651;48.7312;2.74384;13;WedgeAnchorType
14:06:52.158;48.7551;2.67517;48.779;2.60651;48.7312;2.74384;13;WedgeAnchorType
14:06:52.159;48.7551;2.67517;48.779;2.60651;48.7312;2.74384;13;WedgeAnchorType
14:06:54.440;48.7551;2.67517;48.779;2.60651;48.7312;2.74384;13;WedgeAnchorType
14:06:54.440;48.7551;2.67517;48.779;2.60651;48.7312;2.74384;13;WedgeAnchorType
14:06:56.689;48.7551;2.67517;48.779;2.60651;48.7312;2.74384;13;WedgeAnchorType
14:06:56.690;48.7551;2.67517;48.779;2.60651;48.7312;2.74384;13;WedgeAnchorType
14:06:56.690;48.7551;2.67517;48.779;2.60651;48.7312;2.74384;13;WedgeAnchorType
14:06:56.691;48.7551;2.67517;48.779;2.60651;48.7312;2.74384;13;WedgeAnchorType
14:06:56.691;48.7551;2.67517;48.779;2.60651;48.7312;2.74384;13;WedgeAnchorType
14:06:58.729;48.7551;2.67517;48.779;2.60651;48.7312;2.74384;13;WedgeAnchorType
14:06:58.730;48.7551;2.67517;48.779;2.60651;48.7312;2.74384;13;WedgeAnchorType
14:07:00.938;48.7551;2.67517;48.779;2.60651;48.7312;2.74384;13;WedgeAnchorType
14:07:00.938;48.7551;2.67517;48.779;2.60651;48.7312;2.74384;13;WedgeAnchorType
14:07:03.266;48.7551;2.67517;48.779;2.60651;48.7312;2.74384;13;WedgeAnchorType
14:07:03.267;48.7551;2.67517;48.779;2.60651;48.7312;2.74384;13;WedgeAnchorType
14:07:04.602;48.7551;2.67517;48.779;2.60651;48.7312;2.74384;13;WedgeAnchorType
14:07:04.603;48.7551;2.67517;48.779;2.60651;48.7312;2.74384;13;WedgeAnchorType
14:07:06.039;48.7551;2.67517;48.779;2.60651;48.7312;2.74384;13;WedgeAnchorType
14:07:06.040;48.7551;2.67517;48.779;2.60651;48.7312;2.74384;13;WedgeAnchorType
14:07:07.666;48.7551;2.67517;48.779;2.60651;48.7312;2.74384;13;WedgeAnchorType
14:07:07.667;48.7551;2.67517;48.779;2.60651;48.7312;2.74384;13;WedgeAnchorType
14:07:09.166;48.7551;2.67517;48.779;2.60651;48.7312;2.74384;13;WedgeAnchorType
14:07:09.166;48.7551;2.67517;48.779;2.60651;48.7312;2.74384;13;WedgeAnchorType
14:07:11.380;48.7551;2.67517;48.779;2.60651;48.7312;2.74384;13;WedgeAnchorType
14:07:11.381;48.7551;2.67517;48.779;2.60651;48.7312;2.74384;13;WedgeAnchorType
14:07:11.381;48.7551;2.67517;48.779;2.60651;48.7312;2.74384;13;WedgeAnchorType
14:07:11.381;48.7551;2.67517;48.779;2.60651;48.7312;2.74384;13;WedgeAnchorType
14:07:11.382;48.7551;2.67517;48.779;2.60651;48.7312;2.74384;13;WedgeAnchorType
14:07:13.446;48.7551;2.67517;48.779;2.60651;48.7312;2.74384;13;WedgeAnchorType
14:07:13.446;48.7551;2.67517;48.779;2.60651;48.7312;2.74384;13;WedgeAnchorType
14:07:13.447;48.7551;2.67517;48.779;2.60651;48.7312;2.74384;13;WedgeAnchorType
14:07:13.447;48.7551;2.67517;48.779;2.60651;48.7312;2.74384;13;WedgeAnchorType
14:07:13.447;48.7551;2.67517;48.779;2.60651;48.7312;2.74384;13;WedgeAnchorType
14:07:15.594;48.7551;2.67517;48.779;2.60651;48.7312;2.74384;13;WedgeAnchorType
14:07:15.595;48.7551;2.67517;48.779;2.60651;48.7312;2.74384;13;WedgeAnchorType
14:07:17.219;48.7551;2.67517;48.779;2.60651;48.7312;2.74384;13;WedgeAnchorType
14:07:17.220;48.7551;2.67517;48.779;2.60651;48.7312;2.74384;13;WedgeAnchorType
14:07:18.565;48.7551;2.67517;48.779;2.60651;48.7312;2.74384;13;WedgeAnchorType
14:07:18.566;48.7551;2.67517;48.779;2.60651;48.7312;2.74384;13;WedgeAnchorType
14:07:20.806;48.7551;2.67517;48.779;2.60651;48.7312;2.74384;13;WedgeAnchorType
14:07:20.807;48.7551;2.67517;48.779;2.60651;48.7312;2.74384;13;WedgeAnchorType
14:07:22.612;48.7551;2.67517;48.779;2.60651;48.7312;2.74384;13;WedgeAnchorType
14:07:22.613;48.7551;2.67517;48.779;2.60651;48.7312;2.74384;13;WedgeAnchorType
14:07:23.946;48.7551;2.67517;48.779;2.60651;48.7312;2.74384;13;WedgeAnchorType
14:07:23.946;48.7551;2.67517;48.779;2.60651;48.7312;2.74384;13;WedgeAnchorType
14:07:23.947;48.7551;2.67517;48.779;2.60651;48.7312;2.74384;13;WedgeAnchorType
14:07:23.947;48.7551;2.67517;48.779;2.60651;48.7312;2.74384;13;WedgeAnchorType
14:07:23.947;48.7551;2.67517;48.779;2.60651;48.7312;2.74384;13;WedgeAnchorType
14:07:25.946;48.7551;2.67517;48.779;2.60651;48.7312;2.74384;13;WedgeAnchorType
14:07:25.946;48.7551;2.67517;48.779;2.60651;48.7312;2.74384;13;WedgeAnchorType
14:07:27.416;48.7551;2.67517;48.779;2.60651;48.7312;2.74384;13;WedgeAnchorType
14:07:27.416;48.7551;2.67517;48.779;2.60651;48.7312;2.74384;13;WedgeAnchorType
14:07:29.042;48.7551;2.67517;48.779;2.60651;48.7312;2.74384;13;WedgeAnchorType
14:07:29.043;48.7551;2.67517;48.779;2.60651;48.7312;2.74384;13;WedgeAnchorType
14:07:31.024;48.7551;2.67517;48.779;2.60651;48.7312;2.74384;13;WedgeAnchorType
14:07:31.024;48.7551;2.67517;48.779;2.60651;48.7312;2.74384;13;WedgeAnchorType
14:07:32.368;48.7551;2.67517;48.779;2.60651;48.7312;2.74384;13;WedgeAnchorType
14:07:32.369;48.7551;2.67517;48.779;2.60651;48.7312;2.74384;13;WedgeAnchorType
14:07:33.665;48.7551;2.67517;48.779;2.60651;48.7312;2.74384;13;WedgeAnchorType
14:07:33.665;48.7551;2.67517;48.779;2.60651;48.7312;2.74384;13;WedgeAnchorType
14:07:35.689;48.7551;2.67517;48.779;2.60651;48.7312;2.74384;13;WedgeAnchorType
14:07:35.690;48.7551;2.67517;48.779;2.60651;48.7312;2.74384;13;WedgeAnchorType
14:07:37.689;48.7551;2.67517;48.779;2.60651;48.7312;2.74384;13;WedgeAnchorType
14:07:37.689;48.7551;2.67517;48.779;2.60651;48.7312;2.74384;13;WedgeAnchorType
14:07:39.243;48.7551;2.67517;48.779;2.60651;48.7312;2.74384;13;WedgeAnchorType
14:07:39.244;48.7551;2.67517;48.779;2.60651;48.7312;2.74384;13;WedgeAnchorType
14:07:40.603;48.7551;2.67517;48.779;2.60651;48.7312;2.74384;13;WedgeAnchorType
14:07:40.604;48.7551;2.67517;48.779;2.60651;48.7312;2.74384;13;WedgeAnchorType
14:07:41.946;48.7551;2.67517;48.779;2.60651;48.7312;2.74384;13;WedgeAnchorType
14:07:41.947;48.7551;2.67517;48.779;2.60651;48.7312;2.74384;13;WedgeAnchorType
14:07:43.344;48.7551;2.67517;48.779;2.60651;48.7312;2.74384;13;WedgeAnchorType
14:07:43.345;48.7551;2.67517;48.779;2.60651;48.7312;2.74384;13;WedgeAnchorType
14:07:44.673;48.7551;2.67517;48.779;2.60651;48.7312;2.74384;13;WedgeAnchorType
14:07:44.673;48.7551;2.67517;48.779;2.60651;48.7312;2.74384;13;WedgeAnchorType
14:07:44.674;48.7551;2.67517;48.779;2.60651;48.7312;2.74384;13;WedgeAnchorType
14:07:44.674;48.7551;2.67517;48.779;2.60651;48.7312;2.74384;13;WedgeAnchorType
14:07:44.674;48.7551;2.67517;48.779;2.60651;48.7312;2.74384;13;WedgeAnchorType
14:07:47.274;48.7551;2.67517;48.779;2.60651;48.7312;2.74384;13;WedgeAnchorType
14:07:47.274;48.7551;2.67517;48.779;2.60651;48.7312;2.74384;13;WedgeAnchorType
14:07:48.755;48.7551;2.67517;48.779;2.60651;48.7312;2.74384;13;WedgeAnchorType
14:07:48.755;48.7551;2.67517;48.779;2.60651;48.7312;2.74384;13;WedgeAnchorType
14:07:48.756;48.7551;2.67517;48.779;2.60651;48.7312;2.74384;13;WedgeAnchorType
14:07:48.756;48.7551;2.67517;48.779;2.60651;48.7312;2.74384;13;WedgeAnchorType
14:07:48.756;48.7551;2.67517;48.779;2.60651;48.7312;2.74384;13;WedgeAnchorType
14:07:50.618;48.7551;2.67517;48.779;2.60651;48.7312;2.74384;13;WedgeAnchorType
14:07:50.618;48.7551;2.67517;48.779;2.60651;48.7312;2.74384;13;WedgeAnchorType
14:07:51.933;48.7551;2.67517;48.779;2.60651;48.7312;2.74384;13;WedgeAnchorType
14:07:51.934;48.7551;2.67517;48.779;2.60651;48.7312;2.74384;13;WedgeAnchorType
14:07:53.267;48.7551;2.67517;48.779;2.60651;48.7312;2.74384;13;WedgeAnchorType
14:07:53.268;48.7551;2.67517;48.779;2.60651;48.7312;2.74384;13;WedgeAnchorType
14:07:55.197;48.7551;2.67517;48.779;2.60651;48.7312;2.74384;13;WedgeAnchorType
14:07:55.198;48.7551;2.67517;48.779;2.60651;48.7312;2.74384;13;WedgeAnchorType
14:07:57.206;48.7551;2.67517;48.779;2.60651;48.7312;2.74384;13;WedgeAnchorType
14:07:57.206;48.7551;2.67517;48.779;2.60651;48.7312;2.74384;13;WedgeAnchorType
14:07:57.207;48.7551;2.67517;48.779;2.60651;48.7312;2.74384;13;WedgeAnchorType
14:07:57.207;48.7551;2.67517;48.779;2.60651;48.7312;2.74384;13;WedgeAnchorType
14:07:57.207;48.7551;2.67517;48.779;2.60651;48.7312;2.74384;13;WedgeAnchorType
14:07:59.844;48.7551;2.67517;48.779;2.60651;48.7312;2.74384;13;WedgeAnchorType
14:07:59.845;48.7551;2.67517;48.779;2.60651;48.7312;2.74384;13;WedgeAnchorType
14:08:01.329;48.7551;2.67517;48.779;2.60651;48.7312;2.74384;13;WedgeAnchorType
14:08:01.330;48.7551;2.67517;48.779;2.60651;48.7312;2.74384;13;WedgeAnchorType
14:08:02.805;48.7551;2.67517;48.779;2.60651;48.7312;2.74384;13;WedgeAnchorType
14:08:02.806;48.7551;2.67517;48.779;2.60651;48.7312;2.74384;13;WedgeAnchorType
14:08:04.239;48.7551;2.67517;48.779;2.60651;48.7312;2.74384;13;WedgeAnchorType
14:08:04.240;48.7551;2.67517;48.779;2.60651;48.7312;2.74384;13;WedgeAnchorType
14:08:04.240;48.7551;2.67517;48.779;2.60651;48.7312;2.74384;13;WedgeAnchorType
14:08:04.241;48.7551;2.67517;48.779;2.60651;48.7312;2.74384;13;WedgeAnchorType
14:08:04.243;48.7551;2.67517;48.779;2.60651;48.7312;2.74384;13;WedgeAnchorType
14:08:06.275;48.7551;2.67517;48.779;2.60651;48.7312;2.74384;13;WedgeAnchorType
14:08:06.275;48.7551;2.67517;48.779;2.60651;48.7312;2.74384;13;WedgeAnchorType
14:08:06.276;48.7551;2.67517;48.779;2.60651;48.7312;2.74384;13;WedgeAnchorType
14:08:06.276;48.7551;2.67517;48.779;2.60651;48.7312;2.74384;13;WedgeAnchorType
14:08:06.276;48.7551;2.67517;48.779;2.60651;48.7312;2.74384;13;WedgeAnchorType
14:08:08.040;48.7551;2.67517;48.779;2.60651;48.7312;2.74384;13;WedgeAnchorType
14:08:08.041;48.7551;2.67517;48.779;2.60651;48.7312;2.74384;13;WedgeAnchorType
14:08:09.425;48.7551;2.67517;48.779;2.60651;48.7312;2.74384;13;WedgeAnchorType
14:08:09.425;48.7551;2.67517;48.779;2.60651;48.7312;2.74384;13;WedgeAnchorType
14:08:11.479;48.7551;2.67517;48.779;2.60651;48.7312;2.74384;13;WedgeAnchorType
14:08:11.479;48.7551;2.67517;48.779;2.60651;48.7312;2.74384;13;WedgeAnchorType
14:08:13.518;48.7551;2.67517;48.779;2.60651;48.7312;2.74384;13;WedgeAnchorType
14:08:13.518;48.7551;2.67517;48.779;2.60651;48.7312;2.74384;13;WedgeAnchorType
14:08:14.885;48.7551;2.67517;48.779;2.60651;48.7312;2.74384;13;WedgeAnchorType
14:08:14.886;48.7551;2.67517;48.779;2.60651;48.7312;2.74384;13;WedgeAnchorType
14:08:14.886;48.7551;2.67517;48.779;2.60651;48.7312;2.74384;13;WedgeAnchorType
14:08:14.886;48.7551;2.67517;48.779;2.60651;48.7312;2.74384;13;WedgeAnchorType
14:08:14.887;48.7551;2.67517;48.779;2.60651;48.7312;2.74384;13;WedgeAnchorType
14:08:16.908;48.7551;2.67517;48.779;2.60651;48.7312;2.74384;13;WedgeAnchorType
14:08:16.909;48.7551;2.67517;48.779;2.60651;48.7312;2.74384;13;WedgeAnchorType
14:08:18.344;48.7551;2.67517;48.779;2.60651;48.7312;2.74384;13;WedgeAnchorType
14:08:18.344;48.7551;2.67517;48.779;2.60651;48.7312;2.74384;13;WedgeAnchorType
14:08:19.643;48.7551;2.67517;48.779;2.60651;48.7312;2.74384;13;WedgeAnchorType
14:08:19.643;48.7551;2.67517;48.779;2.60651;48.7312;2.74384;13;WedgeAnchorType
14:08:21.719;48.7551;2.67517;48.779;2.60651;48.7312;2.74384;13;WedgeAnchorType
14:08:21.720;48.7551;2.67517;48.779;2.60651;48.7312;2.74384;13;WedgeAnchorType
14:08:23.071;48.7551;2.67517;48.779;2.60651;48.7312;2.74384;13;WedgeAnchorType
14:08:23.072;48.7551;2.67517;48.779;2.60651;48.7312;2.74384;13;WedgeAnchorType
14:08:24.439;48.7551;2.67517;48.779;2.60651;48.7312;2.74384;13;WedgeAnchorType
14:08:24.439;48.7551;2.67517;48.779;2.60651;48.7312;2.74384;13;WedgeAnchorType
14:08:26.688;48.7551;2.67517;48.779;2.60651;48.7312;2.74384;13;WedgeAnchorType
14:08:26.689;48.7551;2.67517;48.779;2.60651;48.7312;2.74384;13;WedgeAnchorType
14:08:28.182;48.7551;2.67517;48.779;2.60651;48.7312;2.74384;13;WedgeAnchorType
14:08:28.183;48.7551;2.67517;48.779;2.60651;48.7312;2.74384;13;WedgeAnchorType
14:08:29.721;48.7551;2.67517;48.779;2.60651;48.7312;2.74384;13;WedgeAnchorType
14:08:29.722;48.7551;2.67517;48.779;2.60651;48.7312;2.74384;13;WedgeAnchorType
14:08:29.722;48.7551;2.67517;48.779;2.60651;48.7312;2.74384;13;WedgeAnchorType
14:08:29.722;48.7551;2.67517;48.779;2.60651;48.7312;2.74384;13;WedgeAnchorType
14:08:29.723;48.7551;2.67517;48.779;2.60651;48.7312;2.74384;13;WedgeAnchorType
14:08:32.524;48.7551;2.67517;48.779;2.60651;48.7312;2.74384;13;WedgeAnchorType
14:08:32.524;48.7551;2.67517;48.779;2.60651;48.7312;2.74384;13;WedgeAnchorType
14:08:35.016;48.7551;2.67517;48.779;2.60651;48.7312;2.74384;13;WedgeAnchorType
14:08:35.017;48.7551;2.67517;48.779;2.60651;48.7312;2.74384;13;WedgeAnchorType
14:08:35.017;48.7551;2.67517;48.779;2.60651;48.7312;2.74384;13;WedgeAnchorType
14:08:35.017;48.7551;2.67517;48.779;2.60651;48.7312;2.74384;13;WedgeAnchorType
14:08:35.018;48.7551;2.67517;48.779;2.60651;48.7312;2.74384;13;WedgeAnchorType
14:08:37.125;48.7551;2.67517;48.779;2.60651;48.7312;2.74384;13;WedgeAnchorType
14:08:37.126;48.7551;2.67517;48.779;2.60651;48.7312;2.74384;13;WedgeAnchorType
14:08:39.080;48.7551;2.67517;48.779;2.60651;48.7312;2.74384;13;WedgeAnchorType
14:08:39.081;48.7551;2.67517;48.779;2.60651;48.7312;2.74384;13;WedgeAnchorType
14:08:41.313;48.7551;2.67517;48.779;2.60651;48.7312;2.74384;13;WedgeAnchorType
14:08:41.314;48.7551;2.67517;48.779;2.60651;48.7312;2.74384;13;WedgeAnchorType
14:08:43.001;48.7551;2.67517;48.779;2.60651;48.7312;2.74384;13;WedgeAnchorType
14:08:43.002;48.7551;2.67517;48.779;2.60651;48.7312;2.74384;13;WedgeAnchorType
14:08:43.002;48.7551;2.67517;48.779;2.60651;48.7312;2.74384;13;WedgeAnchorType
14:08:43.002;48.7551;2.67517;48.779;2.60651;48.7312;2.74384;13;WedgeAnchorType
14:08:43.003;48.7551;2.67517;48.779;2.60651;48.7312;2.74384;13;WedgeAnchorType
14:08:45.169;48.7551;2.67517;48.779;2.60651;48.7312;2.74384;13;WedgeAnchorType
14:08:45.170;48.7551;2.67517;48.779;2.60651;48.7312;2.74384;13;WedgeAnchorType
14:08:45.170;48.7551;2.67517;48.779;2.60651;48.7312;2.74384;13;WedgeAnchorType
14:08:45.171;48.7551;2.67517;48.779;2.60651;48.7312;2.74384;13;WedgeAnchorType
14:08:45.171;48.7551;2.67517;48.779;2.60651;48.7312;2.74384;13;WedgeAnchorType
14:08:47.306;48.7551;2.67517;48.779;2.60651;48.7312;2.74384;13;WedgeAnchorType
14:08:47.306;48.7551;2.67517;48.779;2.60651;48.7312;2.74384;13;WedgeAnchorType
14:08:49.572;48.7551;2.67517;48.779;2.60651;48.7312;2.74384;13;WedgeAnchorType
14:08:49.572;48.7551;2.67517;48.779;2.60651;48.7312;2.74384;13;WedgeAnchorType
14:08:49.573;48.7551;2.67517;48.779;2.60651;48.7312;2.74384;13;WedgeAnchorType
14:08:49.573;48.7551;2.67517;48.779;2.60651;48.7312;2.74384;13;WedgeAnchorType
14:08:49.573;48.7551;2.67517;48.779;2.60651;48.7312;2.74384;13;WedgeAnchorType
14:08:51.836;48.7551;2.67517;48.779;2.60651;48.7312;2.74384;13;WedgeAnchorType
14:08:51.837;48.7551;2.67517;48.779;2.60651;48.7312;2.74384;13;WedgeAnchorType
14:08:53.220;48.7551;2.67517;48.779;2.60651;48.7312;2.74384;13;WedgeAnchorType
14:08:53.220;48.7551;2.67517;48.779;2.60651;48.7312;2.74384;13;WedgeAnchorType
14:08:54.853;48.7551;2.67517;48.779;2.60651;48.7312;2.74384;13;WedgeAnchorType
14:08:54.853;48.7551;2.67517;48.779;2.60651;48.7312;2.74384;13;WedgeAnchorType
14:08:56.462;48.7551;2.67517;48.779;2.60651;48.7312;2.74384;13;WedgeAnchorType
14:08:56.463;48.7551;2.67517;48.779;2.60651;48.7312;2.74384;13;WedgeAnchorType
14:08:58.107;48.7551;2.67517;48.779;2.60651;48.7312;2.74384;13;WedgeAnchorType
14:08:58.108;48.7551;2.67517;48.779;2.60651;48.7312;2.74384;13;WedgeAnchorType
14:08:59.599;48.7551;2.67517;48.779;2.60651;48.7312;2.74384;13;WedgeAnchorType
14:08:59.599;48.7551;2.67517;48.779;2.60651;48.7312;2.74384;13;WedgeAnchorType
14:09:01.251;48.7551;2.67517;48.779;2.60651;48.7312;2.74384;13;WedgeAnchorType
14:09:01.251;48.7551;2.67517;48.779;2.60651;48.7312;2.74384;13;WedgeAnchorType
14:09:03.056;48.7551;2.67517;48.779;2.60651;48.7312;2.74384;13;WedgeAnchorType
14:09:03.057;48.7551;2.67517;48.779;2.60651;48.7312;2.74384;13;WedgeAnchorType
14:09:05.498;48.7551;2.67517;48.779;2.60651;48.7312;2.74384;13;WedgeAnchorType
14:09:05.498;48.7551;2.67517;48.779;2.60651;48.7312;2.74384;13;WedgeAnchorType
14:09:08.095;48.7551;2.67517;48.779;2.60651;48.7312;2.74384;13;WedgeAnchorType
14:09:08.096;48.7551;2.67517;48.779;2.60651;48.7312;2.74384;13;WedgeAnchorType
14:09:09.720;48.7551;2.67517;48.779;2.60651;48.7312;2.74384;13;WedgeAnchorType
14:09:09.720;48.7551;2.67517;48.779;2.60651;48.7312;2.74384;13;WedgeAnchorType
14:09:11.338;48.7551;2.67517;48.779;2.60651;48.7312;2.74384;13;WedgeAnchorType
14:09:11.338;48.7551;2.67517;48.779;2.60651;48.7312;2.74384;13;WedgeAnchorType
14:09:13.127;48.7551;2.67517;48.779;2.60651;48.7312;2.74384;13;WedgeAnchorType
14:09:13.127;48.7551;2.67517;48.779;2.60651;48.7312;2.74384;13;WedgeAnchorType
14:09:14.734;48.7551;2.67517;48.779;2.60651;48.7312;2.74384;13;WedgeAnchorType
14:09:14.735;48.7551;2.67517;48.779;2.60651;48.7312;2.74384;13;WedgeAnchorType
14:09:16.190;48.7551;2.67517;48.779;2.60651;48.7312;2.74384;13;WedgeAnchorType
14:09:16.190;48.7551;2.67517;48.779;2.60651;48.7312;2.74384;13;WedgeAnchorType
14:09:17.899;48.7551;2.67517;48.779;2.60651;48.7312;2.74384;13;WedgeAnchorType
14:09:17.899;48.7551;2.67517;48.779;2.60651;48.7312;2.74384;13;WedgeAnchorType
14:09:17.900;48.7551;2.67517;48.779;2.60651;48.7312;2.74384;13;WedgeAnchorType
14:09:17.900;48.7551;2.67517;48.779;2.60651;48.7312;2.74384;13;WedgeAnchorType
14:09:17.900;48.7551;2.67517;48.779;2.60651;48.7312;2.74384;13;WedgeAnchorType
14:09:20.032;48.7551;2.67517;48.779;2.60651;48.7312;2.74384;13;WedgeAnchorType
14:09:20.032;48.7551;2.67517;48.779;2.60651;48.7312;2.74384;13;WedgeAnchorType
14:09:21.534;48.7551;2.67517;48.779;2.60651;48.7312;2.74384;13;WedgeAnchorType
14:09:21.534;48.7551;2.67517;48.779;2.60651;48.7312;2.74384;13;WedgeAnchorType
14:09:23.025;48.7551;2.67517;48.779;2.60651;48.7312;2.74384;13;WedgeAnchorType
14:09:23.025;48.7551;2.67517;48.779;2.60651;48.7312;2.74384;13;WedgeAnchorType
14:09:23.026;48.7551;2.67517;48.779;2.60651;48.7312;2.74384;13;WedgeAnchorType
14:09:23.026;48.7551;2.67517;48.779;2.60651;48.7312;2.74384;13;WedgeAnchorType
14:09:23.026;48.7551;2.67517;48.779;2.60651;48.7312;2.74384;13;WedgeAnchorType
14:09:25.629;48.7551;2.67517;48.779;2.60651;48.7312;2.74384;13;WedgeAnchorType
14:09:25.630;48.7551;2.67517;48.779;2.60651;48.7312;2.74384;13;WedgeAnchorType
14:09:27.830;48.7551;2.67517;48.779;2.60651;48.7312;2.74384;13;WedgeAnchorType
14:09:27.831;48.7551;2.67517;48.779;2.60651;48.7312;2.74384;13;WedgeAnchorType
14:09:27.831;48.7551;2.67517;48.779;2.60651;48.7312;2.74384;13;WedgeAnchorType
14:09:27.832;48.7551;2.67517;48.779;2.60651;48.7312;2.74384;13;WedgeAnchorType
14:09:27.832;48.7551;2.67517;48.779;2.60651;48.7312;2.74384;13;WedgeAnchorType
14:09:29.939;48.7551;2.67517;48.779;2.60651;48.7312;2.74384;13;WedgeAnchorType
14:09:29.939;48.7551;2.67517;48.779;2.60651;48.7312;2.74384;13;WedgeAnchorType
14:09:32.258;48.7551;2.67517;48.779;2.60651;48.7312;2.74384;13;WedgeAnchorType
14:09:32.258;48.7551;2.67517;48.779;2.60651;48.7312;2.74384;13;WedgeAnchorType
14:09:34.553;48.7551;2.67517;48.779;2.60651;48.7312;2.74384;13;WedgeAnchorType
14:09:34.554;48.7551;2.67517;48.779;2.60651;48.7312;2.74384;13;WedgeAnchorType
14:09:34.554;48.7551;2.67517;48.779;2.60651;48.7312;2.74384;13;WedgeAnchorType
14:09:34.554;48.7551;2.67517;48.779;2.60651;48.7312;2.74384;13;WedgeAnchorType
14:09:34.555;48.7551;2.67517;48.779;2.60651;48.7312;2.74384;13;WedgeAnchorType
14:09:36.813;48.7551;2.67517;48.779;2.60651;48.7312;2.74384;13;WedgeAnchorType
14:09:36.814;48.7551;2.67517;48.779;2.60651;48.7312;2.74384;13;WedgeAnchorType
14:09:36.814;48.7551;2.67517;48.779;2.60651;48.7312;2.74384;13;WedgeAnchorType
14:09:36.814;48.7551;2.67517;48.779;2.60651;48.7312;2.74384;13;WedgeAnchorType
14:09:36.815;48.7551;2.67517;48.779;2.60651;48.7312;2.74384;13;WedgeAnchorType
14:09:38.977;48.7551;2.67517;48.779;2.60651;48.7312;2.74384;13;WedgeAnchorType
14:09:38.977;48.7551;2.67517;48.779;2.60651;48.7312;2.74384;13;WedgeAnchorType
14:09:38.977;48.7551;2.67517;48.779;2.60651;48.7312;2.74384;13;WedgeAnchorType
14:09:38.978;48.7551;2.67517;48.779;2.60651;48.7312;2.74384;13;WedgeAnchorType
14:09:38.978;48.7551;2.67517;48.779;2.60651;48.7312;2.74384;13;WedgeAnchorType
14:09:41.453;48.7551;2.67517;48.779;2.60651;48.7312;2.74384;13;WedgeAnchorType
14:09:41.454;48.7551;2.67517;48.779;2.60651;48.7312;2.74384;13;WedgeAnchorType
14:09:43.102;48.7551;2.67517;48.779;2.60651;48.7312;2.74384;13;WedgeAnchorType
14:09:43.103;48.7551;2.67517;48.779;2.60651;48.7312;2.74384;13;WedgeAnchorType
14:09:43.103;48.7551;2.67517;48.779;2.60651;48.7312;2.74384;13;WedgeAnchorType
14:09:43.104;48.7551;2.67517;48.779;2.60651;48.7312;2.74384;13;WedgeAnchorType
14:09:43.104;48.7551;2.67517;48.779;2.60651;48.7312;2.74384;13;WedgeAnchorType
14:09:46.445;48.7551;2.67517;48.779;2.60651;48.7312;2.74384;13;WedgeAnchorType
14:09:46.446;48.7551;2.67517;48.779;2.60651;48.7312;2.74384;13;WedgeAnchorType
14:09:47.946;48.7551;2.67517;48.779;2.60651;48.7312;2.74384;13;WedgeAnchorType
14:09:47.946;48.7551;2.67517;48.779;2.60651;48.7312;2.74384;13;WedgeAnchorType
14:09:49.461;48.7551;2.67517;48.779;2.60651;48.7312;2.74384;13;WedgeAnchorType
14:09:49.461;48.7551;2.67517;48.779;2.60651;48.7312;2.74384;13;WedgeAnchorType
14:09:49.462;48.7551;2.67517;48.779;2.60651;48.7312;2.74384;13;WedgeAnchorType
14:09:49.462;48.7551;2.67517;48.779;2.60651;48.7312;2.74384;13;WedgeAnchorType
14:09:49.463;48.7551;2.67517;48.779;2.60651;48.7312;2.74384;13;WedgeAnchorType
14:09:52.010;48.7551;2.67517;48.779;2.60651;48.7312;2.74384;13;WedgeAnchorType
14:09:52.010;48.7551;2.67517;48.779;2.60651;48.7312;2.74384;13;WedgeAnchorType
14:09:52.011;48.7551;2.67517;48.779;2.60651;48.7312;2.74384;13;WedgeAnchorType
14:09:52.011;48.7551;2.67517;48.779;2.60651;48.7312;2.74384;13;WedgeAnchorType
14:09:52.011;48.7551;2.67517;48.779;2.60651;48.7312;2.74384;13;WedgeAnchorType
14:09:54.165;48.7551;2.67517;48.779;2.60651;48.7312;2.74384;13;WedgeAnchorType
14:09:54.165;48.7551;2.67517;48.779;2.60651;48.7312;2.74384;13;WedgeAnchorType
14:09:55.997;48.7551;2.67517;48.779;2.60651;48.7312;2.74384;13;WedgeAnchorType
14:09:55.998;48.7551;2.67517;48.779;2.60651;48.7312;2.74384;13;WedgeAnchorType
14:09:55.998;48.7551;2.67517;48.779;2.60651;48.7312;2.74384;13;WedgeAnchorType
14:09:55.998;48.7551;2.67517;48.779;2.60651;48.7312;2.74384;13;WedgeAnchorType
14:09:55.999;48.7551;2.67517;48.779;2.60651;48.7312;2.74384;13;WedgeAnchorType
14:09:59.167;48.7551;2.67517;48.779;2.60651;48.7312;2.74384;13;WedgeAnchorType
14:09:59.168;48.7551;2.67517;48.779;2.60651;48.7312;2.74384;13;WedgeAnchorType
14:09:59.168;48.7551;2.67517;48.779;2.60651;48.7312;2.74384;13;WedgeAnchorType
14:09:59.169;48.7551;2.67517;48.779;2.60651;48.7312;2.74384;13;WedgeAnchorType
14:09:59.169;48.7551;2.67517;48.779;2.60651;48.7312;2.74384;13;WedgeAnchorType
14:10:02.001;48.7551;2.67517;48.779;2.60651;48.7312;2.74384;13;WedgeAnchorType
14:10:02.001;48.7551;2.67517;48.779;2.60651;48.7312;2.74384;13;WedgeAnchorType
14:10:03.664;48.7551;2.67517;48.779;2.60651;48.7312;2.74384;13;WedgeAnchorType
14:10:03.664;48.7551;2.67517;48.779;2.60651;48.7312;2.74384;13;WedgeAnchorType
14:10:05.476;48.7551;2.67517;48.779;2.60651;48.7312;2.74384;13;WedgeAnchorType
14:10:05.477;48.7551;2.67517;48.779;2.60651;48.7312;2.74384;13;WedgeAnchorType
14:10:06.859;48.7551;2.67517;48.779;2.60651;48.7312;2.74384;13;WedgeAnchorType
14:10:06.860;48.7551;2.67517;48.779;2.60651;48.7312;2.74384;13;WedgeAnchorType
14:10:09.252;48.7551;2.67517;48.779;2.60651;48.7312;2.74384;13;WedgeAnchorType
14:10:09.253;48.7551;2.67517;48.779;2.60651;48.7312;2.74384;13;WedgeAnchorType
14:10:09.253;48.7551;2.67517;48.779;2.60651;48.7312;2.74384;13;WedgeAnchorType
14:10:09.253;48.7551;2.67517;48.779;2.60651;48.7312;2.74384;13;WedgeAnchorType
14:10:09.254;48.7551;2.67517;48.779;2.60651;48.7312;2.74384;13;WedgeAnchorType
14:10:11.509;48.7551;2.67517;48.779;2.60651;48.7312;2.74384;13;WedgeAnchorType
14:10:11.510;48.7551;2.67517;48.779;2.60651;48.7312;2.74384;13;WedgeAnchorType
14:10:13.234;48.7551;2.67517;48.779;2.60651;48.7312;2.74384;13;WedgeAnchorType
14:10:13.235;48.7551;2.67517;48.779;2.60651;48.7312;2.74384;13;WedgeAnchorType
14:10:15.121;48.7551;2.67517;48.779;2.60651;48.7312;2.74384;13;WedgeAnchorType
14:10:15.121;48.7551;2.67517;48.779;2.60651;48.7312;2.74384;13;WedgeAnchorType
14:10:16.852;48.7551;2.67517;48.779;2.60651;48.7312;2.74384;13;WedgeAnchorType
14:10:16.853;48.7551;2.67517;48.779;2.60651;48.7312;2.74384;13;WedgeAnchorType
14:10:16.853;48.7551;2.67517;48.779;2.60651;48.7312;2.74384;13;WedgeAnchorType
14:10:16.853;48.7551;2.67517;48.779;2.60651;48.7312;2.74384;13;WedgeAnchorType
14:10:16.854;48.7551;2.67517;48.779;2.60651;48.7312;2.74384;13;WedgeAnchorType
14:10:19.382;48.7551;2.67517;48.779;2.60651;48.7312;2.74384;13;WedgeAnchorType
14:10:19.383;48.7551;2.67517;48.779;2.60651;48.7312;2.74384;13;WedgeAnchorType
14:10:21.262;48.7551;2.67517;48.779;2.60651;48.7312;2.74384;13;WedgeAnchorType
14:10:21.262;48.7551;2.67517;48.779;2.60651;48.7312;2.74384;13;WedgeAnchorType
14:10:21.263;48.7551;2.67517;48.779;2.60651;48.7312;2.74384;13;WedgeAnchorType
14:10:21.263;48.7551;2.67517;48.779;2.60651;48.7312;2.74384;13;WedgeAnchorType
14:10:21.263;48.7551;2.67517;48.779;2.60651;48.7312;2.74384;13;WedgeAnchorType
14:10:23.884;48.7551;2.67517;48.779;2.60651;48.7312;2.74384;13;WedgeAnchorType
14:10:23.884;48.7551;2.67517;48.779;2.60651;48.7312;2.74384;13;WedgeAnchorType
14:10:23.885;48.7551;2.67517;48.779;2.60651;48.7312;2.74384;13;WedgeAnchorType
14:10:23.885;48.7551;2.67517;48.779;2.60651;48.7312;2.74384;13;WedgeAnchorType
14:10:23.886;48.7551;2.67517;48.779;2.60651;48.7312;2.74384;13;WedgeAnchorType
14:10:26.523;48.7551;2.67517;48.779;2.60651;48.7312;2.74384;13;WedgeAnchorType
14:10:26.524;48.7551;2.67517;48.779;2.60651;48.7312;2.74384;13;WedgeAnchorType
14:10:28.336;48.7551;2.67517;48.779;2.60651;48.7312;2.74384;13;WedgeAnchorType
14:10:28.336;48.7551;2.67517;48.779;2.60651;48.7312;2.74384;13;WedgeAnchorType
14:10:30.252;48.7551;2.67517;48.779;2.60651;48.7312;2.74384;13;WedgeAnchorType
14:10:30.253;48.7551;2.67517;48.779;2.60651;48.7312;2.74384;13;WedgeAnchorType
14:10:32.007;48.7551;2.67517;48.779;2.60651;48.7312;2.74384;13;WedgeAnchorType
14:10:32.008;48.7551;2.67517;48.779;2.60651;48.7312;2.74384;13;WedgeAnchorType
14:10:33.719;48.7551;2.67517;48.779;2.60651;48.7312;2.74384;13;WedgeAnchorType
14:10:33.719;48.7551;2.67517;48.779;2.60651;48.7312;2.74384;13;WedgeAnchorType
14:10:35.531;48.7551;2.67517;48.779;2.60651;48.7312;2.74384;13;WedgeAnchorType
14:10:35.532;48.7551;2.67517;48.779;2.60651;48.7312;2.74384;13;WedgeAnchorType
14:10:37.422;48.7551;2.67517;48.779;2.60651;48.7312;2.74384;13;WedgeAnchorType
14:10:37.423;48.7551;2.67517;48.779;2.60651;48.7312;2.74384;13;WedgeAnchorType
14:10:39.039;48.7551;2.67517;48.779;2.60651;48.7312;2.74384;13;WedgeAnchorType
14:10:39.039;48.7551;2.67517;48.779;2.60651;48.7312;2.74384;13;WedgeAnchorType
14:10:41.004;48.7551;2.67517;48.779;2.60651;48.7312;2.74384;13;WedgeAnchorType
14:10:41.004;48.7551;2.67517;48.779;2.60651;48.7312;2.74384;13;WedgeAnchorType
14:10:42.753;48.7551;2.67517;48.779;2.60651;48.7312;2.74384;13;WedgeAnchorType
14:10:42.753;48.7551;2.67517;48.779;2.60651;48.7312;2.74384;13;WedgeAnchorType
14:10:42.754;48.7551;2.67517;48.779;2.60651;48.7312;2.74384;13;WedgeAnchorType
14:10:42.754;48.7551;2.67517;48.779;2.60651;48.7312;2.74384;13;WedgeAnchorType
14:10:42.754;48.7551;2.67517;48.779;2.60651;48.7312;2.74384;13;WedgeAnchorType
14:10:45.424;48.7551;2.67517;48.779;2.60651;48.7312;2.74384;13;WedgeAnchorType
14:10:45.424;48.7551;2.67517;48.779;2.60651;48.7312;2.74384;13;WedgeAnchorType
14:10:47.129;48.7551;2.67517;48.779;2.60651;48.7312;2.74384;13;WedgeAnchorType
14:10:47.129;48.7551;2.67517;48.779;2.60651;48.7312;2.74384;13;WedgeAnchorType
14:10:48.703;48.7551;2.67517;48.779;2.60651;48.7312;2.74384;13;WedgeAnchorType
14:10:48.704;48.7551;2.67517;48.779;2.60651;48.7312;2.74384;13;WedgeAnchorType
14:10:48.704;48.7551;2.67517;48.779;2.60651;48.7312;2.74384;13;WedgeAnchorType
14:10:48.705;48.7551;2.67517;48.779;2.60651;48.7312;2.74384;13;WedgeAnchorType
14:10:48.705;48.7551;2.67517;48.779;2.60651;48.7312;2.74384;13;WedgeAnchorType
14:10:51.656;48.7551;2.67517;48.779;2.60651;48.7312;2.74384;13;WedgeAnchorType
14:10:51.656;48.7551;2.67517;48.779;2.60651;48.7312;2.74384;13;WedgeAnchorType
14:10:53.656;48.7551;2.67517;48.779;2.60651;48.7312;2.74384;13;WedgeAnchorType
14:10:53.657;48.7551;2.67517;48.779;2.60651;48.7312;2.74384;13;WedgeAnchorType
14:10:55.480;48.7551;2.67517;48.779;2.60651;48.7312;2.74384;13;WedgeAnchorType
14:10:55.480;48.7551;2.67517;48.779;2.60651;48.7312;2.74384;13;WedgeAnchorType
14:10:57.273;48.7551;2.67517;48.779;2.60651;48.7312;2.74384;13;WedgeAnchorType
14:10:57.274;48.7551;2.67517;48.779;2.60651;48.7312;2.74384;13;WedgeAnchorType
14:10:59.485;48.7551;2.67517;48.779;2.60651;48.7312;2.74384;13;WedgeAnchorType
14:10:59.486;48.7551;2.67517;48.779;2.60651;48.7312;2.74384;13;WedgeAnchorType
14:11:02.213;48.7551;2.67517;48.779;2.60651;48.7312;2.74384;13;WedgeAnchorType
14:11:02.214;48.7551;2.67517;48.779;2.60651;48.7312;2.74384;13;WedgeAnchorType
14:11:04.893;48.7551;2.67517;48.779;2.60651;48.7312;2.74384;13;WedgeAnchorType
14:11:04.893;48.7551;2.67517;48.779;2.60651;48.7312;2.74384;13;WedgeAnchorType
14:11:04.894;48.7551;2.67517;48.779;2.60651;48.7312;2.74384;13;WedgeAnchorType
14:11:04.894;48.7551;2.67517;48.779;2.60651;48.7312;2.74384;13;WedgeAnchorType
14:11:04.894;48.7551;2.67517;48.779;2.60651;48.7312;2.74384;13;WedgeAnchorType
14:11:07.413;48.7551;2.67517;48.779;2.60651;48.7312;2.74384;13;WedgeAnchorType
14:11:07.414;48.7551;2.67517;48.779;2.60651;48.7312;2.74384;13;WedgeAnchorType
14:11:09.328;48.7551;2.67517;48.779;2.60651;48.7312;2.74384;13;WedgeAnchorType
14:11:09.328;48.7551;2.67517;48.779;2.60651;48.7312;2.74384;13;WedgeAnchorType
14:11:11.119;48.7551;2.67517;48.779;2.60651;48.7312;2.74384;13;WedgeAnchorType
14:11:11.119;48.7551;2.67517;48.779;2.60651;48.7312;2.74384;13;WedgeAnchorType
14:11:13.023;48.7551;2.67517;48.779;2.60651;48.7312;2.74384;13;WedgeAnchorType
14:11:13.024;48.7551;2.67517;48.779;2.60651;48.7312;2.74384;13;WedgeAnchorType
14:11:14.915;48.7551;2.67517;48.779;2.60651;48.7312;2.74384;13;WedgeAnchorType
14:11:14.915;48.7551;2.67517;48.779;2.60651;48.7312;2.74384;13;WedgeAnchorType
14:11:16.704;48.7551;2.67517;48.779;2.60651;48.7312;2.74384;13;WedgeAnchorType
14:11:16.705;48.7551;2.67517;48.779;2.60651;48.7312;2.74384;13;WedgeAnchorType
14:11:19.266;48.7551;2.67517;48.779;2.60651;48.7312;2.74384;13;WedgeAnchorType
14:11:19.267;48.7551;2.67517;48.779;2.60651;48.7312;2.74384;13;WedgeAnchorType
14:11:21.109;48.7551;2.67517;48.779;2.60651;48.7312;2.74384;13;WedgeAnchorType
14:11:21.109;48.7551;2.67517;48.779;2.60651;48.7312;2.74384;13;WedgeAnchorType
14:11:23.743;48.7551;2.67517;48.779;2.60651;48.7312;2.74384;13;WedgeAnchorType
14:11:23.744;48.7551;2.67517;48.779;2.60651;48.7312;2.74384;13;WedgeAnchorType
14:11:23.744;48.7551;2.67517;48.779;2.60651;48.7312;2.74384;13;WedgeAnchorType
14:11:23.745;48.7551;2.67517;48.779;2.60651;48.7312;2.74384;13;WedgeAnchorType
14:11:23.745;48.7551;2.67517;48.779;2.60651;48.7312;2.74384;13;WedgeAnchorType
14:11:26.218;48.7551;2.67517;48.779;2.60651;48.7312;2.74384;13;WedgeAnchorType
14:11:26.219;48.7551;2.67517;48.779;2.60651;48.7312;2.74384;13;WedgeAnchorType
14:11:28.031;48.7551;2.67517;48.779;2.60651;48.7312;2.74384;13;WedgeAnchorType
14:11:28.032;48.7551;2.67517;48.779;2.60651;48.7312;2.74384;13;WedgeAnchorType
14:11:29.860;48.7551;2.67517;48.779;2.60651;48.7312;2.74384;13;WedgeAnchorType
14:11:29.861;48.7551;2.67517;48.779;2.60651;48.7312;2.74384;13;WedgeAnchorType
14:11:32.000;48.7551;2.67517;48.779;2.60651;48.7312;2.74384;13;WedgeAnchorType
14:11:32.001;48.7551;2.67517;48.779;2.60651;48.7312;2.74384;13;WedgeAnchorType
14:11:36.149;48.7551;2.67517;48.779;2.60651;48.7312;2.74384;13;WedgeAnchorType
14:11:36.150;48.7551;2.67517;48.779;2.60651;48.7312;2.74384;13;WedgeAnchorType
14:11:36.150;48.7551;2.67517;48.779;2.60651;48.7312;2.74384;13;WedgeAnchorType
14:11:36.150;48.7551;2.67517;48.779;2.60651;48.7312;2.74384;13;WedgeAnchorType
14:11:36.151;48.7551;2.67517;48.779;2.60651;48.7312;2.74384;13;WedgeAnchorType
14:11:39.546;48.7551;2.67517;48.779;2.60651;48.7312;2.74384;13;WedgeAnchorType
14:11:39.547;48.7551;2.67517;48.779;2.60651;48.7312;2.74384;13;WedgeAnchorType
14:11:41.335;48.7551;2.67517;48.779;2.60651;48.7312;2.74384;13;WedgeAnchorType
14:11:41.336;48.7551;2.67517;48.779;2.60651;48.7312;2.74384;13;WedgeAnchorType
14:11:43.033;48.7551;2.67517;48.779;2.60651;48.7312;2.74384;13;WedgeAnchorType
14:11:43.033;48.7551;2.67517;48.779;2.60651;48.7312;2.74384;13;WedgeAnchorType
14:11:43.034;48.7551;2.67517;48.779;2.60651;48.7312;2.74384;13;WedgeAnchorType
14:11:43.034;48.7551;2.67517;48.779;2.60651;48.7312;2.74384;13;WedgeAnchorType
14:11:43.034;48.7551;2.67517;48.779;2.60651;48.7312;2.74384;13;WedgeAnchorType
14:11:45.679;48.7551;2.67517;48.779;2.60651;48.7312;2.74384;13;WedgeAnchorType
14:11:45.679;48.7551;2.67517;48.779;2.60651;48.7312;2.74384;13;WedgeAnchorType
14:11:47.421;48.7551;2.67517;48.779;2.60651;48.7312;2.74384;13;WedgeAnchorType
14:11:47.422;48.7551;2.67517;48.779;2.60651;48.7312;2.74384;13;WedgeAnchorType
14:11:49.101;48.7551;2.67517;48.779;2.60651;48.7312;2.74384;13;WedgeAnchorType
14:11:49.101;48.7551;2.67517;48.779;2.60651;48.7312;2.74384;13;WedgeAnchorType
14:11:51.089;48.7551;2.67517;48.779;2.60651;48.7312;2.74384;13;WedgeAnchorType
14:11:51.090;48.7551;2.67517;48.779;2.60651;48.7312;2.74384;13;WedgeAnchorType
14:11:51.090;48.7551;2.67517;48.779;2.60651;48.7312;2.74384;13;WedgeAnchorType
14:11:51.090;48.7551;2.67517;48.779;2.60651;48.7312;2.74384;13;WedgeAnchorType
14:11:51.091;48.7551;2.67517;48.779;2.60651;48.7312;2.74384;13;WedgeAnchorType
14:11:53.595;48.7551;2.67517;48.779;2.60651;48.7312;2.74384;13;WedgeAnchorType
14:11:53.596;48.7551;2.67517;48.779;2.60651;48.7312;2.74384;13;WedgeAnchorType
14:11:53.596;48.7551;2.67517;48.779;2.60651;48.7312;2.74384;13;WedgeAnchorType
14:11:53.596;48.7551;2.67517;48.779;2.60651;48.7312;2.74384;13;WedgeAnchorType
14:11:53.597;48.7551;2.67517;48.779;2.60651;48.7312;2.74384;13;WedgeAnchorType
14:11:55.883;48.7551;2.67517;48.779;2.60651;48.7312;2.74384;13;WedgeAnchorType
14:11:55.883;48.7551;2.67517;48.779;2.60651;48.7312;2.74384;13;WedgeAnchorType
14:11:55.884;48.7551;2.67517;48.779;2.60651;48.7312;2.74384;13;WedgeAnchorType
14:11:55.884;48.7551;2.67517;48.779;2.60651;48.7312;2.74384;13;WedgeAnchorType
14:11:55.885;48.7551;2.67517;48.779;2.60651;48.7312;2.74384;13;WedgeAnchorType
14:11:58.727;48.7551;2.67517;48.779;2.60651;48.7312;2.74384;13;WedgeAnchorType
14:11:58.727;48.7551;2.67517;48.779;2.60651;48.7312;2.74384;13;WedgeAnchorType
14:12:00.753;48.7551;2.67517;48.779;2.60651;48.7312;2.74384;13;WedgeAnchorType
14:12:00.753;48.7551;2.67517;48.779;2.60651;48.7312;2.74384;13;WedgeAnchorType
14:12:00.754;48.7551;2.67517;48.779;2.60651;48.7312;2.74384;13;WedgeAnchorType
14:12:00.754;48.7551;2.67517;48.779;2.60651;48.7312;2.74384;13;WedgeAnchorType
14:12:00.754;48.7551;2.67517;48.779;2.60651;48.7312;2.74384;13;WedgeAnchorType
14:12:04.695;48.7551;2.67517;48.779;2.60651;48.7312;2.74384;13;WedgeAnchorType
14:12:04.695;48.7551;2.67517;48.779;2.60651;48.7312;2.74384;13;WedgeAnchorType
14:12:07.437;48.7551;2.67517;48.779;2.60651;48.7312;2.74384;13;WedgeAnchorType
14:12:07.437;48.7551;2.67517;48.779;2.60651;48.7312;2.74384;13;WedgeAnchorType
14:12:09.322;48.7551;2.67517;48.779;2.60651;48.7312;2.74384;13;WedgeAnchorType
14:12:09.322;48.7551;2.67517;48.779;2.60651;48.7312;2.74384;13;WedgeAnchorType
14:12:09.323;48.7551;2.67517;48.779;2.60651;48.7312;2.74384;13;WedgeAnchorType
14:12:09.323;48.7551;2.67517;48.779;2.60651;48.7312;2.74384;13;WedgeAnchorType
14:12:09.323;48.7551;2.67517;48.779;2.60651;48.7312;2.74384;13;WedgeAnchorType
14:12:12.114;48.7551;2.67517;48.779;2.60651;48.7312;2.74384;13;WedgeAnchorType
14:12:12.114;48.7551;2.67517;48.779;2.60651;48.7312;2.74384;13;WedgeAnchorType
14:12:12.115;48.7551;2.67517;48.779;2.60651;48.7312;2.74384;13;WedgeAnchorType
14:12:12.115;48.7551;2.67517;48.779;2.60651;48.7312;2.74384;13;WedgeAnchorType
14:12:12.115;48.7551;2.67517;48.779;2.60651;48.7312;2.74384;13;WedgeAnchorType
14:12:14.650;48.7551;2.67517;48.779;2.60651;48.7312;2.74384;13;WedgeAnchorType
14:12:14.650;48.7551;2.67517;48.779;2.60651;48.7312;2.74384;13;WedgeAnchorType
14:12:14.651;48.7551;2.67517;48.779;2.60651;48.7312;2.74384;13;WedgeAnchorType
14:12:14.651;48.7551;2.67517;48.779;2.60651;48.7312;2.74384;13;WedgeAnchorType
14:12:14.651;48.7551;2.67517;48.779;2.60651;48.7312;2.74384;13;WedgeAnchorType
14:12:18.415;48.7551;2.67517;48.779;2.60651;48.7312;2.74384;13;WedgeAnchorType
14:12:18.416;48.7551;2.67517;48.779;2.60651;48.7312;2.74384;13;WedgeAnchorType
14:12:21.210;48.7551;2.67517;48.779;2.60651;48.7312;2.74384;13;WedgeAnchorType
14:12:21.210;48.7551;2.67517;48.779;2.60651;48.7312;2.74384;13;WedgeAnchorType
14:12:24.390;48.7551;2.67517;48.779;2.60651;48.7312;2.74384;13;WedgeAnchorType
14:12:24.391;48.7551;2.67517;48.779;2.60651;48.7312;2.74384;13;WedgeAnchorType
14:12:26.133;48.7551;2.67517;48.779;2.60651;48.7312;2.74384;13;WedgeAnchorType
14:12:26.134;48.7551;2.67517;48.779;2.60651;48.7312;2.74384;13;WedgeAnchorType
14:12:29.321;48.7551;2.67517;48.779;2.60651;48.7312;2.74384;13;WedgeAnchorType
14:12:29.322;48.7551;2.67517;48.779;2.60651;48.7312;2.74384;13;WedgeAnchorType
14:12:29.322;48.7551;2.67517;48.779;2.60651;48.7312;2.74384;13;WedgeAnchorType
14:12:29.322;48.7551;2.67517;48.779;2.60651;48.7312;2.74384;13;WedgeAnchorType
14:12:29.323;48.7551;2.67517;48.779;2.60651;48.7312;2.74384;13;WedgeAnchorType
14:12:32.218;48.7551;2.67517;48.779;2.60651;48.7312;2.74384;13;WedgeAnchorType
14:12:32.218;48.7551;2.67517;48.779;2.60651;48.7312;2.74384;13;WedgeAnchorType
14:12:32.219;48.7551;2.67517;48.779;2.60651;48.7312;2.74384;13;WedgeAnchorType
14:12:32.219;48.7551;2.67517;48.779;2.60651;48.7312;2.74384;13;WedgeAnchorType
14:12:32.220;48.7551;2.67517;48.779;2.60651;48.7312;2.74384;13;WedgeAnchorType
14:12:35.085;48.7551;2.67517;48.779;2.60651;48.7312;2.74384;13;WedgeAnchorType
14:12:35.085;48.7551;2.67517;48.779;2.60651;48.7312;2.74384;13;WedgeAnchorType
14:12:38.137;48.7551;2.67517;48.779;2.60651;48.7312;2.74384;13;WedgeAnchorType
14:12:38.138;48.7551;2.67517;48.779;2.60651;48.7312;2.74384;13;WedgeAnchorType
14:12:40.289;48.7551;2.67517;48.779;2.60651;48.7312;2.74384;13;WedgeAnchorType
14:12:40.290;48.7551;2.67517;48.779;2.60651;48.7312;2.74384;13;WedgeAnchorType
14:12:43.860;48.7551;2.67517;48.779;2.60651;48.7312;2.74384;13;WedgeAnchorType
14:12:43.861;48.7551;2.67517;48.779;2.60651;48.7312;2.74384;13;WedgeAnchorType
14:12:43.861;48.7551;2.67517;48.779;2.60651;48.7312;2.74384;13;WedgeAnchorType
14:12:43.862;48.7551;2.67517;48.779;2.60651;48.7312;2.74384;13;WedgeAnchorType
14:12:43.862;48.7551;2.67517;48.779;2.60651;48.7312;2.74384;13;WedgeAnchorType
14:12:47.515;48.7551;2.67517;48.779;2.60651;48.7312;2.74384;13;WedgeAnchorType
14:12:47.516;48.7551;2.67517;48.779;2.60651;48.7312;2.74384;13;WedgeAnchorType
14:12:49.273;48.7551;2.67517;48.779;2.60651;48.7312;2.74384;13;WedgeAnchorType
14:12:49.274;48.7551;2.67517;48.779;2.60651;48.7312;2.74384;13;WedgeAnchorType
14:12:49.274;48.7551;2.67517;48.779;2.60651;48.7312;2.74384;13;WedgeAnchorType
14:12:49.275;48.7551;2.67517;48.779;2.60651;48.7312;2.74384;13;WedgeAnchorType
14:12:49.275;48.7551;2.67517;48.779;2.60651;48.7312;2.74384;13;WedgeAnchorType
14:12:51.686;48.7551;2.67517;48.779;2.60651;48.7312;2.74384;13;WedgeAnchorType
14:12:51.687;48.7551;2.67517;48.779;2.60651;48.7312;2.74384;13;WedgeAnchorType
14:12:53.477;48.7551;2.67517;48.779;2.60651;48.7312;2.74384;13;WedgeAnchorType
14:12:53.477;48.7551;2.67517;48.779;2.60651;48.7312;2.74384;13;WedgeAnchorType
14:12:55.358;48.7551;2.67517;48.779;2.60651;48.7312;2.74384;13;WedgeAnchorType
14:12:55.359;48.7551;2.67517;48.779;2.60651;48.7312;2.74384;13;WedgeAnchorType
14:13:08.579;48.7551;2.67517;48.779;2.60651;48.7312;2.74384;13;WedgeAnchorType
14:13:08.579;48.7551;2.67517;48.779;2.60651;48.7312;2.74384;13;WedgeAnchorType
14:13:08.580;48.7551;2.67517;48.779;2.60651;48.7312;2.74384;13;WedgeAnchorType
14:13:08.580;48.7551;2.67517;48.779;2.60651;48.7312;2.74384;13;WedgeAnchorType
14:13:08.580;48.7551;2.67517;48.779;2.60651;48.7312;2.74384;13;WedgeAnchorType
14:13:12.585;48.7551;2.67517;48.779;2.60651;48.7312;2.74384;13;WedgeAnchorType
14:13:12.585;48.7551;2.67517;48.779;2.60651;48.7312;2.74384;13;WedgeAnchorType
14:13:15.155;48.7551;2.67517;48.779;2.60651;48.7312;2.74384;13;WedgeAnchorType
14:13:15.155;48.7551;2.67517;48.779;2.60651;48.7312;2.74384;13;WedgeAnchorType
14:13:17.194;48.7551;2.67517;48.779;2.60651;48.7312;2.74384;13;WedgeAnchorType
14:13:17.195;48.7551;2.67517;48.779;2.60651;48.7312;2.74384;13;WedgeAnchorType
14:13:19.571;48.7551;2.67517;48.779;2.60651;48.7312;2.74384;13;WedgeAnchorType
14:13:19.571;48.7551;2.67517;48.779;2.60651;48.7312;2.74384;13;WedgeAnchorType
14:13:19.572;48.7551;2.67517;48.779;2.60651;48.7312;2.74384;13;WedgeAnchorType
14:13:19.572;48.7551;2.67517;48.779;2.60651;48.7312;2.74384;13;WedgeAnchorType
14:13:19.573;48.7551;2.67517;48.779;2.60651;48.7312;2.74384;13;WedgeAnchorType
14:13:22.188;48.7551;2.67517;48.779;2.60651;48.7312;2.74384;13;WedgeAnchorType
14:13:22.189;48.7551;2.67517;48.779;2.60651;48.7312;2.74384;13;WedgeAnchorType
14:13:26.913;48.7551;2.67517;48.779;2.60651;48.7312;2.74384;13;WedgeAnchorType
14:13:26.913;48.7551;2.67517;48.779;2.60651;48.7312;2.74384;13;WedgeAnchorType
14:13:28.913;48.7551;2.67517;48.779;2.60651;48.7312;2.74384;13;WedgeAnchorType
14:13:28.914;48.7551;2.67517;48.779;2.60651;48.7312;2.74384;13;WedgeAnchorType
14:13:28.914;48.7551;2.67517;48.779;2.60651;48.7312;2.74384;13;WedgeAnchorType
14:13:28.914;48.7551;2.67517;48.779;2.60651;48.7312;2.74384;13;WedgeAnchorType
14:13:28.915;48.7551;2.67517;48.779;2.60651;48.7312;2.74384;13;WedgeAnchorType
14:13:32.289;48.7551;2.67517;48.779;2.60651;48.7312;2.74384;13;WedgeAnchorType
14:13:32.289;48.7551;2.67517;48.779;2.60651;48.7312;2.74384;13;WedgeAnchorType
14:13:32.290;48.7551;2.67517;48.779;2.60651;48.7312;2.74384;13;WedgeAnchorType
14:13:32.290;48.7551;2.67517;48.779;2.60651;48.7312;2.74384;13;WedgeAnchorType
14:13:32.290;48.7551;2.67517;48.779;2.60651;48.7312;2.74384;13;WedgeAnchorType
14:13:34.759;48.7551;2.67517;48.779;2.60651;48.7312;2.74384;13;WedgeAnchorType
14:13:34.759;48.7551;2.67517;48.779;2.60651;48.7312;2.74384;13;WedgeAnchorType
14:13:36.423;48.7551;2.67517;48.779;2.60651;48.7312;2.74384;13;WedgeAnchorType
14:13:36.424;48.7551;2.67517;48.779;2.60651;48.7312;2.74384;13;WedgeAnchorType
14:13:36.424;48.7551;2.67517;48.779;2.60651;48.7312;2.74384;13;WedgeAnchorType
14:13:36.424;48.7551;2.67517;48.779;2.60651;48.7312;2.74384;13;WedgeAnchorType
14:13:36.425;48.7551;2.67517;48.779;2.60651;48.7312;2.74384;13;WedgeAnchorType
14:13:36.425;48.7551;2.67517;48.779;2.60651;48.7312;2.74384;13;WedgeAnchorType
14:13:40.983;48.7551;2.67517;48.779;2.60651;48.7312;2.74384;13;WedgeAnchorType
14:13:40.984;48.7551;2.67517;48.779;2.60651;48.7312;2.74384;13;WedgeAnchorType
14:13:43.522;48.7551;2.67517;48.779;2.60651;48.7312;2.74384;13;WedgeAnchorType
14:13:43.523;48.7551;2.67517;48.779;2.60651;48.7312;2.74384;13;WedgeAnchorType
14:13:45.329;48.7551;2.67517;48.779;2.60651;48.7312;2.74384;13;WedgeAnchorType
14:13:45.330;48.7551;2.67517;48.779;2.60651;48.7312;2.74384;13;WedgeAnchorType
14:13:45.330;48.7551;2.67517;48.779;2.60651;48.7312;2.74384;13;WedgeAnchorType
14:13:45.330;48.7551;2.67517;48.779;2.60651;48.7312;2.74384;13;WedgeAnchorType
14:13:45.331;48.7551;2.67517;48.779;2.60651;48.7312;2.74384;13;WedgeAnchorType
14:13:47.709;48.7551;2.67517;48.779;2.60651;48.7312;2.74384;13;WedgeAnchorType
14:13:47.710;48.7551;2.67517;48.779;2.60651;48.7312;2.74384;13;WedgeAnchorType
14:13:50.908;48.7551;2.67517;48.779;2.60651;48.7312;2.74384;13;WedgeAnchorType
14:13:50.908;48.7551;2.67517;48.779;2.60651;48.7312;2.74384;13;WedgeAnchorType
14:13:53.132;48.7551;2.67517;48.779;2.60651;48.7312;2.74384;13;WedgeAnchorType
14:13:53.132;48.7551;2.67517;48.779;2.60651;48.7312;2.74384;13;WedgeAnchorType
14:13:53.133;48.7551;2.67517;48.779;2.60651;48.7312;2.74384;13;WedgeAnchorType
14:13:53.133;48.7551;2.67517;48.779;2.60651;48.7312;2.74384;13;WedgeAnchorType
14:13:53.134;48.7551;2.67517;48.779;2.60651;48.7312;2.74384;13;WedgeAnchorType
14:14:01.335;48.7551;2.67517;48.779;2.60651;48.7312;2.74384;13;WedgeAnchorType
14:14:01.337;48.7551;2.67517;48.779;2.60651;48.7312;2.74384;13;WedgeAnchorType
14:14:01.339;48.7551;2.67517;48.779;2.60651;48.7312;2.74384;13;WedgeAnchorType
14:14:01.339;48.7551;2.67517;48.779;2.60651;48.7312;2.74384;13;WedgeAnchorType
14:14:01.339;48.7551;2.67517;48.779;2.60651;48.7312;2.74384;13;WedgeAnchorType
