14:04:07.792;48.9283;2.31468;48.9402;2.28035;48.9164;2.34901;14;WedgePeerRedType
14:04:09.434;48.9515;2.35503;48.9635;2.32069;48.9396;2.38936;14;WedgePeerRedType
14:04:12.516;48.9283;2.31468;48.9402;2.28035;48.9164;2.34901;14;WedgePeerRedType
14:04:12.881;48.9285;2.31554;48.9524;2.24687;48.9047;2.3842;13;WedgePeerRedType
14:04:12.882;48.9285;2.31554;48.9524;2.24687;48.9047;2.3842;13;WedgePeerRedType
14:04:13.661;48.9265;2.31503;48.9504;2.24637;48.9026;2.3837;13;WedgePeerRedType
14:04:13.661;48.9265;2.31503;48.9504;2.24637;48.9026;2.3837;13;WedgePeerRedType
14:04:14.451;48.9121;2.31262;48.9359;2.24396;48.8882;2.38129;13;WedgePeerRedType
14:04:14.451;48.9121;2.31262;48.9359;2.24396;48.8882;2.38129;13;WedgePeerRedType
14:04:14.452;48.9083;2.31177;48.9322;2.2431;48.8845;2.38043;13;WedgePeerRedType
14:04:14.452;48.9083;2.31177;48.9322;2.2431;48.8845;2.38043;13;WedgePeerRedType
14:04:14.452;48.9048;2.31142;48.9287;2.24275;48.881;2.38008;13;WedgePeerRedType
14:04:15.103;48.8938;2.30798;48.9176;2.23932;48.8699;2.37663;13;WedgePeerRedType
14:04:15.103;48.8938;2.30798;48.9176;2.23932;48.8699;2.37663;13;WedgePeerRedType
14:04:15.612;48.8872;2.31708;48.9111;2.24841;48.8634;2.38574;13;WedgePeerRedType
14:04:15.613;48.8872;2.31708;48.9111;2.24841;48.8634;2.38574;13;WedgePeerRedType
14:04:15.963;48.8713;2.3291;48.8952;2.26044;48.8474;2.39777;13;WedgePeerRedType
14:04:15.964;48.8712;2.32944;48.8951;2.26077;48.8473;2.3981;13;WedgePeerRedType
14:04:15.964;48.8712;2.32944;48.8951;2.26077;48.8473;2.3981;13;WedgePeerRedType
14:04:16.237;48.8647;2.32962;48.8885;2.26096;48.8408;2.39828;13;WedgePeerRedType
14:04:16.237;48.8647;2.32962;48.8885;2.26096;48.8408;2.39828;13;WedgePeerRedType
14:04:16.488;48.854;2.32413;48.8779;2.25546;48.8302;2.39279;13;WedgePeerRedType
14:04:16.489;48.854;2.32413;48.8779;2.25546;48.8302;2.39279;13;WedgePeerRedType
14:04:16.932;48.8498;2.32224;48.8736;2.25357;48.8259;2.3909;13;WedgePeerRedType
14:04:16.932;48.8498;2.32224;48.8736;2.25357;48.8259;2.3909;13;WedgePeerRedType
14:04:17.433;48.8491;2.3219;48.873;2.25323;48.8252;2.39056;13;WedgePeerRedType
14:04:17.434;48.8491;2.3219;48.873;2.25323;48.8252;2.39056;13;WedgePeerRedType
14:04:17.604;48.8428;2.32103;48.8666;2.25237;48.8189;2.38969;13;WedgePeerRedType
14:04:17.605;48.8428;2.32103;48.8666;2.25237;48.8189;2.38969;13;WedgePeerRedType
14:04:18.183;48.8352;2.32138;48.8591;2.25272;48.8113;2.39005;13;WedgePeerRedType
14:04:18.184;48.8352;2.32138;48.8591;2.25272;48.8113;2.39005;13;WedgePeerRedType
14:04:18.184;48.8327;2.32275;48.8566;2.25409;48.8088;2.39142;13;WedgePeerRedType
14:04:18.185;48.8327;2.32275;48.8566;2.25409;48.8088;2.39142;13;WedgePeerRedType
14:04:18.185;48.8319;2.32309;48.8558;2.25443;48.808;2.39175;13;WedgePeerRedType
14:04:22.927;48.8294;2.32257;48.8533;2.25391;48.8055;2.39122;13;WedgePeerRedType
14:04:22.927;48.8294;2.32257;48.8533;2.25391;48.8055;2.39122;13;WedgePeerRedType
14:04:23.599;48.8249;2.32155;48.8488;2.25288;48.801;2.39021;13;WedgePeerRedType
14:04:23.600;48.8249;2.32155;48.8488;2.25288;48.801;2.39021;13;WedgePeerRedType
14:04:23.600;48.82;2.32086;48.8439;2.2522;48.7961;2.38953;13;WedgePeerRedType
14:04:23.601;48.82;2.32086;48.8439;2.2522;48.7961;2.38953;13;WedgePeerRedType
14:04:23.601;48.8151;2.31915;48.839;2.25049;48.7911;2.38782;13;WedgePeerRedType
14:04:23.940;48.8085;2.31622;48.8324;2.24756;48.7846;2.38487;13;WedgePeerRedType
14:04:23.940;48.8085;2.31622;48.8324;2.24756;48.7846;2.38487;13;WedgePeerRedType
14:04:24.587;48.7999;2.3569;48.8238;2.28824;48.776;2.42555;13;WedgePeerRedType
14:04:24.588;48.7999;2.3569;48.8238;2.28824;48.776;2.42555;13;WedgePeerRedType
14:04:24.963;48.7998;2.35709;48.8237;2.28842;48.7759;2.42575;13;WedgePeerRedType
14:04:24.963;48.7998;2.35709;48.8237;2.28842;48.7759;2.42575;13;WedgePeerRedType
14:04:25.240;48.7799;2.35674;48.8038;2.28807;48.756;2.4254;13;WedgePeerRedType
14:04:25.240;48.7799;2.35674;48.8038;2.28807;48.756;2.4254;13;WedgePeerRedType
14:04:25.437;48.7784;2.35674;48.8023;2.28807;48.7545;2.4254;13;WedgePeerRedType
14:04:25.437;48.7784;2.35674;48.8023;2.28807;48.7545;2.4254;13;WedgePeerRedType
14:04:27.854;48.78;2.35674;48.8039;2.28807;48.7561;2.4254;13;WedgePeerRedType
14:04:27.855;48.78;2.35674;48.8039;2.28807;48.7561;2.4254;13;WedgePeerRedType
14:04:27.855;48.7866;2.35519;48.8105;2.28653;48.7626;2.42386;13;WedgePeerRedType
14:04:27.856;48.7866;2.35519;48.8105;2.28653;48.7626;2.42386;13;WedgePeerRedType
14:04:27.856;48.7927;2.35983;48.8166;2.29117;48.7687;2.4285;13;WedgePeerRedType
14:04:28.087;48.7946;2.36223;48.8185;2.29356;48.7707;2.43089;13;WedgePeerRedType
14:04:28.087;48.7946;2.36223;48.8185;2.29356;48.7707;2.43089;13;WedgePeerRedType
14:04:29.150;48.7703;2.36121;48.7942;2.29254;48.7463;2.42987;13;WedgePeerRedType
14:04:29.151;48.7703;2.36121;48.7942;2.29254;48.7463;2.42987;13;WedgePeerRedType
14:04:29.427;48.7677;2.36327;48.7916;2.2946;48.7437;2.43193;13;WedgePeerRedType
14:04:29.427;48.7677;2.36327;48.7916;2.2946;48.7437;2.43193;13;WedgePeerRedType
14:04:31.634;48.767;2.36292;48.7909;2.29425;48.7431;2.43158;13;WedgePeerRedType
14:04:31.634;48.767;2.36292;48.7909;2.29425;48.7431;2.43158;13;WedgePeerRedType
14:04:32.943;48.7538;2.35434;48.7777;2.28568;48.7298;2.423;13;WedgePeerRedType
14:04:32.944;48.7538;2.35434;48.7777;2.28568;48.7298;2.423;13;WedgePeerRedType
14:04:32.944;48.7525;2.3533;48.7764;2.28464;48.7286;2.42195;13;WedgePeerRedType
14:04:32.945;48.7525;2.3533;48.7764;2.28464;48.7286;2.42195;13;WedgePeerRedType
14:04:32.945;48.7467;2.35056;48.7707;2.28189;48.7228;2.41922;13;WedgePeerRedType
14:04:32.945;48.7467;2.35056;48.7707;2.28189;48.7228;2.41922;13;WedgePeerRedType
14:04:32.946;48.7457;2.35004;48.7696;2.28137;48.7218;2.4187;13;WedgePeerRedType
14:04:33.408;48.7631;2.35571;48.7871;2.28705;48.7392;2.42438;13;WedgePeerRedType
14:04:33.408;48.7631;2.35571;48.7871;2.28705;48.7392;2.42438;13;WedgePeerRedType
14:04:34.251;48.7945;2.37288;48.8184;2.30421;48.7706;2.44154;13;WedgePeerRedType
14:04:34.251;48.7945;2.37288;48.8184;2.30421;48.7706;2.44154;13;WedgePeerRedType
14:04:37.549;48.7549;2.34662;48.7788;2.27795;48.7309;2.41528;13;WedgePeerRedType
14:04:37.550;48.7549;2.34662;48.7788;2.27795;48.7309;2.41528;13;WedgePeerRedType
14:04:41.972;48.7543;2.34937;48.7783;2.2807;48.7304;2.41803;13;WedgePeerRedType
14:04:41.972;48.7543;2.34937;48.7783;2.2807;48.7304;2.41803;13;WedgePeerRedType
14:04:42.360;48.7538;2.35863;48.7777;2.28996;48.7298;2.42729;13;WedgePeerRedType
14:04:42.361;48.7538;2.35863;48.7777;2.28996;48.7298;2.42729;13;WedgePeerRedType
14:04:42.747;48.7531;2.37219;48.777;2.30353;48.7291;2.44086;13;WedgePeerRedType
14:04:42.748;48.7531;2.37219;48.777;2.30353;48.7291;2.44086;13;WedgePeerRedType
14:04:43.044;48.7525;2.38335;48.7764;2.31468;48.7286;2.45201;13;WedgePeerRedType
14:04:43.045;48.7525;2.38335;48.7764;2.31468;48.7286;2.45201;13;WedgePeerRedType
14:04:43.544;48.7525;2.39536;48.7764;2.32669;48.7286;2.46402;13;WedgePeerRedType
14:04:43.545;48.7525;2.39536;48.7764;2.32669;48.7286;2.46402;13;WedgePeerRedType
14:04:43.990;48.7527;2.39948;48.7767;2.33081;48.7288;2.46814;13;WedgePeerRedType
14:04:43.991;48.7527;2.39948;48.7767;2.33081;48.7288;2.46814;13;WedgePeerRedType
14:04:43.991;48.7527;2.40068;48.7767;2.33202;48.7288;2.46935;13;WedgePeerRedType
14:04:43.992;48.7527;2.40068;48.7767;2.33202;48.7288;2.46935;13;WedgePeerRedType
14:04:44.487;48.7526;2.40669;48.7766;2.33803;48.7287;2.47536;13;WedgePeerRedType
14:04:44.488;48.7526;2.40669;48.7766;2.33803;48.7287;2.47536;13;WedgePeerRedType
14:04:45.449;48.754;2.43913;48.7779;2.37047;48.73;2.50778;13;WedgePeerRedType
14:04:45.449;48.754;2.43913;48.7779;2.37047;48.73;2.50778;13;WedgePeerRedType
14:04:47.007;48.7531;2.44446;48.777;2.37579;48.7291;2.51312;13;WedgePeerRedType
14:04:47.007;48.7531;2.44446;48.777;2.37579;48.7291;2.51312;13;WedgePeerRedType
14:04:48.005;48.7538;2.48755;48.7777;2.41888;48.7298;2.55621;13;WedgePeerRedType
14:04:48.005;48.7538;2.48755;48.7777;2.41888;48.7298;2.55621;13;WedgePeerRedType
14:04:48.006;48.7538;2.48978;48.7777;2.42111;48.7298;2.55844;13;WedgePeerRedType
14:04:48.006;48.7538;2.48978;48.7777;2.42111;48.7298;2.55844;13;WedgePeerRedType
14:04:48.006;48.7536;2.49596;48.7776;2.42729;48.7297;2.56462;13;WedgePeerRedType
14:04:48.283;48.7549;2.53389;48.7788;2.46523;48.7309;2.60255;13;WedgePeerRedType
14:04:48.283;48.7549;2.53389;48.7788;2.46523;48.7309;2.60255;13;WedgePeerRedType
14:04:51.137;48.7547;2.53235;48.7786;2.46368;48.7307;2.60101;13;WedgePeerRedType
14:04:51.137;48.7547;2.53235;48.7786;2.46368;48.7307;2.60101;13;WedgePeerRedType
14:04:51.593;48.7553;2.49321;48.7793;2.42455;48.7314;2.56187;13;WedgePeerRedType
14:04:51.594;48.7553;2.49321;48.7793;2.42455;48.7314;2.56187;13;WedgePeerRedType
14:04:52.180;48.7547;2.45714;48.7786;2.38847;48.7307;2.5258;13;WedgePeerRedType
14:04:52.181;48.7547;2.45714;48.7786;2.38847;48.7307;2.5258;13;WedgePeerRedType
14:04:52.456;48.7546;2.44102;48.7785;2.37236;48.7306;2.50969;13;WedgePeerRedType
14:04:52.456;48.7546;2.44102;48.7785;2.37236;48.7306;2.50969;13;WedgePeerRedType
14:04:54.366;48.7546;2.43759;48.7785;2.36893;48.7306;2.50626;13;WedgePeerRedType
14:04:54.367;48.7546;2.43759;48.7785;2.36893;48.7306;2.50626;13;WedgePeerRedType
14:04:54.886;48.7551;2.42627;48.779;2.3576;48.7312;2.49493;13;WedgePeerRedType
14:04:54.886;48.7551;2.42627;48.779;2.3576;48.7312;2.49493;13;WedgePeerRedType
14:04:55.282;48.7555;2.42163;48.7794;2.35297;48.7315;2.4903;13;WedgePeerRedType
14:04:55.283;48.7555;2.42163;48.7794;2.35297;48.7315;2.4903;13;WedgePeerRedType
14:04:55.776;48.7559;2.38489;48.7798;2.31622;48.732;2.45355;13;WedgePeerRedType
14:04:55.776;48.7559;2.38489;48.7798;2.31622;48.732;2.45355;13;WedgePeerRedType
14:04:58.470;48.7559;2.38489;48.7798;2.31622;48.732;2.45355;13;WedgePeerRedType
14:04:58.879;48.7559;2.38472;48.7798;2.31606;48.732;2.45338;13;WedgePeerRedType
14:04:58.879;48.7559;2.38472;48.7798;2.31606;48.732;2.45338;13;WedgePeerRedType
14:04:59.688;48.755;2.38387;48.7789;2.3152;48.7311;2.45253;13;WedgePeerRedType
14:04:59.688;48.755;2.38387;48.7789;2.3152;48.7311;2.45253;13;WedgePeerRedType
14:04:59.892;48.755;2.38387;48.7789;2.3152;48.7311;2.45253;13;WedgePeerRedType
14:04:59.893;48.755;2.38387;48.7789;2.3152;48.7311;2.45253;13;WedgePeerRedType
14:05:04.430;48.7557;2.38403;48.7796;2.31537;48.7318;2.4527;13;WedgePeerRedType
14:05:04.430;48.7557;2.38403;48.7796;2.31537;48.7318;2.4527;13;WedgePeerRedType
14:05:05.373;48.7582;2.42232;48.7821;2.35365;48.7342;2.49098;13;WedgePeerRedType
14:05:05.374;48.7582;2.42232;48.7821;2.35365;48.7342;2.49098;13;WedgePeerRedType
14:05:06.987;48.7592;2.42729;48.7831;2.35863;48.7353;2.49596;13;WedgePeerRedType
14:05:08.332;48.7598;2.42369;48.7837;2.35503;48.7358;2.49236;13;WedgePeerRedType
14:05:08.332;48.7598;2.42369;48.7837;2.35503;48.7358;2.49236;13;WedgePeerRedType
14:05:13.314;48.761;2.38969;48.7849;2.32103;48.7371;2.45834;13;WedgePeerRedType
14:05:13.315;48.761;2.38969;48.7849;2.32103;48.7371;2.45834;13;WedgePeerRedType
14:05:15.226;48.7704;2.4151;48.7943;2.34644;48.7465;2.48376;13;WedgePeerRedType
14:05:15.226;48.7704;2.4151;48.7943;2.34644;48.7465;2.48376;13;WedgePeerRedType
14:05:21.167;48.7738;2.46402;48.7977;2.39536;48.7499;2.53267;13;WedgePeerRedType
14:05:21.167;48.7736;2.46558;48.7975;2.39691;48.7496;2.53424;13;WedgePeerRedType
14:05:21.168;48.7736;2.46558;48.7975;2.39691;48.7496;2.53424;13;WedgePeerRedType
14:05:21.168;48.7736;2.46609;48.7975;2.39743;48.7496;2.53476;13;WedgePeerRedType
14:05:21.406;48.7746;2.51656;48.7985;2.44789;48.7506;2.58522;13;WedgePeerRedType
14:05:21.406;48.7746;2.51656;48.7985;2.44789;48.7506;2.58522;13;WedgePeerRedType
14:05:21.407;48.7747;2.51895;48.7986;2.45029;48.7508;2.5876;13;WedgePeerRedType
14:05:21.407;48.7747;2.51895;48.7986;2.45029;48.7508;2.5876;13;WedgePeerRedType
14:05:21.407;48.7747;2.51965;48.7986;2.45099;48.7508;2.58832;13;WedgePeerRedType
14:05:23.706;48.7695;2.60068;48.7934;2.53201;48.7456;2.66934;13;WedgePeerRedType
14:05:23.707;48.7695;2.60068;48.7934;2.53201;48.7456;2.66934;13;WedgePeerRedType
14:05:24.161;48.7671;2.63655;48.791;2.56789;48.7432;2.70522;13;WedgePeerRedType
14:05:24.161;48.7671;2.63655;48.791;2.56789;48.7432;2.70522;13;WedgePeerRedType
14:05:24.664;48.7643;2.65732;48.7882;2.58865;48.7403;2.72598;13;WedgePeerRedType
14:05:24.664;48.7643;2.65732;48.7882;2.58865;48.7403;2.72598;13;WedgePeerRedType
14:05:25.189;48.7642;2.67484;48.7881;2.60617;48.7402;2.7435;13;WedgePeerRedType
14:05:25.189;48.7642;2.67484;48.7881;2.60617;48.7402;2.7435;13;WedgePeerRedType
14:05:26.123;48.7557;2.75224;48.7796;2.68358;48.7318;2.82089;13;WedgePeerRedType
14:05:26.123;48.7557;2.75224;48.7796;2.68358;48.7318;2.82089;13;WedgePeerRedType
14:05:28.943;48.7557;2.75224;48.7796;2.68358;48.7318;2.82089;13;WedgePeerRedType
14:05:28.944;48.7557;2.75224;48.7796;2.68358;48.7318;2.82089;13;WedgePeerRedType
14:05:28.944;48.7557;2.75224;48.7796;2.68358;48.7318;2.82089;13;WedgePeerRedType
14:05:28.945;48.7557;2.75224;48.7796;2.68358;48.7318;2.82089;13;WedgePeerRedType
14:05:31.291;48.7557;2.75224;48.7796;2.68358;48.7318;2.82089;13;WedgePeerRedType
14:05:31.292;48.7557;2.75224;48.7796;2.68358;48.7318;2.82089;13;WedgePeerRedType
14:05:31.774;48.7557;2.75053;48.7796;2.68187;48.7318;2.8192;13;WedgePeerRedType
14:05:31.775;48.7557;2.75053;48.7796;2.68187;48.7318;2.8192;13;WedgePeerRedType
14:05:32.131;48.7576;2.73354;48.7815;2.66487;48.7337;2.8022;13;WedgePeerRedType
14:05:32.132;48.7576;2.73354;48.7815;2.66487;48.7337;2.8022;13;WedgePeerRedType
14:05:32.956;48.7551;2.67517;48.779;2.60651;48.7312;2.74384;13;WedgePeerRedType
14:05:32.956;48.7551;2.67517;48.779;2.60651;48.7312;2.74384;13;WedgePeerRedType
14:05:34.370;48.7551;2.67517;48.779;2.60651;48.7312;2.74384;13;WedgePeerRedType
14:05:34.370;48.7551;2.67517;48.779;2.60651;48.7312;2.74384;13;WedgePeerRedType
14:05:35.887;48.7551;2.67517;48.779;2.60651;48.7312;2.74384;13;WedgePeerRedType
14:05:35.887;48.7551;2.67517;48.779;2.60651;48.7312;2.74384;13;WedgePeerRedType
14:05:37.768;48.7551;2.67517;48.779;2.60651;48.7312;2.74384;13;WedgePeerRedType
14:05:37.769;48.7551;2.67517;48.779;2.60651;48.7312;2.74384;13;WedgePeerRedType
14:05:37.769;48.7551;2.67517;48.779;2.60651;48.7312;2.74384;13;WedgePeerRedType
14:05:37.769;48.7551;2.67517;48.779;2.60651;48.7312;2.74384;13;WedgePeerRedType
14:05:37.770;48.7551;2.67517;48.779;2.60651;48.7312;2.74384;13;WedgePeerRedType
14:05:39.744;48.7551;2.67517;48.779;2.60651;48.7312;2.74384;13;WedgePeerRedType
14:05:39.745;48.7551;2.67517;48.779;2.60651;48.7312;2.74384;13;WedgePeerRedType
14:05:41.799;48.7551;2.67517;48.779;2.60651;48.7312;2.74384;13;WedgePeerRedType
14:05:41.799;48.7551;2.67517;48.779;2.60651;48.7312;2.74384;13;WedgePeerRedType
14:05:43.104;48.7551;2.67517;48.779;2.60651;48.7312;2.74384;13;WedgePeerRedType
14:05:43.104;48.7551;2.67517;48.779;2.60651;48.7312;2.74384;13;WedgePeerRedType
14:05:44.488;48.7551;2.67517;48.779;2.60651;48.7312;2.74384;13;WedgePeerRedType
14:05:44.489;48.7551;2.67517;48.779;2.60651;48.7312;2.74384;13;WedgePeerRedType
14:05:46.284;48.7551;2.67517;48.779;2.60651;48.7312;2.74384;13;WedgePeerRedType
14:05:46.285;48.7551;2.67517;48.779;2.60651;48.7312;2.74384;13;WedgePeerRedType
14:05:48.111;48.7551;2.67517;48.779;2.60651;48.7312;2.74384;13;WedgePeerRedType
14:05:48.112;48.7551;2.67517;48.779;2.60651;48.7312;2.74384;13;WedgePeerRedType
14:05:49.394;48.7551;2.67517;48.779;2.60651;48.7312;2.74384;13;WedgePeerRedType
14:05:49.395;48.7551;2.67517;48.779;2.60651;48.7312;2.74384;13;WedgePeerRedType
14:05:50.611;48.7551;2.67517;48.779;2.60651;48.7312;2.74384;13;WedgePeerRedType
14:05:50.612;48.7551;2.67517;48.779;2.60651;48.7312;2.74384;13;WedgePeerRedType
14:05:52.073;48.7551;2.67517;48.779;2.60651;48.7312;2.74384;13;WedgePeerRedType
14:05:52.073;48.7551;2.67517;48.779;2.60651;48.7312;2.74384;13;WedgePeerRedType
14:05:52.074;48.7551;2.67517;48.779;2.60651;48.7312;2.74384;13;WedgePeerRedType
14:05:52.074;48.7551;2.67517;48.779;2.60651;48.7312;2.74384;13;WedgePeerRedType
14:05:52.074;48.7551;2.67517;48.779;2.60651;48.7312;2.74384;13;WedgePeerRedType
14:05:54.088;48.7551;2.67517;48.779;2.60651;48.7312;2.74384;13;WedgePeerRedType
14:05:54.088;48.7551;2.67517;48.779;2.60651;48.7312;2.74384;13;WedgePeerRedType
14:05:55.440;48.7551;2.67517;48.779;2.60651;48.7312;2.74384;13;WedgePeerRedType
14:05:55.441;48.7551;2.67517;48.779;2.60651;48.7312;2.74384;13;WedgePeerRedType
14:05:56.900;48.7551;2.67517;48.779;2.60651;48.7312;2.74384;13;WedgePeerRedType
14:05:56.901;48.7551;2.67517;48.779;2.60651;48.7312;2.74384;13;WedgePeerRedType
14:05:58.213;48.7551;2.67517;48.779;2.60651;48.7312;2.74384;13;WedgePeerRedType
14:05:58.214;48.7551;2.67517;48.779;2.60651;48.7312;2.74384;13;WedgePeerRedType
14:05:58.214;48.7551;2.67517;48.779;2.60651;48.7312;2.74384;13;WedgePeerRedType
14:05:58.215;48.7551;2.67517;48.779;2.60651;48.7312;2.74384;13;WedgePeerRedType
14:05:58.215;48.7551;2.67517;48.779;2.60651;48.7312;2.74384;13;WedgePeerRedType
14:06:00.267;48.7551;2.67517;48.779;2.60651;48.7312;2.74384;13;WedgePeerRedType
14:06:00.268;48.7551;2.67517;48.779;2.60651;48.7312;2.74384;13;WedgePeerRedType
14:06:00.268;48.7551;2.67517;48.779;2.60651;48.7312;2.74384;13;WedgePeerRedType
14:06:00.269;48.7551;2.67517;48.779;2.60651;48.7312;2.74384;13;WedgePeerRedType
14:06:00.269;48.7551;2.67517;48.779;2.60651;48.7312;2.74384;13;WedgePeerRedType
14:06:02.292;48.7551;2.67517;48.779;2.60651;48.7312;2.74384;13;WedgePeerRedType
14:06:02.293;48.7551;2.67517;48.779;2.60651;48.7312;2.74384;13;WedgePeerRedType
14:06:04.645;48.7551;2.67517;48.779;2.60651;48.7312;2.74384;13;WedgePeerRedType
14:06:04.645;48.7551;2.67517;48.779;2.60651;48.7312;2.74384;13;WedgePeerRedType
14:06:06.377;48.7551;2.67517;48.779;2.60651;48.7312;2.74384;13;WedgePeerRedType
14:06:06.378;48.7551;2.67517;48.779;2.60651;48.7312;2.74384;13;WedgePeerRedType
14:06:07.816;48.7551;2.67517;48.779;2.60651;48.7312;2.74384;13;WedgePeerRedType
14:06:07.816;48.7551;2.67517;48.779;2.60651;48.7312;2.74384;13;WedgePeerRedType
14:06:09.361;48.7551;2.67517;48.779;2.60651;48.7312;2.74384;13;WedgePeerRedType
14:06:09.362;48.7551;2.67517;48.779;2.60651;48.7312;2.74384;13;WedgePeerRedType
14:06:10.884;48.7551;2.67517;48.779;2.60651;48.7312;2.74384;13;WedgePeerRedType
14:06:10.885;48.7551;2.67517;48.779;2.60651;48.7312;2.74384;13;WedgePeerRedType
14:06:13.384;48.7551;2.67517;48.779;2.60651;48.7312;2.74384;13;WedgePeerRedType
14:06:13.385;48.7551;2.67517;48.779;2.60651;48.7312;2.74384;13;WedgePeerRedType
14:06:14.706;48.7551;2.67517;48.779;2.60651;48.7312;2.74384;13;WedgePeerRedType
14:06:14.707;48.7551;2.67517;48.779;2.60651;48.7312;2.74384;13;WedgePeerRedType
14:06:16.576;48.7551;2.67517;48.779;2.60651;48.7312;2.74384;13;WedgePeerRedType
14:06:16.577;48.7551;2.67517;48.779;2.60651;48.7312;2.74384;13;WedgePeerRedType
14:06:17.886;48.7551;2.67517;48.779;2.60651;48.7312;2.74384;13;WedgePeerRedType
14:06:17.886;48.7551;2.67517;48.779;2.60651;48.7312;2.74384;13;WedgePeerRedType
14:06:19.853;48.7551;2.67517;48.779;2.60651;48.7312;2.74384;13;WedgePeerRedType
14:06:19.854;48.7551;2.67517;48.779;2.60651;48.7312;2.74384;13;WedgePeerRedType
14:06:21.066;48.7551;2.67517;48.779;2.60651;48.7312;2.74384;13;WedgePeerRedType
14:06:21.067;48.7551;2.67517;48.779;2.60651;48.7312;2.74384;13;WedgePeerRedType
14:06:22.736;48.7551;2.67517;48.779;2.60651;48.7312;2.74384;13;WedgePeerRedType
14:06:22.737;48.7551;2.67517;48.779;2.60651;48.7312;2.74384;13;WedgePeerRedType
14:06:24.495;48.7551;2.67517;48.779;2.60651;48.7312;2.74384;13;WedgePeerRedType
14:06:24.495;48.7551;2.67517;48.779;2.60651;48.7312;2.74384;13;WedgePeerRedType
14:06:24.496;48.7551;2.67517;48.779;2.60651;48.7312;2.74384;13;WedgePeerRedType
14:06:24.496;48.7551;2.67517;48.779;2.60651;48.7312;2.74384;13;WedgePeerRedType
14:06:24.497;48.7551;2.67517;48.779;2.60651;48.7312;2.74384;13;WedgePeerRedType
14:06:26.487;48.7551;2.67517;48.779;2.60651;48.7312;2.74384;13;WedgePeerRedType
14:06:26.487;48.7551;2.67517;48.779;2.60651;48.7312;2.74384;13;WedgePeerRedType
14:06:27.747;48.7551;2.67517;48.779;2.60651;48.7312;2.74384;13;WedgePeerRedType
14:06:27.747;48.7551;2.67517;48.779;2.60651;48.7312;2.74384;13;WedgePeerRedType
14:06:29.290;48.7551;2.67517;48.779;2.60651;48.7312;2.74384;13;WedgePeerRedType
14:06:29.291;48.7551;2.67517;48.779;2.60651;48.7312;2.74384;13;WedgePeerRedType
14:06:31.183;48.7551;2.67517;48.779;2.60651;48.7312;2.74384;13;WedgePeerRedType
14:06:31.184;48.7551;2.67517;48.779;2.60651;48.7312;2.74384;13;WedgePeerRedType
14:06:31.184;48.7551;2.67517;48.779;2.60651;48.7312;2.74384;13;WedgePeerRedType
14:06:31.185;48.7551;2.67517;48.779;2.60651;48.7312;2.74384;13;WedgePeerRedType
14:06:31.185;48.7551;2.67517;48.779;2.60651;48.7312;2.74384;13;WedgePeerRedType
14:06:33.072;48.7551;2.67517;48.779;2.60651;48.7312;2.74384;13;WedgePeerRedType
14:06:33.073;48.7551;2.67517;48.779;2.60651;48.7312;2.74384;13;WedgePeerRedType
14:06:34.394;48.7551;2.67517;48.779;2.60651;48.7312;2.74384;13;WedgePeerRedType
14:06:34.395;48.7551;2.67517;48.779;2.60651;48.7312;2.74384;13;WedgePeerRedType
14:06:34.395;48.7551;2.67517;48.779;2.60651;48.7312;2.74384;13;WedgePeerRedType
14:06:34.395;48.7551;2.67517;48.779;2.60651;48.7312;2.74384;13;WedgePeerRedType
14:06:34.396;48.7551;2.67517;48.779;2.60651;48.7312;2.74384;13;WedgePeerRedType
14:06:37.371;48.7551;2.67517;48.779;2.60651;48.7312;2.74384;13;WedgePeerRedType
14:06:37.372;48.7551;2.67517;48.779;2.60651;48.7312;2.74384;13;WedgePeerRedType
14:06:39.607;48.7551;2.67517;48.779;2.60651;48.7312;2.74384;13;WedgePeerRedType
14:06:39.608;48.7551;2.67517;48.779;2.60651;48.7312;2.74384;13;WedgePeerRedType
14:06:40.970;48.7551;2.67517;48.779;2.60651;48.7312;2.74384;13;WedgePeerRedType
14:06:40.970;48.7551;2.67517;48.779;2.60651;48.7312;2.74384;13;WedgePeerRedType
14:06:42.306;48.7551;2.67517;48.779;2.60651;48.7312;2.74384;13;WedgePeerRedType
14:06:42.307;48.7551;2.67517;48.779;2.60651;48.7312;2.74384;13;WedgePeerRedType
14:06:44.470;48.7551;2.67517;48.779;2.60651;48.7312;2.74384;13;WedgePeerRedType
14:06:44.470;48.7551;2.67517;48.779;2.60651;48.7312;2.74384;13;WedgePeerRedType
14:06:46.486;48.7551;2.67517;48.779;2.60651;48.7312;2.74384;13;WedgePeerRedType
14:06:46.486;48.7551;2.67517;48.779;2.60651;48.7312;2.74384;13;WedgePeerRedType
14:06:48.081;48.7551;2.67517;48.779;2.60651;48.7312;2.74384;13;WedgePeerRedType
14:06:48.081;48.7551;2.67517;48.779;2.60651;48.7312;2.74384;13;WedgePeerRedType
14:06:49.720;48.7551;2.67517;48.779;2.60651;48.7312;2.74384;13;WedgePeerRedType
14:06:49.721;48.7551;2.67517;48.779;2.60651;48.7312;2.74384;13;WedgePeerRedType
14:06:51.228;48.7551;2.67517;48.779;2.60651;48.7312;2.74384;13;WedgePeerRedType
14:06:51.228;48.7551;2.67517;48.779;2.60651;48.7312;2.74384;13;WedgePeerRedType
14:06:53.579;48.7551;2.67517;48.779;2.60651;48.7312;2.74384;13;WedgePeerRedType
14:06:53.580;48.7551;2.67517;48.779;2.60651;48.7312;2.74384;13;WedgePeerRedType
14:06:55.137;48.7551;2.67517;48.779;2.60651;48.7312;2.74384;13;WedgePeerRedType
14:06:55.137;48.7551;2.67517;48.779;2.60651;48.7312;2.74384;13;WedgePeerRedType
14:06:55.138;48.7551;2.67517;48.779;2.60651;48.7312;2.74384;13;WedgePeerRedType
14:06:55.138;48.7551;2.67517;48.779;2.60651;48.7312;2.74384;13;WedgePeerRedType
14:06:55.139;48.7551;2.67517;48.779;2.60651;48.7312;2.74384;13;WedgePeerRedType
14:06:57.837;48.7551;2.67517;48.779;2.60651;48.7312;2.74384;13;WedgePeerRedType
14:06:57.838;48.7551;2.67517;48.779;2.60651;48.7312;2.74384;13;WedgePeerRedType
14:06:59.478;48.7551;2.67517;48.779;2.60651;48.7312;2.74384;13;WedgePeerRedType
14:06:59.479;48.7551;2.67517;48.779;2.60651;48.7312;2.74384;13;WedgePeerRedType
14:06:59.479;48.7551;2.67517;48.779;2.60651;48.7312;2.74384;13;WedgePeerRedType
14:06:59.480;48.7551;2.67517;48.779;2.60651;48.7312;2.74384;13;WedgePeerRedType
14:06:59.480;48.7551;2.67517;48.779;2.60651;48.7312;2.74384;13;WedgePeerRedType
14:07:01.713;48.7551;2.67517;48.779;2.60651;48.7312;2.74384;13;WedgePeerRedType
14:07:01.714;48.7551;2.67517;48.779;2.60651;48.7312;2.74384;13;WedgePeerRedType
14:07:01.714;48.7551;2.67517;48.779;2.60651;48.7312;2.74384;13;WedgePeerRedType
14:07:01.714;48.7551;2.67517;48.779;2.60651;48.7312;2.74384;13;WedgePeerRedType
14:07:01.715;48.7551;2.67517;48.779;2.60651;48.7312;2.74384;13;WedgePeerRedType
14:07:03.922;48.7551;2.67517;48.779;2.60651;48.7312;2.74384;13;WedgePeerRedType
14:07:03.923;48.7551;2.67517;48.779;2.60651;48.7312;2.74384;13;WedgePeerRedType
14:07:05.228;48.7551;2.67517;48.779;2.60651;48.7312;2.74384;13;WedgePeerRedType
14:07:05.229;48.7551;2.67517;48.779;2.60651;48.7312;2.74384;13;WedgePeerRedType
14:07:06.658;48.7551;2.67517;48.779;2.60651;48.7312;2.74384;13;WedgePeerRedType
14:07:06.659;48.7551;2.67517;48.779;2.60651;48.7312;2.74384;13;WedgePeerRedType
14:07:08.329;48.7551;2.67517;48.779;2.60651;48.7312;2.74384;13;WedgePeerRedType
14:07:08.329;48.7551;2.67517;48.779;2.60651;48.7312;2.74384;13;WedgePeerRedType
14:07:09.917;48.7551;2.67517;48.779;2.60651;48.7312;2.74384;13;WedgePeerRedType
14:07:09.918;48.7551;2.67517;48.779;2.60651;48.7312;2.74384;13;WedgePeerRedType
14:07:09.918;48.7551;2.67517;48.779;2.60651;48.7312;2.74384;13;WedgePeerRedType
14:07:09.918;48.7551;2.67517;48.779;2.60651;48.7312;2.74384;13;WedgePeerRedType
14:07:09.919;48.7551;2.67517;48.779;2.60651;48.7312;2.74384;13;WedgePeerRedType
14:07:12.709;48.7551;2.67517;48.779;2.60651;48.7312;2.74384;13;WedgePeerRedType
14:07:12.709;48.7551;2.67517;48.779;2.60651;48.7312;2.74384;13;WedgePeerRedType
14:07:14.774;48.7551;2.67517;48.779;2.60651;48.7312;2.74384;13;WedgePeerRedType
14:07:14.774;48.7551;2.67517;48.779;2.60651;48.7312;2.74384;13;WedgePeerRedType
14:07:16.375;48.7551;2.67517;48.779;2.60651;48.7312;2.74384;13;WedgePeerRedType
14:07:16.376;48.7551;2.67517;48.779;2.60651;48.7312;2.74384;13;WedgePeerRedType
14:07:17.829;48.7551;2.67517;48.779;2.60651;48.7312;2.74384;13;WedgePeerRedType
14:07:17.830;48.7551;2.67517;48.779;2.60651;48.7312;2.74384;13;WedgePeerRedType
14:07:19.252;48.7551;2.67517;48.779;2.60651;48.7312;2.74384;13;WedgePeerRedType
14:07:19.253;48.7551;2.67517;48.779;2.60651;48.7312;2.74384;13;WedgePeerRedType
14:07:19.253;48.7551;2.67517;48.779;2.60651;48.7312;2.74384;13;WedgePeerRedType
14:07:19.254;48.7551;2.67517;48.779;2.60651;48.7312;2.74384;13;WedgePeerRedType
14:07:19.254;48.7551;2.67517;48.779;2.60651;48.7312;2.74384;13;WedgePeerRedType
14:07:21.362;48.7551;2.67517;48.779;2.60651;48.7312;2.74384;13;WedgePeerRedType
14:07:21.363;48.7551;2.67517;48.779;2.60651;48.7312;2.74384;13;WedgePeerRedType
14:07:21.363;48.7551;2.67517;48.779;2.60651;48.7312;2.74384;13;WedgePeerRedType
14:07:21.364;48.7551;2.67517;48.779;2.60651;48.7312;2.74384;13;WedgePeerRedType
14:07:21.364;48.7551;2.67517;48.779;2.60651;48.7312;2.74384;13;WedgePeerRedType
14:07:23.313;48.7551;2.67517;48.779;2.60651;48.7312;2.74384;13;WedgePeerRedType
14:07:23.314;48.7551;2.67517;48.779;2.60651;48.7312;2.74384;13;WedgePeerRedType
14:07:25.057;48.7551;2.67517;48.779;2.60651;48.7312;2.74384;13;WedgePeerRedType
14:07:25.057;48.7551;2.67517;48.779;2.60651;48.7312;2.74384;13;WedgePeerRedType
14:07:26.594;48.7551;2.67517;48.779;2.60651;48.7312;2.74384;13;WedgePeerRedType
14:07:26.595;48.7551;2.67517;48.779;2.60651;48.7312;2.74384;13;WedgePeerRedType
14:07:28.134;48.7551;2.67517;48.779;2.60651;48.7312;2.74384;13;WedgePeerRedType
14:07:28.134;48.7551;2.67517;48.779;2.60651;48.7312;2.74384;13;WedgePeerRedType
14:07:29.675;48.7551;2.67517;48.779;2.60651;48.7312;2.74384;13;WedgePeerRedType
14:07:29.675;48.7551;2.67517;48.779;2.60651;48.7312;2.74384;13;WedgePeerRedType
14:07:29.676;48.7551;2.67517;48.779;2.60651;48.7312;2.74384;13;WedgePeerRedType
14:07:29.676;48.7551;2.67517;48.779;2.60651;48.7312;2.74384;13;WedgePeerRedType
14:07:29.676;48.7551;2.67517;48.779;2.60651;48.7312;2.74384;13;WedgePeerRedType
14:07:31.654;48.7551;2.67517;48.779;2.60651;48.7312;2.74384;13;WedgePeerRedType
14:07:31.654;48.7551;2.67517;48.779;2.60651;48.7312;2.74384;13;WedgePeerRedType
14:07:32.969;48.7551;2.67517;48.779;2.60651;48.7312;2.74384;13;WedgePeerRedType
14:07:32.970;48.7551;2.67517;48.779;2.60651;48.7312;2.74384;13;WedgePeerRedType
14:07:34.376;48.7551;2.67517;48.779;2.60651;48.7312;2.74384;13;WedgePeerRedType
14:07:34.393;48.7551;2.67517;48.779;2.60651;48.7312;2.74384;13;WedgePeerRedType
14:07:36.399;48.7551;2.67517;48.779;2.60651;48.7312;2.74384;13;WedgePeerRedType
14:07:36.399;48.7551;2.67517;48.779;2.60651;48.7312;2.74384;13;WedgePeerRedType
14:07:38.328;48.7551;2.67517;48.779;2.60651;48.7312;2.74384;13;WedgePeerRedType
14:07:38.329;48.7551;2.67517;48.779;2.60651;48.7312;2.74384;13;WedgePeerRedType
14:07:39.836;48.7551;2.67517;48.779;2.60651;48.7312;2.74384;13;WedgePeerRedType
14:07:39.837;48.7551;2.67517;48.779;2.60651;48.7312;2.74384;13;WedgePeerRedType
14:07:41.282;48.7551;2.67517;48.779;2.60651;48.7312;2.74384;13;WedgePeerRedType
14:07:41.283;48.7551;2.67517;48.779;2.60651;48.7312;2.74384;13;WedgePeerRedType
14:07:42.609;48.7551;2.67517;48.779;2.60651;48.7312;2.74384;13;WedgePeerRedType
14:07:42.610;48.7551;2.67517;48.779;2.60651;48.7312;2.74384;13;WedgePeerRedType
14:07:43.948;48.7551;2.67517;48.779;2.60651;48.7312;2.74384;13;WedgePeerRedType
14:07:43.949;48.7551;2.67517;48.779;2.60651;48.7312;2.74384;13;WedgePeerRedType
14:07:45.784;48.7551;2.67517;48.779;2.60651;48.7312;2.74384;13;WedgePeerRedType
14:07:45.785;48.7551;2.67517;48.779;2.60651;48.7312;2.74384;13;WedgePeerRedType
14:07:45.785;48.7551;2.67517;48.779;2.60651;48.7312;2.74384;13;WedgePeerRedType
14:07:45.786;48.7551;2.67517;48.779;2.60651;48.7312;2.74384;13;WedgePeerRedType
14:07:45.786;48.7551;2.67517;48.779;2.60651;48.7312;2.74384;13;WedgePeerRedType
14:07:47.961;48.7551;2.67517;48.779;2.60651;48.7312;2.74384;13;WedgePeerRedType
14:07:47.961;48.7551;2.67517;48.779;2.60651;48.7312;2.74384;13;WedgePeerRedType
14:07:49.875;48.7551;2.67517;48.779;2.60651;48.7312;2.74384;13;WedgePeerRedType
14:07:49.875;48.7551;2.67517;48.779;2.60651;48.7312;2.74384;13;WedgePeerRedType
14:07:51.229;48.7551;2.67517;48.779;2.60651;48.7312;2.74384;13;WedgePeerRedType
14:07:51.229;48.7551;2.67517;48.779;2.60651;48.7312;2.74384;13;WedgePeerRedType
14:07:52.557;48.7551;2.67517;48.779;2.60651;48.7312;2.74384;13;WedgePeerRedType
14:07:52.557;48.7551;2.67517;48.779;2.60651;48.7312;2.74384;13;WedgePeerRedType
14:07:53.884;48.7551;2.67517;48.779;2.60651;48.7312;2.74384;13;WedgePeerRedType
14:07:53.885;48.7551;2.67517;48.779;2.60651;48.7312;2.74384;13;WedgePeerRedType
14:07:53.885;48.7551;2.67517;48.779;2.60651;48.7312;2.74384;13;WedgePeerRedType
14:07:53.885;48.7551;2.67517;48.779;2.60651;48.7312;2.74384;13;WedgePeerRedType
14:07:53.886;48.7551;2.67517;48.779;2.60651;48.7312;2.74384;13;WedgePeerRedType
14:07:55.799;48.7551;2.67517;48.779;2.60651;48.7312;2.74384;13;WedgePeerRedType
14:07:55.800;48.7551;2.67517;48.779;2.60651;48.7312;2.74384;13;WedgePeerRedType
14:07:55.800;48.7551;2.67517;48.779;2.60651;48.7312;2.74384;13;WedgePeerRedType
14:07:55.800;48.7551;2.67517;48.779;2.60651;48.7312;2.74384;13;WedgePeerRedType
14:07:55.801;48.7551;2.67517;48.779;2.60651;48.7312;2.74384;13;WedgePeerRedType
14:07:58.345;48.7551;2.67517;48.779;2.60651;48.7312;2.74384;13;WedgePeerRedType
14:07:58.346;48.7551;2.67517;48.779;2.60651;48.7312;2.74384;13;WedgePeerRedType
14:07:58.346;48.7551;2.67517;48.779;2.60651;48.7312;2.74384;13;WedgePeerRedType
14:07:58.346;48.7551;2.67517;48.779;2.60651;48.7312;2.74384;13;WedgePeerRedType
14:07:58.347;48.7551;2.67517;48.779;2.60651;48.7312;2.74384;13;WedgePeerRedType
14:08:00.532;48.7551;2.67517;48.779;2.60651;48.7312;2.74384;13;WedgePeerRedType
14:08:00.532;48.7551;2.67517;48.779;2.60651;48.7312;2.74384;13;WedgePeerRedType
14:08:01.957;48.7551;2.67517;48.779;2.60651;48.7312;2.74384;13;WedgePeerRedType
14:08:01.957;48.7551;2.67517;48.779;2.60651;48.7312;2.74384;13;WedgePeerRedType
14:08:03.424;48.7551;2.67517;48.779;2.60651;48.7312;2.74384;13;WedgePeerRedType
14:08:03.425;48.7551;2.67517;48.779;2.60651;48.7312;2.74384;13;WedgePeerRedType
14:08:05.485;48.7551;2.67517;48.779;2.60651;48.7312;2.74384;13;WedgePeerRedType
14:08:05.486;48.7551;2.67517;48.779;2.60651;48.7312;2.74384;13;WedgePeerRedType
14:08:07.352;48.7551;2.67517;48.779;2.60651;48.7312;2.74384;13;WedgePeerRedType
14:08:07.352;48.7551;2.67517;48.779;2.60651;48.7312;2.74384;13;WedgePeerRedType
14:08:08.726;48.7551;2.67517;48.779;2.60651;48.7312;2.74384;13;WedgePeerRedType
14:08:08.727;48.7551;2.67517;48.779;2.60651;48.7312;2.74384;13;WedgePeerRedType
14:08:10.026;48.7551;2.67517;48.779;2.60651;48.7312;2.74384;13;WedgePeerRedType
14:08:10.027;48.7551;2.67517;48.779;2.60651;48.7312;2.74384;13;WedgePeerRedType
14:08:10.027;48.7551;2.67517;48.779;2.60651;48.7312;2.74384;13;WedgePeerRedType
14:08:10.027;48.7551;2.67517;48.779;2.60651;48.7312;2.74384;13;WedgePeerRedType
14:08:10.028;48.7551;2.67517;48.779;2.60651;48.7312;2.74384;13;WedgePeerRedType
14:08:12.113;48.7551;2.67517;48.779;2.60651;48.7312;2.74384;13;WedgePeerRedType
14:08:12.113;48.7551;2.67517;48.779;2.60651;48.7312;2.74384;13;WedgePeerRedType
14:08:12.114;48.7551;2.67517;48.779;2.60651;48.7312;2.74384;13;WedgePeerRedType
14:08:12.114;48.7551;2.67517;48.779;2.60651;48.7312;2.74384;13;WedgePeerRedType
14:08:12.115;48.7551;2.67517;48.779;2.60651;48.7312;2.74384;13;WedgePeerRedType
14:08:14.159;48.7551;2.67517;48.779;2.60651;48.7312;2.74384;13;WedgePeerRedType
14:08:14.160;48.7551;2.67517;48.779;2.60651;48.7312;2.74384;13;WedgePeerRedType
14:08:16.032;48.7551;2.67517;48.779;2.60651;48.7312;2.74384;13;WedgePeerRedType
14:08:16.032;48.7551;2.67517;48.779;2.60651;48.7312;2.74384;13;WedgePeerRedType
14:08:17.562;48.7551;2.67517;48.779;2.60651;48.7312;2.74384;13;WedgePeerRedType
14:08:17.562;48.7551;2.67517;48.779;2.60651;48.7312;2.74384;13;WedgePeerRedType
14:08:18.933;48.7551;2.67517;48.779;2.60651;48.7312;2.74384;13;WedgePeerRedType
14:08:18.934;48.7551;2.67517;48.779;2.60651;48.7312;2.74384;13;WedgePeerRedType
14:08:20.302;48.7551;2.67517;48.779;2.60651;48.7312;2.74384;13;WedgePeerRedType
14:08:20.302;48.7551;2.67517;48.779;2.60651;48.7312;2.74384;13;WedgePeerRedType
14:08:20.303;48.7551;2.67517;48.779;2.60651;48.7312;2.74384;13;WedgePeerRedType
14:08:20.303;48.7551;2.67517;48.779;2.60651;48.7312;2.74384;13;WedgePeerRedType
14:08:20.303;48.7551;2.67517;48.779;2.60651;48.7312;2.74384;13;WedgePeerRedType
14:08:22.330;48.7551;2.67517;48.779;2.60651;48.7312;2.74384;13;WedgePeerRedType
14:08:22.330;48.7551;2.67517;48.779;2.60651;48.7312;2.74384;13;WedgePeerRedType
14:08:23.687;48.7551;2.67517;48.779;2.60651;48.7312;2.74384;13;WedgePeerRedType
14:08:23.688;48.7551;2.67517;48.779;2.60651;48.7312;2.74384;13;WedgePeerRedType
14:08:25.109;48.7551;2.67517;48.779;2.60651;48.7312;2.74384;13;WedgePeerRedType
14:08:25.109;48.7551;2.67517;48.779;2.60651;48.7312;2.74384;13;WedgePeerRedType
14:08:25.110;48.7551;2.67517;48.779;2.60651;48.7312;2.74384;13;WedgePeerRedType
14:08:25.110;48.7551;2.67517;48.779;2.60651;48.7312;2.74384;13;WedgePeerRedType
14:08:25.110;48.7551;2.67517;48.779;2.60651;48.7312;2.74384;13;WedgePeerRedType
14:08:27.366;48.7551;2.67517;48.779;2.60651;48.7312;2.74384;13;WedgePeerRedType
14:08:27.367;48.7551;2.67517;48.779;2.60651;48.7312;2.74384;13;WedgePeerRedType
14:08:28.804;48.7551;2.67517;48.779;2.60651;48.7312;2.74384;13;WedgePeerRedType
14:08:28.804;48.7551;2.67517;48.779;2.60651;48.7312;2.74384;13;WedgePeerRedType
14:08:30.844;48.7551;2.67517;48.779;2.60651;48.7312;2.74384;13;WedgePeerRedType
14:08:30.845;48.7551;2.67517;48.779;2.60651;48.7312;2.74384;13;WedgePeerRedType
14:08:30.845;48.7551;2.67517;48.779;2.60651;48.7312;2.74384;13;WedgePeerRedType
14:08:30.846;48.7551;2.67517;48.779;2.60651;48.7312;2.74384;13;WedgePeerRedType
14:08:30.846;48.7551;2.67517;48.779;2.60651;48.7312;2.74384;13;WedgePeerRedType
14:08:33.353;48.7551;2.67517;48.779;2.60651;48.7312;2.74384;13;WedgePeerRedType
14:08:33.354;48.7551;2.67517;48.779;2.60651;48.7312;2.74384;13;WedgePeerRedType
14:08:33.354;48.7551;2.67517;48.779;2.60651;48.7312;2.74384;13;WedgePeerRedType
14:08:33.354;48.7551;2.67517;48.779;2.60651;48.7312;2.74384;13;WedgePeerRedType
14:08:33.355;48.7551;2.67517;48.779;2.60651;48.7312;2.74384;13;WedgePeerRedType
14:08:36.359;48.7551;2.67517;48.779;2.60651;48.7312;2.74384;13;WedgePeerRedType
14:08:36.360;48.7551;2.67517;48.779;2.60651;48.7312;2.74384;13;WedgePeerRedType
14:08:37.812;48.7551;2.67517;48.779;2.60651;48.7312;2.74384;13;WedgePeerRedType
14:08:37.812;48.7551;2.67517;48.779;2.60651;48.7312;2.74384;13;WedgePeerRedType
14:08:37.812;48.7551;2.67517;48.779;2.60651;48.7312;2.74384;13;WedgePeerRedType
14:08:37.813;48.7551;2.67517;48.779;2.60651;48.7312;2.74384;13;WedgePeerRedType
14:08:37.813;48.7551;2.67517;48.779;2.60651;48.7312;2.74384;13;WedgePeerRedType
14:08:39.812;48.7551;2.67517;48.779;2.60651;48.7312;2.74384;13;WedgePeerRedType
14:08:39.813;48.7551;2.67517;48.779;2.60651;48.7312;2.74384;13;WedgePeerRedType
14:08:39.813;48.7551;2.67517;48.779;2.60651;48.7312;2.74384;13;WedgePeerRedType
14:08:39.814;48.7551;2.67517;48.779;2.60651;48.7312;2.74384;13;WedgePeerRedType
14:08:39.814;48.7551;2.67517;48.779;2.60651;48.7312;2.74384;13;WedgePeerRedType
14:08:41.929;48.7551;2.67517;48.779;2.60651;48.7312;2.74384;13;WedgePeerRedType
14:08:41.929;48.7551;2.67517;48.779;2.60651;48.7312;2.74384;13;WedgePeerRedType
14:08:44.311;48.7551;2.67517;48.779;2.60651;48.7312;2.74384;13;WedgePeerRedType
14:08:44.312;48.7551;2.67517;48.779;2.60651;48.7312;2.74384;13;WedgePeerRedType
14:08:46.523;48.7551;2.67517;48.779;2.60651;48.7312;2.74384;13;WedgePeerRedType
14:08:46.524;48.7551;2.67517;48.779;2.60651;48.7312;2.74384;13;WedgePeerRedType
14:08:47.984;48.7551;2.67517;48.779;2.60651;48.7312;2.74384;13;WedgePeerRedType
14:08:47.984;48.7551;2.67517;48.779;2.60651;48.7312;2.74384;13;WedgePeerRedType
14:08:47.985;48.7551;2.67517;48.779;2.60651;48.7312;2.74384;13;WedgePeerRedType
14:08:47.985;48.7551;2.67517;48.779;2.60651;48.7312;2.74384;13;WedgePeerRedType
14:08:47.985;48.7551;2.67517;48.779;2.60651;48.7312;2.74384;13;WedgePeerRedType
14:08:50.843;48.7551;2.67517;48.779;2.60651;48.7312;2.74384;13;WedgePeerRedType
14:08:50.843;48.7551;2.67517;48.779;2.60651;48.7312;2.74384;13;WedgePeerRedType
14:08:52.494;48.7551;2.67517;48.779;2.60651;48.7312;2.74384;13;WedgePeerRedType
14:08:52.495;48.7551;2.67517;48.779;2.60651;48.7312;2.74384;13;WedgePeerRedType
14:08:53.992;48.7551;2.67517;48.779;2.60651;48.7312;2.74384;13;WedgePeerRedType
14:08:53.992;48.7551;2.67517;48.779;2.60651;48.7312;2.74384;13;WedgePeerRedType
14:08:55.585;48.7551;2.67517;48.779;2.60651;48.7312;2.74384;13;WedgePeerRedType
14:08:55.585;48.7551;2.67517;48.779;2.60651;48.7312;2.74384;13;WedgePeerRedType
14:08:57.086;48.7551;2.67517;48.779;2.60651;48.7312;2.74384;13;WedgePeerRedType
14:08:57.086;48.7551;2.67517;48.779;2.60651;48.7312;2.74384;13;WedgePeerRedType
14:08:58.689;48.7551;2.67517;48.779;2.60651;48.7312;2.74384;13;WedgePeerRedType
14:08:58.690;48.7551;2.67517;48.779;2.60651;48.7312;2.74384;13;WedgePeerRedType
14:09:00.320;48.7551;2.67517;48.779;2.60651;48.7312;2.74384;13;WedgePeerRedType
14:09:00.321;48.7551;2.67517;48.779;2.60651;48.7312;2.74384;13;WedgePeerRedType
14:09:01.959;48.7551;2.67517;48.779;2.60651;48.7312;2.74384;13;WedgePeerRedType
14:09:01.960;48.7551;2.67517;48.779;2.60651;48.7312;2.74384;13;WedgePeerRedType
14:09:03.726;48.7551;2.67517;48.779;2.60651;48.7312;2.74384;13;WedgePeerRedType
14:09:03.727;48.7551;2.67517;48.779;2.60651;48.7312;2.74384;13;WedgePeerRedType
14:09:03.727;48.7551;2.67517;48.779;2.60651;48.7312;2.74384;13;WedgePeerRedType
14:09:03.728;48.7551;2.67517;48.779;2.60651;48.7312;2.74384;13;WedgePeerRedType
14:09:03.728;48.7551;2.67517;48.779;2.60651;48.7312;2.74384;13;WedgePeerRedType
14:09:06.236;48.7551;2.67517;48.779;2.60651;48.7312;2.74384;13;WedgePeerRedType
14:09:06.236;48.7551;2.67517;48.779;2.60651;48.7312;2.74384;13;WedgePeerRedType
14:09:06.237;48.7551;2.67517;48.779;2.60651;48.7312;2.74384;13;WedgePeerRedType
14:09:06.237;48.7551;2.67517;48.779;2.60651;48.7312;2.74384;13;WedgePeerRedType
14:09:06.237;48.7551;2.67517;48.779;2.60651;48.7312;2.74384;13;WedgePeerRedType
14:09:08.784;48.7551;2.67517;48.779;2.60651;48.7312;2.74384;13;WedgePeerRedType
14:09:08.784;48.7551;2.67517;48.779;2.60651;48.7312;2.74384;13;WedgePeerRedType
14:09:10.335;48.7551;2.67517;48.779;2.60651;48.7312;2.74384;13;WedgePeerRedType
14:09:10.336;48.7551;2.67517;48.779;2.60651;48.7312;2.74384;13;WedgePeerRedType
14:09:12.155;48.7551;2.67517;48.779;2.60651;48.7312;2.74384;13;WedgePeerRedType
14:09:12.155;48.7551;2.67517;48.779;2.60651;48.7312;2.74384;13;WedgePeerRedType
14:09:13.725;48.7551;2.67517;48.779;2.60651;48.7312;2.74384;13;WedgePeerRedType
14:09:13.726;48.7551;2.67517;48.779;2.60651;48.7312;2.74384;13;WedgePeerRedType
14:09:15.383;48.7551;2.67517;48.779;2.60651;48.7312;2.74384;13;WedgePeerRedType
14:09:15.384;48.7551;2.67517;48.779;2.60651;48.7312;2.74384;13;WedgePeerRedType
14:09:17.017;48.7551;2.67517;48.779;2.60651;48.7312;2.74384;13;WedgePeerRedType
14:09:17.018;48.7551;2.67517;48.779;2.60651;48.7312;2.74384;13;WedgePeerRedType
14:09:19.165;48.7551;2.67517;48.779;2.60651;48.7312;2.74384;13;WedgePeerRedType
14:09:19.165;48.7551;2.67517;48.779;2.60651;48.7312;2.74384;13;WedgePeerRedType
14:09:20.671;48.7551;2.67517;48.779;2.60651;48.7312;2.74384;13;WedgePeerRedType
14:09:20.671;48.7551;2.67517;48.779;2.60651;48.7312;2.74384;13;WedgePeerRedType
14:09:22.109;48.7551;2.67517;48.779;2.60651;48.7312;2.74384;13;WedgePeerRedType
14:09:22.109;48.7551;2.67517;48.779;2.60651;48.7312;2.74384;13;WedgePeerRedType
14:09:24.780;48.7551;2.67517;48.779;2.60651;48.7312;2.74384;13;WedgePeerRedType
14:09:24.780;48.7551;2.67517;48.779;2.60651;48.7312;2.74384;13;WedgePeerRedType
14:09:26.202;48.7551;2.67517;48.779;2.60651;48.7312;2.74384;13;WedgePeerRedType
14:09:26.202;48.7551;2.67517;48.779;2.60651;48.7312;2.74384;13;WedgePeerRedType
14:09:29.022;48.7551;2.67517;48.779;2.60651;48.7312;2.74384;13;WedgePeerRedType
14:09:29.023;48.7551;2.67517;48.779;2.60651;48.7312;2.74384;13;WedgePeerRedType
14:09:30.601;48.7551;2.67517;48.779;2.60651;48.7312;2.74384;13;WedgePeerRedType
14:09:30.602;48.7551;2.67517;48.779;2.60651;48.7312;2.74384;13;WedgePeerRedType
14:09:30.602;48.7551;2.67517;48.779;2.60651;48.7312;2.74384;13;WedgePeerRedType
14:09:30.603;48.7551;2.67517;48.779;2.60651;48.7312;2.74384;13;WedgePeerRedType
14:09:30.603;48.7551;2.67517;48.779;2.60651;48.7312;2.74384;13;WedgePeerRedType
14:09:33.031;48.7551;2.67517;48.779;2.60651;48.7312;2.74384;13;WedgePeerRedType
14:09:33.032;48.7551;2.67517;48.779;2.60651;48.7312;2.74384;13;WedgePeerRedType
14:09:33.032;48.7551;2.67517;48.779;2.60651;48.7312;2.74384;13;WedgePeerRedType
14:09:33.033;48.7551;2.67517;48.779;2.60651;48.7312;2.74384;13;WedgePeerRedType
14:09:33.033;48.7551;2.67517;48.779;2.60651;48.7312;2.74384;13;WedgePeerRedType
14:09:35.928;48.7551;2.67517;48.779;2.60651;48.7312;2.74384;13;WedgePeerRedType
14:09:35.928;48.7551;2.67517;48.779;2.60651;48.7312;2.74384;13;WedgePeerRedType
14:09:38.152;48.7551;2.67517;48.779;2.60651;48.7312;2.74384;13;WedgePeerRedType
14:09:38.153;48.7551;2.67517;48.779;2.60651;48.7312;2.74384;13;WedgePeerRedType
14:09:40.553;48.7551;2.67517;48.779;2.60651;48.7312;2.74384;13;WedgePeerRedType
14:09:40.553;48.7551;2.67517;48.779;2.60651;48.7312;2.74384;13;WedgePeerRedType
14:09:42.244;48.7551;2.67517;48.779;2.60651;48.7312;2.74384;13;WedgePeerRedType
14:09:42.245;48.7551;2.67517;48.779;2.60651;48.7312;2.74384;13;WedgePeerRedType
14:09:44.717;48.7551;2.67517;48.779;2.60651;48.7312;2.74384;13;WedgePeerRedType
14:09:44.718;48.7551;2.67517;48.779;2.60651;48.7312;2.74384;13;WedgePeerRedType
14:09:44.718;48.7551;2.67517;48.779;2.60651;48.7312;2.74384;13;WedgePeerRedType
14:09:44.719;48.7551;2.67517;48.779;2.60651;48.7312;2.74384;13;WedgePeerRedType
14:09:44.719;48.7551;2.67517;48.779;2.60651;48.7312;2.74384;13;WedgePeerRedType
14:09:47.076;48.7551;2.67517;48.779;2.60651;48.7312;2.74384;13;WedgePeerRedType
14:09:47.076;48.7551;2.67517;48.779;2.60651;48.7312;2.74384;13;WedgePeerRedType
14:09:48.600;48.7551;2.67517;48.779;2.60651;48.7312;2.74384;13;WedgePeerRedType
14:09:48.600;48.7551;2.67517;48.779;2.60651;48.7312;2.74384;13;WedgePeerRedType
14:09:51.170;48.7551;2.67517;48.779;2.60651;48.7312;2.74384;13;WedgePeerRedType
14:09:51.170;48.7551;2.67517;48.779;2.60651;48.7312;2.74384;13;WedgePeerRedType
14:09:53.311;48.7551;2.67517;48.779;2.60651;48.7312;2.74384;13;WedgePeerRedType
14:09:53.311;48.7551;2.67517;48.779;2.60651;48.7312;2.74384;13;WedgePeerRedType
14:09:54.887;48.7551;2.67517;48.779;2.60651;48.7312;2.74384;13;WedgePeerRedType
14:09:54.887;48.7551;2.67517;48.779;2.60651;48.7312;2.74384;13;WedgePeerRedType
14:09:57.594;48.7551;2.67517;48.779;2.60651;48.7312;2.74384;13;WedgePeerRedType
14:09:57.595;48.7551;2.67517;48.779;2.60651;48.7312;2.74384;13;WedgePeerRedType
14:09:57.595;48.7551;2.67517;48.779;2.60651;48.7312;2.74384;13;WedgePeerRedType
14:09:57.596;48.7551;2.67517;48.779;2.60651;48.7312;2.74384;13;WedgePeerRedType
14:09:57.596;48.7551;2.67517;48.779;2.60651;48.7312;2.74384;13;WedgePeerRedType
14:10:01.031;48.7551;2.67517;48.779;2.60651;48.7312;2.74384;13;WedgePeerRedType
14:10:01.031;48.7551;2.67517;48.779;2.60651;48.7312;2.74384;13;WedgePeerRedType
14:10:02.703;48.7551;2.67517;48.779;2.60651;48.7312;2.74384;13;WedgePeerRedType
14:10:02.704;48.7551;2.67517;48.779;2.60651;48.7312;2.74384;13;WedgePeerRedType
14:10:04.357;48.7551;2.67517;48.779;2.60651;48.7312;2.74384;13;WedgePeerRedType
14:10:04.357;48.7551;2.67517;48.779;2.60651;48.7312;2.74384;13;WedgePeerRedType
14:10:06.093;48.7551;2.67517;48.779;2.60651;48.7312;2.74384;13;WedgePeerRedType
14:10:06.094;48.7551;2.67517;48.779;2.60651;48.7312;2.74384;13;WedgePeerRedType
14:10:07.696;48.7551;2.67517;48.779;2.60651;48.7312;2.74384;13;WedgePeerRedType
14:10:07.696;48.7551;2.67517;48.779;2.60651;48.7312;2.74384;13;WedgePeerRedType
14:10:07.696;48.7551;2.67517;48.779;2.60651;48.7312;2.74384;13;WedgePeerRedType
14:10:07.697;48.7551;2.67517;48.779;2.60651;48.7312;2.74384;13;WedgePeerRedType
14:10:07.697;48.7551;2.67517;48.779;2.60651;48.7312;2.74384;13;WedgePeerRedType
14:10:10.676;48.7551;2.67517;48.779;2.60651;48.7312;2.74384;13;WedgePeerRedType
14:10:10.676;48.7551;2.67517;48.779;2.60651;48.7312;2.74384;13;WedgePeerRedType
14:10:12.328;48.7551;2.67517;48.779;2.60651;48.7312;2.74384;13;WedgePeerRedType
14:10:12.328;48.7551;2.67517;48.779;2.60651;48.7312;2.74384;13;WedgePeerRedType
14:10:14.028;48.7551;2.67517;48.779;2.60651;48.7312;2.74384;13;WedgePeerRedType
14:10:14.029;48.7551;2.67517;48.779;2.60651;48.7312;2.74384;13;WedgePeerRedType
14:10:16.031;48.7551;2.67517;48.779;2.60651;48.7312;2.74384;13;WedgePeerRedType
14:10:16.031;48.7551;2.67517;48.779;2.60651;48.7312;2.74384;13;WedgePeerRedType
14:10:18.358;48.7551;2.67517;48.779;2.60651;48.7312;2.74384;13;WedgePeerRedType
14:10:18.359;48.7551;2.67517;48.779;2.60651;48.7312;2.74384;13;WedgePeerRedType
14:10:20.326;48.7551;2.67517;48.779;2.60651;48.7312;2.74384;13;WedgePeerRedType
14:10:20.327;48.7551;2.67517;48.779;2.60651;48.7312;2.74384;13;WedgePeerRedType
14:10:23.005;48.7551;2.67517;48.779;2.60651;48.7312;2.74384;13;WedgePeerRedType
14:10:23.006;48.7551;2.67517;48.779;2.60651;48.7312;2.74384;13;WedgePeerRedType
14:10:25.536;48.7551;2.67517;48.779;2.60651;48.7312;2.74384;13;WedgePeerRedType
14:10:25.537;48.7551;2.67517;48.779;2.60651;48.7312;2.74384;13;WedgePeerRedType
14:10:27.429;48.7551;2.67517;48.779;2.60651;48.7312;2.74384;13;WedgePeerRedType
14:10:27.430;48.7551;2.67517;48.779;2.60651;48.7312;2.74384;13;WedgePeerRedType
14:10:29.209;48.7551;2.67517;48.779;2.60651;48.7312;2.74384;13;WedgePeerRedType
14:10:29.210;48.7551;2.67517;48.779;2.60651;48.7312;2.74384;13;WedgePeerRedType
14:10:30.990;48.7551;2.67517;48.779;2.60651;48.7312;2.74384;13;WedgePeerRedType
14:10:30.991;48.7551;2.67517;48.779;2.60651;48.7312;2.74384;13;WedgePeerRedType
14:10:32.851;48.7551;2.67517;48.779;2.60651;48.7312;2.74384;13;WedgePeerRedType
14:10:32.852;48.7551;2.67517;48.779;2.60651;48.7312;2.74384;13;WedgePeerRedType
14:10:34.576;48.7551;2.67517;48.779;2.60651;48.7312;2.74384;13;WedgePeerRedType
14:10:34.577;48.7551;2.67517;48.779;2.60651;48.7312;2.74384;13;WedgePeerRedType
14:10:36.372;48.7551;2.67517;48.779;2.60651;48.7312;2.74384;13;WedgePeerRedType
14:10:36.373;48.7551;2.67517;48.779;2.60651;48.7312;2.74384;13;WedgePeerRedType
14:10:38.182;48.7551;2.67517;48.779;2.60651;48.7312;2.74384;13;WedgePeerRedType
14:10:38.183;48.7551;2.67517;48.779;2.60651;48.7312;2.74384;13;WedgePeerRedType
14:10:39.903;48.7551;2.67517;48.779;2.60651;48.7312;2.74384;13;WedgePeerRedType
14:10:39.904;48.7551;2.67517;48.779;2.60651;48.7312;2.74384;13;WedgePeerRedType
14:10:41.914;48.7551;2.67517;48.779;2.60651;48.7312;2.74384;13;WedgePeerRedType
14:10:41.914;48.7551;2.67517;48.779;2.60651;48.7312;2.74384;13;WedgePeerRedType
14:10:44.201;48.7551;2.67517;48.779;2.60651;48.7312;2.74384;13;WedgePeerRedType
14:10:44.201;48.7551;2.67517;48.779;2.60651;48.7312;2.74384;13;WedgePeerRedType
14:10:46.123;48.7551;2.67517;48.779;2.60651;48.7312;2.74384;13;WedgePeerRedType
14:10:46.123;48.7551;2.67517;48.779;2.60651;48.7312;2.74384;13;WedgePeerRedType
14:10:47.887;48.7551;2.67517;48.779;2.60651;48.7312;2.74384;13;WedgePeerRedType
14:10:47.888;48.7551;2.67517;48.779;2.60651;48.7312;2.74384;13;WedgePeerRedType
14:10:50.286;48.7551;2.67517;48.779;2.60651;48.7312;2.74384;13;WedgePeerRedType
14:10:50.287;48.7551;2.67517;48.779;2.60651;48.7312;2.74384;13;WedgePeerRedType
14:10:52.512;48.7551;2.67517;48.779;2.60651;48.7312;2.74384;13;WedgePeerRedType
14:10:52.513;48.7551;2.67517;48.779;2.60651;48.7312;2.74384;13;WedgePeerRedType
14:10:54.413;48.7551;2.67517;48.779;2.60651;48.7312;2.74384;13;WedgePeerRedType
14:10:54.414;48.7551;2.67517;48.779;2.60651;48.7312;2.74384;13;WedgePeerRedType
14:10:56.350;48.7551;2.67517;48.779;2.60651;48.7312;2.74384;13;WedgePeerRedType
14:10:56.350;48.7551;2.67517;48.779;2.60651;48.7312;2.74384;13;WedgePeerRedType
14:10:58.158;48.7551;2.67517;48.779;2.60651;48.7312;2.74384;13;WedgePeerRedType
14:10:58.158;48.7551;2.67517;48.779;2.60651;48.7312;2.74384;13;WedgePeerRedType
14:11:00.185;48.7551;2.67517;48.779;2.60651;48.7312;2.74384;13;WedgePeerRedType
14:11:00.185;48.7551;2.67517;48.779;2.60651;48.7312;2.74384;13;WedgePeerRedType
14:11:00.186;48.7551;2.67517;48.779;2.60651;48.7312;2.74384;13;WedgePeerRedType
14:11:00.186;48.7551;2.67517;48.779;2.60651;48.7312;2.74384;13;WedgePeerRedType
14:11:00.186;48.7551;2.67517;48.779;2.60651;48.7312;2.74384;13;WedgePeerRedType
14:11:02.958;48.7551;2.67517;48.779;2.60651;48.7312;2.74384;13;WedgePeerRedType
14:11:02.959;48.7551;2.67517;48.779;2.60651;48.7312;2.74384;13;WedgePeerRedType
14:11:02.959;48.7551;2.67517;48.779;2.60651;48.7312;2.74384;13;WedgePeerRedType
14:11:02.960;48.7551;2.67517;48.779;2.60651;48.7312;2.74384;13;WedgePeerRedType
14:11:02.960;48.7551;2.67517;48.779;2.60651;48.7312;2.74384;13;WedgePeerRedType
14:11:06.395;48.7551;2.67517;48.779;2.60651;48.7312;2.74384;13;WedgePeerRedType
14:11:06.396;48.7551;2.67517;48.779;2.60651;48.7312;2.74384;13;WedgePeerRedType
14:11:08.232;48.7551;2.67517;48.779;2.60651;48.7312;2.74384;13;WedgePeerRedType
14:11:08.233;48.7551;2.67517;48.779;2.60651;48.7312;2.74384;13;WedgePeerRedType
14:11:10.032;48.7551;2.67517;48.779;2.60651;48.7312;2.74384;13;WedgePeerRedType
14:11:10.032;48.7551;2.67517;48.779;2.60651;48.7312;2.74384;13;WedgePeerRedType
14:11:11.858;48.7551;2.67517;48.779;2.60651;48.7312;2.74384;13;WedgePeerRedType
14:11:11.858;48.7551;2.67517;48.779;2.60651;48.7312;2.74384;13;WedgePeerRedType
14:11:13.865;48.7551;2.67517;48.779;2.60651;48.7312;2.74384;13;WedgePeerRedType
14:11:13.865;48.7551;2.67517;48.779;2.60651;48.7312;2.74384;13;WedgePeerRedType
14:11:15.684;48.7551;2.67517;48.779;2.60651;48.7312;2.74384;13;WedgePeerRedType
14:11:15.684;48.7551;2.67517;48.779;2.60651;48.7312;2.74384;13;WedgePeerRedType
14:11:18.125;48.7551;2.67517;48.779;2.60651;48.7312;2.74384;13;WedgePeerRedType
14:11:18.125;48.7551;2.67517;48.779;2.60651;48.7312;2.74384;13;WedgePeerRedType
14:11:20.092;48.7551;2.67517;48.779;2.60651;48.7312;2.74384;13;WedgePeerRedType
14:11:20.092;48.7551;2.67517;48.779;2.60651;48.7312;2.74384;13;WedgePeerRedType
14:11:21.817;48.7551;2.67517;48.779;2.60651;48.7312;2.74384;13;WedgePeerRedType
14:11:21.818;48.7551;2.67517;48.779;2.60651;48.7312;2.74384;13;WedgePeerRedType
14:11:21.818;48.7551;2.67517;48.779;2.60651;48.7312;2.74384;13;WedgePeerRedType
14:11:21.819;48.7551;2.67517;48.779;2.60651;48.7312;2.74384;13;WedgePeerRedType
14:11:21.819;48.7551;2.67517;48.779;2.60651;48.7312;2.74384;13;WedgePeerRedType
14:11:25.265;48.7551;2.67517;48.779;2.60651;48.7312;2.74384;13;WedgePeerRedType
14:11:25.265;48.7551;2.67517;48.779;2.60651;48.7312;2.74384;13;WedgePeerRedType
14:11:26.997;48.7551;2.67517;48.779;2.60651;48.7312;2.74384;13;WedgePeerRedType
14:11:26.997;48.7551;2.67517;48.779;2.60651;48.7312;2.74384;13;WedgePeerRedType
14:11:28.911;48.7551;2.67517;48.779;2.60651;48.7312;2.74384;13;WedgePeerRedType
14:11:28.912;48.7551;2.67517;48.779;2.60651;48.7312;2.74384;13;WedgePeerRedType
14:11:30.630;48.7551;2.67517;48.779;2.60651;48.7312;2.74384;13;WedgePeerRedType
14:11:30.630;48.7551;2.67517;48.779;2.60651;48.7312;2.74384;13;WedgePeerRedType
14:11:32.875;48.7551;2.67517;48.779;2.60651;48.7312;2.74384;13;WedgePeerRedType
14:11:32.875;48.7551;2.67517;48.779;2.60651;48.7312;2.74384;13;WedgePeerRedType
14:11:32.875;48.7551;2.67517;48.779;2.60651;48.7312;2.74384;13;WedgePeerRedType
14:11:32.876;48.7551;2.67517;48.779;2.60651;48.7312;2.74384;13;WedgePeerRedType
14:11:32.876;48.7551;2.67517;48.779;2.60651;48.7312;2.74384;13;WedgePeerRedType
14:11:37.623;48.7551;2.67517;48.779;2.60651;48.7312;2.74384;13;WedgePeerRedType
14:11:37.623;48.7551;2.67517;48.779;2.60651;48.7312;2.74384;13;WedgePeerRedType
14:11:37.624;48.7551;2.67517;48.779;2.60651;48.7312;2.74384;13;WedgePeerRedType
14:11:37.624;48.7551;2.67517;48.779;2.60651;48.7312;2.74384;13;WedgePeerRedType
14:11:37.624;48.7551;2.67517;48.779;2.60651;48.7312;2.74384;13;WedgePeerRedType
14:11:40.371;48.7551;2.67517;48.779;2.60651;48.7312;2.74384;13;WedgePeerRedType
14:11:40.372;48.7551;2.67517;48.779;2.60651;48.7312;2.74384;13;WedgePeerRedType
14:11:42.153;48.7551;2.67517;48.779;2.60651;48.7312;2.74384;13;WedgePeerRedType
14:11:42.153;48.7551;2.67517;48.779;2.60651;48.7312;2.74384;13;WedgePeerRedType
14:11:44.676;48.7551;2.67517;48.779;2.60651;48.7312;2.74384;13;WedgePeerRedType
14:11:44.676;48.7551;2.67517;48.779;2.60651;48.7312;2.74384;13;WedgePeerRedType
14:11:46.465;48.7551;2.67517;48.779;2.60651;48.7312;2.74384;13;WedgePeerRedType
14:11:46.466;48.7551;2.67517;48.779;2.60651;48.7312;2.74384;13;WedgePeerRedType
14:11:48.176;48.7551;2.67517;48.779;2.60651;48.7312;2.74384;13;WedgePeerRedType
14:11:48.177;48.7551;2.67517;48.779;2.60651;48.7312;2.74384;13;WedgePeerRedType
14:11:49.965;48.7551;2.67517;48.779;2.60651;48.7312;2.74384;13;WedgePeerRedType
14:11:49.965;48.7551;2.67517;48.779;2.60651;48.7312;2.74384;13;WedgePeerRedType
14:11:52.615;48.7551;2.67517;48.779;2.60651;48.7312;2.74384;13;WedgePeerRedType
14:11:52.615;48.7551;2.67517;48.779;2.60651;48.7312;2.74384;13;WedgePeerRedType
14:11:55.005;48.7551;2.67517;48.779;2.60651;48.7312;2.74384;13;WedgePeerRedType
14:11:55.005;48.7551;2.67517;48.779;2.60651;48.7312;2.74384;13;WedgePeerRedType
14:11:57.410;48.7551;2.67517;48.779;2.60651;48.7312;2.74384;13;WedgePeerRedType
14:11:57.411;48.7551;2.67517;48.779;2.60651;48.7312;2.74384;13;WedgePeerRedType
14:11:59.543;48.7551;2.67517;48.779;2.60651;48.7312;2.74384;13;WedgePeerRedType
14:11:59.543;48.7551;2.67517;48.779;2.60651;48.7312;2.74384;13;WedgePeerRedType
14:12:02.569;48.7551;2.67517;48.779;2.60651;48.7312;2.74384;13;WedgePeerRedType
14:12:02.570;48.7551;2.67517;48.779;2.60651;48.7312;2.74384;13;WedgePeerRedType
14:12:02.570;48.7551;2.67517;48.779;2.60651;48.7312;2.74384;13;WedgePeerRedType
14:12:02.571;48.7551;2.67517;48.779;2.60651;48.7312;2.74384;13;WedgePeerRedType
14:12:02.571;48.7551;2.67517;48.779;2.60651;48.7312;2.74384;13;WedgePeerRedType
14:12:05.482;48.7551;2.67517;48.779;2.60651;48.7312;2.74384;13;WedgePeerRedType
14:12:05.483;48.7551;2.67517;48.779;2.60651;48.7312;2.74384;13;WedgePeerRedType
14:12:05.483;48.7551;2.67517;48.779;2.60651;48.7312;2.74384;13;WedgePeerRedType
14:12:05.483;48.7551;2.67517;48.779;2.60651;48.7312;2.74384;13;WedgePeerRedType
14:12:05.484;48.7551;2.67517;48.779;2.60651;48.7312;2.74384;13;WedgePeerRedType
14:12:08.237;48.7551;2.67517;48.779;2.60651;48.7312;2.74384;13;WedgePeerRedType
14:12:08.238;48.7551;2.67517;48.779;2.60651;48.7312;2.74384;13;WedgePeerRedType
14:12:11.043;48.7551;2.67517;48.779;2.60651;48.7312;2.74384;13;WedgePeerRedType
14:12:11.044;48.7551;2.67517;48.779;2.60651;48.7312;2.74384;13;WedgePeerRedType
14:12:13.700;48.7551;2.67517;48.779;2.60651;48.7312;2.74384;13;WedgePeerRedType
14:12:13.701;48.7551;2.67517;48.779;2.60651;48.7312;2.74384;13;WedgePeerRedType
14:12:16.400;48.7551;2.67517;48.779;2.60651;48.7312;2.74384;13;WedgePeerRedType
14:12:16.401;48.7551;2.67517;48.779;2.60651;48.7312;2.74384;13;WedgePeerRedType
14:12:16.401;48.7551;2.67517;48.779;2.60651;48.7312;2.74384;13;WedgePeerRedType
14:12:16.401;48.7551;2.67517;48.779;2.60651;48.7312;2.74384;13;WedgePeerRedType
14:12:16.402;48.7551;2.67517;48.779;2.60651;48.7312;2.74384;13;WedgePeerRedType
14:12:19.269;48.7551;2.67517;48.779;2.60651;48.7312;2.74384;13;WedgePeerRedType
14:12:19.270;48.7551;2.67517;48.779;2.60651;48.7312;2.74384;13;WedgePeerRedType
14:12:19.270;48.7551;2.67517;48.779;2.60651;48.7312;2.74384;13;WedgePeerRedType
14:12:19.271;48.7551;2.67517;48.779;2.60651;48.7312;2.74384;13;WedgePeerRedType
14:12:19.271;48.7551;2.67517;48.779;2.60651;48.7312;2.74384;13;WedgePeerRedType
14:12:21.936;48.7551;2.67517;48.779;2.60651;48.7312;2.74384;13;WedgePeerRedType
14:12:21.936;48.7551;2.67517;48.779;2.60651;48.7312;2.74384;13;WedgePeerRedType
14:12:21.937;48.7551;2.67517;48.779;2.60651;48.7312;2.74384;13;WedgePeerRedType
14:12:21.937;48.7551;2.67517;48.779;2.60651;48.7312;2.74384;13;WedgePeerRedType
14:12:21.937;48.7551;2.67517;48.779;2.60651;48.7312;2.74384;13;WedgePeerRedType
14:12:25.124;48.7551;2.67517;48.779;2.60651;48.7312;2.74384;13;WedgePeerRedType
14:12:25.124;48.7551;2.67517;48.779;2.60651;48.7312;2.74384;13;WedgePeerRedType
14:12:26.998;48.7551;2.67517;48.779;2.60651;48.7312;2.74384;13;WedgePeerRedType
14:12:26.998;48.7551;2.67517;48.779;2.60651;48.7312;2.74384;13;WedgePeerRedType
14:12:26.999;48.7551;2.67517;48.779;2.60651;48.7312;2.74384;13;WedgePeerRedType
14:12:26.999;48.7551;2.67517;48.779;2.60651;48.7312;2.74384;13;WedgePeerRedType
14:12:26.999;48.7551;2.67517;48.779;2.60651;48.7312;2.74384;13;WedgePeerRedType
14:12:31.238;48.7551;2.67517;48.779;2.60651;48.7312;2.74384;13;WedgePeerRedType
14:12:31.239;48.7551;2.67517;48.779;2.60651;48.7312;2.74384;13;WedgePeerRedType
14:12:33.805;48.7551;2.67517;48.779;2.60651;48.7312;2.74384;13;WedgePeerRedType
14:12:33.806;48.7551;2.67517;48.779;2.60651;48.7312;2.74384;13;WedgePeerRedType
14:12:35.910;48.7551;2.67517;48.779;2.60651;48.7312;2.74384;13;WedgePeerRedType
14:12:35.911;48.7551;2.67517;48.779;2.60651;48.7312;2.74384;13;WedgePeerRedType
14:12:35.911;48.7551;2.67517;48.779;2.60651;48.7312;2.74384;13;WedgePeerRedType
14:12:35.912;48.7551;2.67517;48.779;2.60651;48.7312;2.74384;13;WedgePeerRedType
14:12:35.912;48.7551;2.67517;48.779;2.60651;48.7312;2.74384;13;WedgePeerRedType
14:12:38.839;48.7551;2.67517;48.779;2.60651;48.7312;2.74384;13;WedgePeerRedType
14:12:38.840;48.7551;2.67517;48.779;2.60651;48.7312;2.74384;13;WedgePeerRedType
14:12:41.144;48.7551;2.67517;48.779;2.60651;48.7312;2.74384;13;WedgePeerRedType
14:12:41.145;48.7551;2.67517;48.779;2.60651;48.7312;2.74384;13;WedgePeerRedType
14:12:41.145;48.7551;2.67517;48.779;2.60651;48.7312;2.74384;13;WedgePeerRedType
14:12:41.146;48.7551;2.67517;48.779;2.60651;48.7312;2.74384;13;WedgePeerRedType
14:12:41.146;48.7551;2.67517;48.779;2.60651;48.7312;2.74384;13;WedgePeerRedType
14:12:45.694;48.7551;2.67517;48.779;2.60651;48.7312;2.74384;13;WedgePeerRedType
14:12:45.694;48.7551;2.67517;48.779;2.60651;48.7312;2.74384;13;WedgePeerRedType
14:12:45.695;48.7551;2.67517;48.779;2.60651;48.7312;2.74384;13;WedgePeerRedType
14:12:45.695;48.7551;2.67517;48.779;2.60651;48.7312;2.74384;13;WedgePeerRedType
14:12:45.695;48.7551;2.67517;48.779;2.60651;48.7312;2.74384;13;WedgePeerRedType
14:12:48.315;48.7551;2.67517;48.779;2.60651;48.7312;2.74384;13;WedgePeerRedType
14:12:48.316;48.7551;2.67517;48.779;2.60651;48.7312;2.74384;13;WedgePeerRedType
14:12:50.809;48.7551;2.67517;48.779;2.60651;48.7312;2.74384;13;WedgePeerRedType
14:12:50.809;48.7551;2.67517;48.779;2.60651;48.7312;2.74384;13;WedgePeerRedType
14:12:52.537;48.7551;2.67517;48.779;2.60651;48.7312;2.74384;13;WedgePeerRedType
14:12:52.537;48.7551;2.67517;48.779;2.60651;48.7312;2.74384;13;WedgePeerRedType
14:12:54.332;48.7551;2.67517;48.779;2.60651;48.7312;2.74384;13;WedgePeerRedType
14:12:54.332;48.7551;2.67517;48.779;2.60651;48.7312;2.74384;13;WedgePeerRedType
14:12:56.182;48.7551;2.67517;48.779;2.60651;48.7312;2.74384;13;WedgePeerRedType
14:12:56.183;48.7551;2.67517;48.779;2.60651;48.7312;2.74384;13;WedgePeerRedType
14:12:56.183;48.7551;2.67517;48.779;2.60651;48.7312;2.74384;13;WedgePeerRedType
14:12:56.184;48.7551;2.67517;48.779;2.60651;48.7312;2.74384;13;WedgePeerRedType
14:12:56.184;48.7551;2.67517;48.779;2.60651;48.7312;2.74384;13;WedgePeerRedType
14:13:10.831;48.7551;2.67517;48.779;2.60651;48.7312;2.74384;13;WedgePeerRedType
14:13:10.831;48.7551;2.67517;48.779;2.60651;48.7312;2.74384;13;WedgePeerRedType
14:13:13.869;48.7551;2.67517;48.779;2.60651;48.7312;2.74384;13;WedgePeerRedType
14:13:13.870;48.7551;2.67517;48.779;2.60651;48.7312;2.74384;13;WedgePeerRedType
14:13:15.955;48.7551;2.67517;48.779;2.60651;48.7312;2.74384;13;WedgePeerRedType
14:13:15.956;48.7551;2.67517;48.779;2.60651;48.7312;2.74384;13;WedgePeerRedType
14:13:18.003;48.7551;2.67517;48.779;2.60651;48.7312;2.74384;13;WedgePeerRedType
14:13:18.003;48.7551;2.67517;48.779;2.60651;48.7312;2.74384;13;WedgePeerRedType
14:13:21.355;48.7551;2.67517;48.779;2.60651;48.7312;2.74384;13;WedgePeerRedType
14:13:21.356;48.7551;2.67517;48.779;2.60651;48.7312;2.74384;13;WedgePeerRedType
14:13:23.190;48.7551;2.67517;48.779;2.60651;48.7312;2.74384;13;WedgePeerRedType
14:13:23.190;48.7551;2.67517;48.779;2.60651;48.7312;2.74384;13;WedgePeerRedType
14:13:27.763;48.7551;2.67517;48.779;2.60651;48.7312;2.74384;13;WedgePeerRedType
14:13:27.764;48.7551;2.67517;48.779;2.60651;48.7312;2.74384;13;WedgePeerRedType
14:13:30.456;48.7551;2.67517;48.779;2.60651;48.7312;2.74384;13;WedgePeerRedType
14:13:30.456;48.7551;2.67517;48.779;2.60651;48.7312;2.74384;13;WedgePeerRedType
14:13:30.457;48.7551;2.67517;48.779;2.60651;48.7312;2.74384;13;WedgePeerRedType
14:13:30.457;48.7551;2.67517;48.779;2.60651;48.7312;2.74384;13;WedgePeerRedType
14:13:30.458;48.7551;2.67517;48.779;2.60651;48.7312;2.74384;13;WedgePeerRedType
14:13:33.838;48.7551;2.67517;48.779;2.60651;48.7312;2.74384;13;WedgePeerRedType
14:13:33.838;48.7551;2.67517;48.779;2.60651;48.7312;2.74384;13;WedgePeerRedType
14:13:35.574;48.7551;2.67517;48.779;2.60651;48.7312;2.74384;13;WedgePeerRedType
14:13:35.575;48.7551;2.67517;48.779;2.60651;48.7312;2.74384;13;WedgePeerRedType
14:13:38.698;48.7551;2.67517;48.779;2.60651;48.7312;2.74384;13;WedgePeerRedType
14:13:38.699;48.7551;2.67517;48.779;2.60651;48.7312;2.74384;13;WedgePeerRedType
14:13:38.699;48.7551;2.67517;48.779;2.60651;48.7312;2.74384;13;WedgePeerRedType
14:13:38.699;48.7551;2.67517;48.779;2.60651;48.7312;2.74384;13;WedgePeerRedType
14:13:38.700;48.7551;2.67517;48.779;2.60651;48.7312;2.74384;13;WedgePeerRedType
14:13:41.814;48.7551;2.67517;48.779;2.60651;48.7312;2.74384;13;WedgePeerRedType
14:13:41.815;48.7551;2.67517;48.779;2.60651;48.7312;2.74384;13;WedgePeerRedType
14:13:44.354;48.7551;2.67517;48.779;2.60651;48.7312;2.74384;13;WedgePeerRedType
14:13:44.355;48.7551;2.67517;48.779;2.60651;48.7312;2.74384;13;WedgePeerRedType
14:13:46.792;48.7551;2.67517;48.779;2.60651;48.7312;2.74384;13;WedgePeerRedType
14:13:46.792;48.7551;2.67517;48.779;2.60651;48.7312;2.74384;13;WedgePeerRedType
14:13:48.721;48.7551;2.67517;48.779;2.60651;48.7312;2.74384;13;WedgePeerRedType
14:13:48.721;48.7551;2.67517;48.779;2.60651;48.7312;2.74384;13;WedgePeerRedType
14:13:48.722;48.7551;2.67517;48.779;2.60651;48.7312;2.74384;13;WedgePeerRedType
14:13:48.722;48.7551;2.67517;48.779;2.60651;48.7312;2.74384;13;WedgePeerRedType
14:13:48.722;48.7551;2.67517;48.779;2.60651;48.7312;2.74384;13;WedgePeerRedType
14:13:51.767;48.7551;2.67517;48.779;2.60651;48.7312;2.74384;13;WedgePeerRedType
14:13:51.768;48.7551;2.67517;48.779;2.60651;48.7312;2.74384;13;WedgePeerRedType
14:13:54.869;48.7551;2.67517;48.779;2.60651;48.7312;2.74384;13;WedgePeerRedType
14:13:54.870;48.7551;2.67517;48.779;2.60651;48.7312;2.74384;13;WedgePeerRedType
14:14:13.893;48.7551;2.67517;48.779;2.60651;48.7312;2.74384;13;WedgePeerRedType
14:14:13.894;48.7551;2.67517;48.779;2.60651;48.7312;2.74384;13;WedgePeerRedType
14:14:13.894;48.7551;2.67517;48.779;2.60651;48.7312;2.74384;13;WedgePeerRedType
14:14:13.895;48.7551;2.67517;48.779;2.60651;48.7312;2.74384;13;WedgePeerRedType
14:14:13.895;48.7551;2.67517;48.779;2.60651;48.7312;2.74384;13;WedgePeerRedType
14:14:24.955;48.7558;2.64513;48.7797;2.57646;48.7319;2.71379;13;WedgePeerRedType
14:14:24.955;48.7558;2.64513;48.7797;2.57646;48.7319;2.71379;13;WedgePeerRedType
14:14:24.956;48.7676;2.62556;48.7915;2.5569;48.7436;2.69423;13;WedgePeerRedType
14:14:24.956;48.7676;2.62556;48.7915;2.5569;48.7436;2.69423;13;WedgePeerRedType
14:14:24.957;48.7814;2.60788;48.8053;2.53922;48.7575;2.67654;13;WedgePeerRedType
