12:38:10.913;48.7548;2.34661;48.7788;2.27795;48.7309;2.41527;13;WedgeAnchorType
12:38:13.190;48.873;2.34764;48.8969;2.27898;48.8491;2.4163;13;WedgeAnchorType
12:39:05.411;49.2014;2.43038;49.2251;2.36172;49.1777;2.49904;13;WedgeAnchorType
12:39:35.378;48.8752;2.34026;49.0658;1.79094;48.6838;2.88957;10;WedgeAnchorType
12:39:54.207;49.2014;2.43038;49.2251;2.36172;49.1777;2.49904;13;WedgeAnchorType
12:39:56.220;48.8752;2.34026;49.0658;1.79094;48.6838;2.88957;10;WedgeAnchorType
12:39:56.844;49.2014;2.43038;49.2251;2.36172;49.1777;2.49904;13;WedgeAnchorType
12:39:57.733;48.8752;2.34026;49.0658;1.79094;48.6838;2.88957;10;WedgeAnchorType
12:39:58.373;49.2014;2.43038;49.2251;2.36172;49.1777;2.49904;13;WedgeAnchorType
12:39:58.950;48.8752;2.34026;49.0658;1.79094;48.6838;2.88957;10;WedgeAnchorType
12:40:00.089;49.2014;2.43038;49.2251;2.36172;49.1777;2.49904;13;WedgeAnchorType
12:40:00.775;48.8752;2.34026;49.0658;1.79094;48.6838;2.88957;10;WedgeAnchorType
12:40:01.149;49.2014;2.43038;49.2251;2.36172;49.1777;2.49904;13;WedgeAnchorType
12:40:11.508;48.8752;2.34026;49.0658;1.79094;48.6838;2.88957;10;WedgeAnchorType
12:40:11.913;48.6265;3.31478;48.6505;3.24612;48.6025;3.38344;13;WedgeAnchorType
12:40:17.623;48.8752;2.34026;49.0658;1.79094;48.6838;2.88957;10;WedgeAnchorType
12:40:19.979;48.6265;3.31478;48.6505;3.24612;48.6025;3.38344;13;WedgeAnchorType
12:44:45.938;47.5445;1.22738;47.7402;0.67806;47.3481;1.77669;10;WedgePeerBlueType
12:45:18.413;48.8752;2.34026;49.0658;1.79094;48.6838;2.88957;10;WedgePeerBlueType
12:45:22.609;48.6259;3.31478;48.6499;3.24612;48.6019;3.38344;13;WedgePeerBlueType
12:45:32.172;49.5046;3.20492;49.5282;3.13625;49.4811;3.27358;13;WedgePeerBlueType
12:45:33.264;48.6259;3.31478;51.6046;-5.47428;45.4604;12.1038;6;WedgePeerBlueType
12:45:33.607;49.5046;3.20492;49.5282;3.13625;49.4811;3.27358;13;WedgePeerBlueType
12:45:34.605;48.6259;3.31478;51.6046;-5.47428;45.4604;12.1038;6;WedgePeerBlueType
12:45:34.808;49.5046;3.20492;49.5282;3.13625;49.4811;3.27358;13;WedgePeerBlueType
12:45:35.744;48.6259;3.31478;51.6046;-5.47428;45.4604;12.1038;6;WedgePeerBlueType
12:45:36.212;49.5046;3.20492;49.5282;3.13625;49.4811;3.27358;13;WedgePeerBlueType
12:45:36.961;48.6259;3.31478;51.6046;-5.47428;45.4604;12.1038;6;WedgePeerBlueType
12:45:37.616;49.5046;3.20492;49.5282;3.13625;49.4811;3.27358;13;WedgePeerBlueType
12:45:38.240;48.6259;3.31478;51.6046;-5.47428;45.4604;12.1038;6;WedgePeerBlueType
12:45:38.490;49.5046;3.20492;49.5282;3.13625;49.4811;3.27358;13;WedgePeerBlueType
12:45:39.114;48.6259;3.31478;51.6046;-5.47428;45.4604;12.1038;6;WedgePeerBlueType
12:45:40.143;49.5046;3.20492;49.5282;3.13625;49.4811;3.27358;13;WedgePeerBlueType
12:45:42.171;48.6259;3.31478;51.6046;-5.47428;45.4604;12.1038;6;WedgePeerBlueType
12:45:42.561;49.5046;3.20492;49.5282;3.13625;49.4811;3.27358;13;WedgePeerBlueType
12:45:43.123;48.6259;3.31478;51.6046;-5.47428;45.4604;12.1038;6;WedgePeerBlueType
12:45:43.497;49.5046;3.20492;49.5282;3.13625;49.4811;3.27358;13;WedgePeerBlueType
12:45:43.981;48.6259;3.31478;51.6046;-5.47428;45.4604;12.1038;6;WedgePeerBlueType
12:45:57.132;49.5046;3.20492;49.5282;3.13625;49.4811;3.27358;13;WedgePeerBlueType
12:46:26.553;49.5044;3.20492;49.5986;2.93026;49.41;3.47957;11;WedgePeerBlueType
12:46:50.905;49.9989;3.11703;50.0921;2.84237;49.9054;3.39168;11;WedgePeerBlueType
12:46:58.596;49.4946;3.17059;49.5888;2.89593;49.4002;3.44524;11;WedgePeerBlueType
12:47:00.249;49.9989;3.11703;50.0921;2.84237;49.9054;3.39168;11;WedgePeerBlueType
12:47:01.466;49.4982;3.17059;49.5924;2.89593;49.4038;3.44524;11;WedgePeerBlueType
12:47:02.277;49.9989;3.11703;50.0921;2.84237;49.9054;3.39168;11;WedgePeerBlueType
12:47:13.244;48.6259;3.31478;48.7218;3.04012;48.5298;3.58943;11;WedgePeerBlueType
12:47:14.757;50.0015;3.11703;50.0248;3.04836;49.9782;3.18569;13;WedgePeerBlueType
12:50:40.334;48.6259;3.31478;48.6379;3.28045;48.6139;3.34911;14;WedgePeerBlueType
12:50:41.177;49.858;3.51065;49.8814;3.44199;49.8346;3.57931;13;WedgePeerBlueType
12:50:41.457;48.6259;3.31478;51.6046;-5.47428;45.4604;12.1038;6;WedgePeerBlueType
12:50:41.785;49.858;3.51065;49.8814;3.44199;49.8346;3.57931;13;WedgePeerBlueType
12:50:42.783;48.6259;3.31478;51.6046;-5.47428;45.4604;12.1038;6;WedgePeerBlueType
12:50:43.314;49.858;3.51065;49.8814;3.44199;49.8346;3.57931;13;WedgePeerBlueType
12:50:43.688;48.6259;3.31478;51.6046;-5.47428;45.4604;12.1038;6;WedgePeerBlueType
12:50:44.000;49.858;3.51065;49.8814;3.44199;49.8346;3.57931;13;WedgePeerBlueType
12:50:49.991;48.6259;3.31478;51.6046;-5.47428;45.4604;12.1038;6;WedgePeerBlueType
12:50:50.973;49.858;3.51065;49.8814;3.44199;49.8346;3.57931;13;WedgePeerBlueType
12:50:51.426;48.6259;3.31478;51.6046;-5.47428;45.4604;12.1038;6;WedgePeerBlueType
12:50:51.644;49.858;3.51065;49.8814;3.44199;49.8346;3.57931;13;WedgePeerBlueType
12:50:51.831;48.6259;3.31478;51.6046;-5.47428;45.4604;12.1038;6;WedgePeerBlueType
12:50:51.987;49.858;3.51065;49.8814;3.44199;49.8346;3.57931;13;WedgePeerBlueType
12:50:52.190;48.6259;3.31478;51.6046;-5.47428;45.4604;12.1038;6;WedgePeerBlueType
12:50:52.377;49.858;3.51065;49.8814;3.44199;49.8346;3.57931;13;WedgePeerBlueType
12:50:52.580;48.6259;3.31478;51.6046;-5.47428;45.4604;12.1038;6;WedgePeerBlueType
12:50:52.736;49.858;3.51065;49.8814;3.44199;49.8346;3.57931;13;WedgePeerBlueType
12:50:52.955;48.6259;3.31478;51.6046;-5.47428;45.4604;12.1038;6;WedgePeerBlueType
12:50:53.111;49.858;3.51065;49.8814;3.44199;49.8346;3.57931;13;WedgePeerBlueType
12:50:53.547;48.6259;3.31478;51.6046;-5.47428;45.4604;12.1038;6;WedgePeerBlueType
12:50:54.031;49.858;3.51065;49.8814;3.44199;49.8346;3.57931;13;WedgePeerBlueType
12:50:55.123;48.6259;3.31478;51.6046;-5.47428;45.4604;12.1038;6;WedgePeerBlueType
12:50:55.544;49.858;3.51065;49.8814;3.44199;49.8346;3.57931;13;WedgePeerBlueType
12:50:56.340;48.6259;3.31478;51.6046;-5.47428;45.4604;12.1038;6;WedgePeerBlueType
12:50:56.745;49.858;3.51065;49.8814;3.44199;49.8346;3.57931;13;WedgePeerBlueType
12:51:03.547;48.6259;3.31478;51.6046;-5.47428;45.4604;12.1038;6;WedgePeerBlueType
12:51:06.043;49.858;3.51065;49.8814;3.44199;49.8346;3.57931;13;WedgePeerBlueType
12:51:06.464;48.6259;3.31478;51.6046;-5.47428;45.4604;12.1038;6;WedgePeerBlueType
12:51:06.948;49.858;3.51065;49.8814;3.44199;49.8346;3.57931;13;WedgePeerBlueType
12:51:07.307;48.6259;3.31478;51.6046;-5.47428;45.4604;12.1038;6;WedgePeerBlueType
12:51:07.712;49.858;3.51065;49.8814;3.44199;49.8346;3.57931;13;WedgePeerBlueType
12:51:20.910;48.6259;3.31478;51.6046;-5.47428;45.4604;12.1038;6;WedgePeerBlueType
