13:27:24.293;48.8547;2.34524;49.0455;1.79592;48.6632;2.89455;10
13:27:24.308;48.8547;2.34386;49.0455;1.79455;48.6632;2.89318;10
13:27:24.308;48.8547;2.34249;49.0455;1.79317;48.6632;2.8918;10
13:27:24.308;48.8547;2.33837;49.0455;1.78905;48.6632;2.88768;10
13:27:24.355;48.8547;2.33425;49.0455;1.78493;48.6632;2.88356;10
13:27:24.355;48.8547;2.3315;49.0455;1.78219;48.6632;2.88082;10
13:27:24.389;48.8547;2.32876;49.0455;1.77944;48.6632;2.87807;10
13:27:24.389;48.8547;2.32738;49.0455;1.77807;48.6632;2.8767;10
13:27:24.390;48.8547;2.32464;49.0455;1.77532;48.6632;2.87395;10
13:27:24.449;48.8538;2.32189;49.0446;1.77258;48.6623;2.8712;10
13:27:24.450;48.8538;2.32052;49.0446;1.7712;48.6623;2.86983;10
13:27:24.450;48.8538;2.31915;49.0446;1.76983;48.6623;2.86846;10
13:27:24.514;48.8538;2.31777;49.0446;1.76846;48.6623;2.86708;10
13:27:24.514;48.8538;2.31503;49.0446;1.76571;48.6623;2.86434;10
13:27:24.514;48.8538;2.31365;49.0446;1.76434;48.6623;2.86296;10
13:27:24.569;48.8538;2.30816;49.0446;1.75884;48.6623;2.85747;10
13:27:24.569;48.8538;2.30679;49.0446;1.75747;48.6623;2.8561;10
13:27:24.569;48.8538;2.30267;49.0446;1.75335;48.6623;2.85198;10
13:27:24.597;48.8538;2.29992;49.0446;1.7506;48.6623;2.84923;10
13:27:24.625;48.8538;2.29717;49.0446;1.74786;48.6623;2.84648;10
13:27:24.655;48.8538;2.2958;49.0446;1.74648;48.6623;2.84511;10
13:27:24.655;48.8538;2.29443;49.0446;1.74511;48.6623;2.84374;10
13:27:24.655;48.8538;2.29305;49.0446;1.74374;48.6623;2.84236;10
13:27:24.685;48.8538;2.29168;49.0446;1.74236;48.6623;2.84099;10
13:27:24.685;48.8538;2.29031;49.0446;1.74099;48.6623;2.83962;10
13:27:24.815;48.8547;2.29031;49.0455;1.74099;48.6632;2.83962;10
13:27:24.909;48.8547;2.29168;49.0455;1.74236;48.6632;2.84099;10
13:27:24.939;48.8547;2.29305;49.0455;1.74374;48.6632;2.84236;10
13:27:24.939;48.8547;2.29443;49.0455;1.74511;48.6632;2.84374;10
13:27:24.939;48.8547;2.29717;49.0455;1.74786;48.6632;2.84648;10
13:27:24.976;48.8547;2.30129;49.0455;1.75198;48.6632;2.8506;10
13:27:24.976;48.8547;2.30679;49.0455;1.75747;48.6632;2.8561;10
13:27:25.034;48.8538;2.31091;49.0446;1.76159;48.6623;2.86022;10
13:27:25.034;48.8538;2.31365;49.0446;1.76434;48.6623;2.86296;10
13:27:25.390;48.8547;2.3164;49.0455;1.76708;48.6632;2.86571;10
13:27:25.405;48.8547;2.31777;49.0455;1.76846;48.6632;2.86708;10
13:27:25.468;48.8547;2.31915;49.0455;1.76983;48.6632;2.86846;10
13:27:25.468;48.8565;2.32189;49.0473;1.77258;48.6651;2.8712;10
13:27:25.483;48.8565;2.32464;49.0473;1.77532;48.6651;2.87395;10
13:27:25.483;48.8565;2.32601;49.0473;1.7767;48.6651;2.87532;10
13:27:25.483;48.8574;2.32738;49.0482;1.77807;48.666;2.8767;10
13:27:25.561;48.8583;2.32738;49.0491;1.77807;48.6669;2.8767;10
13:27:25.561;48.861;2.33288;49.0518;1.78356;48.6696;2.88219;10
13:27:25.593;48.861;2.33425;49.0518;1.78493;48.6696;2.88356;10
13:27:25.593;48.8619;2.33425;49.0527;1.78493;48.6705;2.88356;10
13:27:25.624;48.8629;2.33562;49.0536;1.78631;48.6714;2.88494;10
13:27:25.639;48.8638;2.33562;49.0545;1.78631;48.6723;2.88494;10
13:27:25.686;48.8638;2.337;49.0545;1.78768;48.6723;2.88631;10
13:27:25.780;48.8638;2.33837;49.0545;1.78905;48.6723;2.88768;10
13:27:25.842;48.8638;2.33974;49.0545;1.79043;48.6723;2.88906;10
13:27:25.936;48.8638;2.34112;49.0545;1.7918;48.6723;2.89043;10
13:27:26.014;48.8629;2.34112;49.0536;1.7918;48.6714;2.89043;10
13:27:26.045;48.8619;2.34112;49.0527;1.7918;48.6705;2.89043;10
13:27:26.107;48.861;2.34112;49.0518;1.7918;48.6696;2.89043;10
13:27:26.139;48.861;2.34249;49.0518;1.79317;48.6696;2.8918;10
13:27:26.170;48.8601;2.34249;49.0509;1.79317;48.6687;2.8918;10
13:27:26.201;48.8592;2.34249;49.05;1.79317;48.6678;2.8918;10
13:27:26.232;48.8592;2.34386;49.05;1.79455;48.6678;2.89318;10
13:27:26.263;48.8592;2.34524;49.05;1.79592;48.6678;2.89455;10
13:27:26.310;48.8592;2.34661;49.05;1.79729;48.6678;2.89592;10
13:27:26.310;48.8592;2.34798;49.05;1.79867;48.6678;2.8973;10
13:27:26.310;48.8592;2.34936;49.05;1.80004;48.6678;2.89867;10
13:27:26.373;48.8592;2.35073;49.05;1.80141;48.6678;2.90004;10
13:27:26.435;48.8592;2.3521;49.05;1.80279;48.6678;2.90142;10
13:27:26.513;48.8592;2.35348;49.05;1.80416;48.6678;2.90279;10
13:27:26.544;48.8592;2.35485;49.05;1.80553;48.6678;2.90416;10
13:27:26.607;48.8592;2.35622;49.05;1.80691;48.6678;2.90554;10
13:27:26.653;48.8592;2.3576;49.05;1.80828;48.6678;2.90691;10
13:27:26.903;48.8592;2.35622;49.05;1.80691;48.6678;2.90554;10
13:27:26.919;48.8601;2.35622;49.0509;1.80691;48.6687;2.90554;10
13:27:26.997;48.861;2.35622;49.0518;1.80691;48.6696;2.90554;10
13:27:27.059;48.861;2.35485;49.0518;1.80553;48.6696;2.90416;10
13:27:27.121;48.8619;2.35485;49.0527;1.80553;48.6705;2.90416;10
13:27:28.993;48.8547;2.3315;49.0455;1.78218;48.6632;2.88081;10
13:27:28.993;48.8547;2.3315;49.0455;1.78218;48.6632;2.88081;10
13:27:28.993;48.8547;2.3315;49.0455;1.78218;48.6632;2.88081;10
13:27:28.993;48.8547;2.3315;49.0455;1.78218;48.6632;2.88081;10
13:27:33.190;48.8547;2.33288;49.0455;1.78356;48.6632;2.88219;10
13:27:33.190;48.8547;2.33288;49.0455;1.78356;48.6632;2.88219;10
13:27:33.190;48.8547;2.33288;49.0455;1.78356;48.6632;2.88219;10
13:27:33.190;48.8547;2.33288;49.0455;1.78356;48.6632;2.88219;10
13:27:33.190;48.8547;2.33288;49.0455;1.78356;48.6632;2.88219;10
13:27:33.190;48.8547;2.33288;49.0455;1.78356;48.6632;2.88219;10
13:27:33.190;48.8547;2.33288;49.0455;1.78356;48.6632;2.88219;10
13:27:33.190;48.8547;2.33288;49.0455;1.78356;48.6632;2.88219;10
13:27:33.361;48.8547;2.33425;49.0455;1.78493;48.6632;2.88356;10
13:27:33.361;48.8547;2.33425;49.0455;1.78493;48.6632;2.88356;10
13:27:33.361;48.8547;2.33425;49.0455;1.78493;48.6632;2.88356;10
13:27:33.361;48.8547;2.33425;49.0455;1.78493;48.6632;2.88356;10
13:27:33.361;48.8547;2.33425;49.0455;1.78493;48.6632;2.88356;10
13:27:33.361;48.8547;2.33425;49.0455;1.78493;48.6632;2.88356;10
13:27:33.361;48.8547;2.33425;49.0455;1.78493;48.6632;2.88356;10
13:27:33.361;48.8547;2.33425;49.0455;1.78493;48.6632;2.88356;10
13:27:33.424;48.8547;2.33562;49.0455;1.7863;48.6632;2.88493;10
13:27:33.424;48.8547;2.33562;49.0455;1.7863;48.6632;2.88493;10
13:27:33.424;48.8547;2.33562;49.0455;1.7863;48.6632;2.88493;10
13:27:33.424;48.8547;2.33562;49.0455;1.7863;48.6632;2.88493;10
13:27:33.424;48.8547;2.33562;49.0455;1.7863;48.6632;2.88493;10
13:27:33.424;48.8547;2.33562;49.0455;1.7863;48.6632;2.88493;10
13:27:33.424;48.8547;2.33562;49.0455;1.7863;48.6632;2.88493;10
13:27:33.424;48.8547;2.33562;49.0455;1.7863;48.6632;2.88493;10
13:27:34.095;48.8547;2.337;49.0455;1.78768;48.6632;2.88631;10
13:27:34.095;48.8547;2.337;49.0455;1.78768;48.6632;2.88631;10
13:27:34.095;48.8547;2.337;49.0455;1.78768;48.6632;2.88631;10
13:27:34.095;48.8547;2.337;49.0455;1.78768;48.6632;2.88631;10
13:27:34.095;48.8547;2.337;49.0455;1.78768;48.6632;2.88631;10
13:27:34.095;48.8547;2.337;49.0455;1.78768;48.6632;2.88631;10
13:27:34.095;48.8547;2.337;49.0455;1.78768;48.6632;2.88631;10
13:27:34.095;48.8547;2.337;49.0455;1.78768;48.6632;2.88631;10
13:27:34.173;48.8547;2.33837;49.0455;1.78905;48.6632;2.88768;10
13:27:34.173;48.8547;2.33837;49.0455;1.78905;48.6632;2.88768;10
13:27:34.173;48.8547;2.33837;49.0455;1.78905;48.6632;2.88768;10
13:27:34.173;48.8547;2.33837;49.0455;1.78905;48.6632;2.88768;10
13:27:34.173;48.8547;2.33837;49.0455;1.78905;48.6632;2.88768;10
13:27:34.173;48.8547;2.33837;49.0455;1.78905;48.6632;2.88768;10
13:27:34.173;48.8547;2.33837;49.0455;1.78905;48.6632;2.88768;10
13:27:34.173;48.8547;2.33837;49.0455;1.78905;48.6632;2.88768;10
13:27:34.329;48.8556;2.33974;49.0464;1.79042;48.6642;2.88905;10
13:27:34.329;48.8556;2.33974;49.0464;1.79042;48.6642;2.88905;10
13:27:34.329;48.8556;2.33974;49.0464;1.79042;48.6642;2.88905;10
13:27:34.329;48.8556;2.33974;49.0464;1.79042;48.6642;2.88905;10
13:27:34.329;48.8556;2.33974;49.0464;1.79042;48.6642;2.88905;10
13:27:34.329;48.8556;2.33974;49.0464;1.79042;48.6642;2.88905;10
13:27:34.329;48.8556;2.33974;49.0464;1.79042;48.6642;2.88905;10
13:27:34.329;48.8556;2.33974;49.0464;1.79042;48.6642;2.88905;10
13:27:34.422;48.8556;2.34112;49.0464;1.7918;48.6642;2.89043;10
13:27:34.422;48.8556;2.34112;49.0464;1.7918;48.6642;2.89043;10
13:27:34.422;48.8556;2.34112;49.0464;1.7918;48.6642;2.89043;10
13:27:34.422;48.8556;2.34112;49.0464;1.7918;48.6642;2.89043;10
13:27:34.422;48.8556;2.34112;49.0464;1.7918;48.6642;2.89043;10
13:27:34.422;48.8556;2.34112;49.0464;1.7918;48.6642;2.89043;10
13:27:34.422;48.8556;2.34112;49.0464;1.7918;48.6642;2.89043;10
13:27:34.422;48.8556;2.34112;49.0464;1.7918;48.6642;2.89043;10
13:27:34.547;48.8556;2.34249;49.0464;1.79317;48.6642;2.8918;10
13:27:34.547;48.8556;2.34249;49.0464;1.79317;48.6642;2.8918;10
13:27:34.547;48.8556;2.34249;49.0464;1.79317;48.6642;2.8918;10
13:27:34.547;48.8556;2.34249;49.0464;1.79317;48.6642;2.8918;10
13:27:34.547;48.8556;2.34249;49.0464;1.79317;48.6642;2.8918;10
13:27:34.547;48.8556;2.34249;49.0464;1.79317;48.6642;2.8918;10
13:27:34.547;48.8556;2.34249;49.0464;1.79317;48.6642;2.8918;10
13:27:34.547;48.8556;2.34249;49.0464;1.79317;48.6642;2.8918;10
13:27:34.625;48.8565;2.34249;49.0473;1.79317;48.6651;2.8918;10
13:27:34.625;48.8565;2.34249;49.0473;1.79317;48.6651;2.8918;10
13:27:34.625;48.8565;2.34249;49.0473;1.79317;48.6651;2.8918;10
13:27:34.625;48.8565;2.34249;49.0473;1.79317;48.6651;2.8918;10
13:27:34.625;48.8565;2.34249;49.0473;1.79317;48.6651;2.8918;10
13:27:34.625;48.8565;2.34249;49.0473;1.79317;48.6651;2.8918;10
13:27:34.625;48.8565;2.34249;49.0473;1.79317;48.6651;2.8918;10
13:27:34.625;48.8565;2.34249;49.0473;1.79317;48.6651;2.8918;10
13:27:34.687;48.8565;2.34386;49.0473;1.79454;48.6651;2.89317;10
13:27:34.687;48.8565;2.34386;49.0473;1.79454;48.6651;2.89317;10
13:27:34.687;48.8565;2.34386;49.0473;1.79454;48.6651;2.89317;10
13:27:34.687;48.8565;2.34386;49.0473;1.79454;48.6651;2.89317;10
13:27:34.687;48.8565;2.34386;49.0473;1.79454;48.6651;2.89317;10
13:27:34.687;48.8565;2.34386;49.0473;1.79454;48.6651;2.89317;10
13:27:34.687;48.8565;2.34386;49.0473;1.79454;48.6651;2.89317;10
13:27:34.687;48.8565;2.34386;49.0473;1.79454;48.6651;2.89317;10
13:27:34.968;48.8565;2.34524;49.0473;1.79592;48.6651;2.89455;10
13:27:34.968;48.8565;2.34524;49.0473;1.79592;48.6651;2.89455;10
13:27:34.968;48.8565;2.34524;49.0473;1.79592;48.6651;2.89455;10
13:27:34.968;48.8565;2.34524;49.0473;1.79592;48.6651;2.89455;10
13:27:34.968;48.8565;2.34524;49.0473;1.79592;48.6651;2.89455;10
13:27:34.968;48.8565;2.34524;49.0473;1.79592;48.6651;2.89455;10
13:27:34.968;48.8565;2.34524;49.0473;1.79592;48.6651;2.89455;10
13:27:34.968;48.8565;2.34524;49.0473;1.79592;48.6651;2.89455;10
13:27:34.984;48.8565;2.34798;49.0473;1.79866;48.6651;2.89729;10
13:27:34.984;48.8565;2.34798;49.0473;1.79866;48.6651;2.89729;10
13:27:34.984;48.8565;2.34798;49.0473;1.79866;48.6651;2.89729;10
13:27:34.984;48.8565;2.34798;49.0473;1.79866;48.6651;2.89729;10
13:27:34.984;48.8565;2.34798;49.0473;1.79866;48.6651;2.89729;10
13:27:34.984;48.8565;2.34798;49.0473;1.79866;48.6651;2.89729;10
13:27:34.984;48.8565;2.34798;49.0473;1.79866;48.6651;2.89729;10
13:27:34.984;48.8565;2.34798;49.0473;1.79866;48.6651;2.89729;10
13:27:34.984;48.8574;2.34798;49.0482;1.79866;48.666;2.89729;10
13:27:34.984;48.8574;2.34798;49.0482;1.79866;48.666;2.89729;10
13:27:34.984;48.8574;2.34798;49.0482;1.79866;48.666;2.89729;10
13:27:34.984;48.8574;2.34798;49.0482;1.79866;48.666;2.89729;10
13:27:34.984;48.8574;2.34798;49.0482;1.79866;48.666;2.89729;10
13:27:34.984;48.8574;2.34798;49.0482;1.79866;48.666;2.89729;10
13:27:34.984;48.8574;2.34798;49.0482;1.79866;48.666;2.89729;10
13:27:34.984;48.8574;2.34798;49.0482;1.79866;48.666;2.89729;10
13:27:34.984;48.8574;2.34936;49.0482;1.80004;48.666;2.89867;10
13:27:34.984;48.8574;2.34936;49.0482;1.80004;48.666;2.89867;10
13:27:34.984;48.8574;2.34936;49.0482;1.80004;48.666;2.89867;10
13:27:34.984;48.8574;2.34936;49.0482;1.80004;48.666;2.89867;10
13:27:34.984;48.8574;2.34936;49.0482;1.80004;48.666;2.89867;10
13:27:34.984;48.8574;2.34936;49.0482;1.80004;48.666;2.89867;10
13:27:34.984;48.8574;2.34936;49.0482;1.80004;48.666;2.89867;10
13:27:34.984;48.8574;2.34936;49.0482;1.80004;48.666;2.89867;10
13:27:35.077;48.8574;2.35073;49.0482;1.80141;48.666;2.90004;10
13:27:35.077;48.8574;2.35073;49.0482;1.80141;48.666;2.90004;10
13:27:35.077;48.8574;2.35073;49.0482;1.80141;48.666;2.90004;10
13:27:35.077;48.8574;2.35073;49.0482;1.80141;48.666;2.90004;10
13:27:35.077;48.8574;2.35073;49.0482;1.80141;48.666;2.90004;10
13:27:35.077;48.8574;2.35073;49.0482;1.80141;48.666;2.90004;10
13:27:35.077;48.8574;2.35073;49.0482;1.80141;48.666;2.90004;10
13:27:35.077;48.8574;2.35073;49.0482;1.80141;48.666;2.90004;10
13:27:35.405;48.8583;2.35897;49.0491;1.80965;48.6669;2.90828;10
13:27:35.405;48.8583;2.35897;49.0491;1.80965;48.6669;2.90828;10
13:27:35.405;48.8583;2.35897;49.0491;1.80965;48.6669;2.90828;10
13:27:35.405;48.8583;2.35897;49.0491;1.80965;48.6669;2.90828;10
13:27:35.405;48.8583;2.35897;49.0491;1.80965;48.6669;2.90828;10
13:27:35.405;48.8583;2.35897;49.0491;1.80965;48.6669;2.90828;10
13:27:35.405;48.8583;2.35897;49.0491;1.80965;48.6669;2.90828;10
13:27:35.405;48.8583;2.35897;49.0491;1.80965;48.6669;2.90828;10
13:27:35.467;48.8583;2.36034;49.0491;1.81102;48.6669;2.90965;10
13:27:35.467;48.8583;2.36034;49.0491;1.81102;48.6669;2.90965;10
13:27:35.467;48.8583;2.36034;49.0491;1.81102;48.6669;2.90965;10
13:27:35.467;48.8583;2.36034;49.0491;1.81102;48.6669;2.90965;10
13:27:35.483;48.8583;2.36034;49.0491;1.81102;48.6669;2.90965;10
13:27:35.483;48.8583;2.36034;49.0491;1.81102;48.6669;2.90965;10
13:27:35.483;48.8583;2.36034;49.0491;1.81102;48.6669;2.90965;10
13:27:35.483;48.8583;2.36034;49.0491;1.81102;48.6669;2.90965;10
13:27:35.545;48.8583;2.36172;49.0491;1.81241;48.6669;2.91103;10
13:27:35.545;48.8583;2.36172;49.0491;1.81241;48.6669;2.91103;10
13:27:35.545;48.8583;2.36172;49.0491;1.81241;48.6669;2.91103;10
13:27:35.545;48.8583;2.36172;49.0491;1.81241;48.6669;2.91103;10
13:27:35.545;48.8583;2.36172;49.0491;1.81241;48.6669;2.91103;10
13:27:35.545;48.8583;2.36172;49.0491;1.81241;48.6669;2.91103;10
13:27:35.545;48.8583;2.36172;49.0491;1.81241;48.6669;2.91103;10
13:27:35.545;48.8583;2.36172;49.0491;1.81241;48.6669;2.91103;10
13:27:35.608;48.8583;2.36309;49.0491;1.81377;48.6669;2.9124;10
13:27:35.608;48.8583;2.36309;49.0491;1.81377;48.6669;2.9124;10
13:27:35.608;48.8583;2.36309;49.0491;1.81377;48.6669;2.9124;10
13:27:35.608;48.8583;2.36309;49.0491;1.81377;48.6669;2.9124;10
13:27:35.608;48.8583;2.36309;49.0491;1.81377;48.6669;2.9124;10
13:27:35.608;48.8583;2.36309;49.0491;1.81377;48.6669;2.9124;10
13:27:35.608;48.8583;2.36309;49.0491;1.81377;48.6669;2.9124;10
13:27:35.608;48.8583;2.36309;49.0491;1.81377;48.6669;2.9124;10
13:27:35.686;48.8592;2.36446;49.05;1.81514;48.6678;2.91377;10
13:27:35.686;48.8592;2.36446;49.05;1.81514;48.6678;2.91377;10
13:27:35.686;48.8592;2.36446;49.05;1.81514;48.6678;2.91377;10
13:27:35.686;48.8592;2.36446;49.05;1.81514;48.6678;2.91377;10
13:27:35.686;48.8592;2.36446;49.05;1.81514;48.6678;2.91377;10
13:27:35.686;48.8592;2.36446;49.05;1.81514;48.6678;2.91377;10
13:27:35.686;48.8592;2.36446;49.05;1.81514;48.6678;2.91377;10
13:27:35.686;48.8592;2.36446;49.05;1.81514;48.6678;2.91377;10
13:27:35.748;48.8592;2.36721;49.05;1.81789;48.6678;2.91652;10
13:27:35.748;48.8592;2.36721;49.05;1.81789;48.6678;2.91652;10
13:27:35.748;48.8592;2.36721;49.05;1.81789;48.6678;2.91652;10
13:27:35.748;48.8592;2.36721;49.05;1.81789;48.6678;2.91652;10
13:27:35.748;48.8592;2.36721;49.05;1.81789;48.6678;2.91652;10
13:27:35.748;48.8592;2.36721;49.05;1.81789;48.6678;2.91652;10
13:27:35.748;48.8592;2.36721;49.05;1.81789;48.6678;2.91652;10
13:27:35.748;48.8592;2.36721;49.05;1.81789;48.6678;2.91652;10
13:27:35.982;48.861;2.36996;49.0518;1.82065;48.6696;2.91927;10
13:27:35.982;48.861;2.36996;49.0518;1.82065;48.6696;2.91927;10
13:27:35.982;48.861;2.36996;49.0518;1.82065;48.6696;2.91927;10
13:27:35.982;48.861;2.36996;49.0518;1.82065;48.6696;2.91927;10
13:27:35.982;48.861;2.36996;49.0518;1.82065;48.6696;2.91927;10
13:27:35.982;48.861;2.36996;49.0518;1.82065;48.6696;2.91927;10
13:27:35.982;48.861;2.36996;49.0518;1.82065;48.6696;2.91927;10
13:27:35.982;48.861;2.36996;49.0518;1.82065;48.6696;2.91927;10
13:27:36.029;48.861;2.37133;49.0518;1.82201;48.6696;2.92064;10
13:27:36.029;48.861;2.37133;49.0518;1.82201;48.6696;2.92064;10
13:27:36.029;48.861;2.37133;49.0518;1.82201;48.6696;2.92064;10
13:27:36.029;48.861;2.37133;49.0518;1.82201;48.6696;2.92064;10
13:27:36.029;48.861;2.37133;49.0518;1.82201;48.6696;2.92064;10
13:27:36.029;48.861;2.37133;49.0518;1.82201;48.6696;2.92064;10
13:27:36.029;48.861;2.37133;49.0518;1.82201;48.6696;2.92064;10
13:27:36.029;48.861;2.37133;49.0518;1.82201;48.6696;2.92064;10
13:27:36.091;48.861;2.3727;49.0518;1.82338;48.6696;2.92201;10
13:27:36.091;48.861;2.3727;49.0518;1.82338;48.6696;2.92201;10
13:27:36.091;48.861;2.3727;49.0518;1.82338;48.6696;2.92201;10
13:27:36.091;48.861;2.3727;49.0518;1.82338;48.6696;2.92201;10
13:27:36.091;48.861;2.3727;49.0518;1.82338;48.6696;2.92201;10
13:27:36.091;48.861;2.3727;49.0518;1.82338;48.6696;2.92201;10
13:27:36.091;48.861;2.3727;49.0518;1.82338;48.6696;2.92201;10
13:27:36.091;48.861;2.3727;49.0518;1.82338;48.6696;2.92201;10
13:27:36.341;48.8638;2.37682;49.0545;1.8275;48.6723;2.92613;10
13:27:36.341;48.8638;2.37682;49.0545;1.8275;48.6723;2.92613;10
13:27:36.341;48.8638;2.37682;49.0545;1.8275;48.6723;2.92613;10
13:27:36.341;48.8638;2.37682;49.0545;1.8275;48.6723;2.92613;10
13:27:36.341;48.8638;2.37682;49.0545;1.8275;48.6723;2.92613;10
13:27:36.341;48.8638;2.37682;49.0545;1.8275;48.6723;2.92613;10
13:27:36.341;48.8638;2.37682;49.0545;1.8275;48.6723;2.92613;10
13:27:36.341;48.8638;2.37682;49.0545;1.8275;48.6723;2.92613;10
13:27:36.388;48.8638;2.3782;49.0545;1.82889;48.6723;2.92751;10
13:27:36.388;48.8638;2.3782;49.0545;1.82889;48.6723;2.92751;10
13:27:36.388;48.8638;2.3782;49.0545;1.82889;48.6723;2.92751;10
13:27:36.388;48.8638;2.3782;49.0545;1.82889;48.6723;2.92751;10
13:27:36.388;48.8638;2.3782;49.0545;1.82889;48.6723;2.92751;10
13:27:36.388;48.8638;2.3782;49.0545;1.82889;48.6723;2.92751;10
13:27:36.388;48.8638;2.3782;49.0545;1.82889;48.6723;2.92751;10
13:27:36.388;48.8638;2.3782;49.0545;1.82889;48.6723;2.92751;10
13:27:36.591;48.8647;2.38644;49.0554;1.83713;48.6732;2.93575;10
13:27:36.591;48.8647;2.38644;49.0554;1.83713;48.6732;2.93575;10
13:27:36.591;48.8647;2.38644;49.0554;1.83713;48.6732;2.93575;10
13:27:36.591;48.8647;2.38644;49.0554;1.83713;48.6732;2.93575;10
13:27:36.591;48.8647;2.38644;49.0554;1.83713;48.6732;2.93575;10
13:27:36.591;48.8647;2.38644;49.0554;1.83713;48.6732;2.93575;10
13:27:36.591;48.8647;2.38644;49.0554;1.83713;48.6732;2.93575;10
13:27:36.591;48.8647;2.38644;49.0554;1.83713;48.6732;2.93575;10
13:27:36.715;48.8647;2.38781;49.0554;1.83849;48.6732;2.93712;10
13:27:36.715;48.8647;2.38781;49.0554;1.83849;48.6732;2.93712;10
13:27:36.715;48.8647;2.38781;49.0554;1.83849;48.6732;2.93712;10
13:27:36.715;48.8647;2.38781;49.0554;1.83849;48.6732;2.93712;10
13:27:36.715;48.8647;2.38781;49.0554;1.83849;48.6732;2.93712;10
13:27:36.715;48.8647;2.38781;49.0554;1.83849;48.6732;2.93712;10
13:27:36.715;48.8647;2.38781;49.0554;1.83849;48.6732;2.93712;10
13:27:36.715;48.8647;2.38781;49.0554;1.83849;48.6732;2.93712;10
13:27:36.715;48.8647;2.38918;49.0554;1.83986;48.6732;2.93849;10
13:27:36.715;48.8647;2.38918;49.0554;1.83986;48.6732;2.93849;10
13:27:36.715;48.8647;2.38918;49.0554;1.83986;48.6732;2.93849;10
13:27:36.715;48.8647;2.38918;49.0554;1.83986;48.6732;2.93849;10
13:27:36.715;48.8647;2.38918;49.0554;1.83986;48.6732;2.93849;10
13:27:36.715;48.8647;2.38918;49.0554;1.83986;48.6732;2.93849;10
13:27:36.715;48.8647;2.38918;49.0554;1.83986;48.6732;2.93849;10
13:27:36.715;48.8647;2.38918;49.0554;1.83986;48.6732;2.93849;10
13:27:36.856;48.8656;2.39193;49.0563;1.84261;48.6741;2.94124;10
13:27:36.856;48.8656;2.39193;49.0563;1.84261;48.6741;2.94124;10
13:27:36.856;48.8656;2.39193;49.0563;1.84261;48.6741;2.94124;10
13:27:36.856;48.8656;2.39193;49.0563;1.84261;48.6741;2.94124;10
13:27:36.856;48.8656;2.39193;49.0563;1.84261;48.6741;2.94124;10
13:27:36.856;48.8656;2.39193;49.0563;1.84261;48.6741;2.94124;10
13:27:36.856;48.8656;2.39193;49.0563;1.84261;48.6741;2.94124;10
13:27:36.856;48.8656;2.39193;49.0563;1.84261;48.6741;2.94124;10
13:27:36.856;48.8665;2.39193;49.0572;1.84261;48.675;2.94124;10
13:27:36.856;48.8665;2.39193;49.0572;1.84261;48.675;2.94124;10
13:27:36.856;48.8665;2.39193;49.0572;1.84261;48.675;2.94124;10
13:27:36.856;48.8665;2.39193;49.0572;1.84261;48.675;2.94124;10
13:27:36.856;48.8665;2.39193;49.0572;1.84261;48.675;2.94124;10
13:27:36.856;48.8665;2.39193;49.0572;1.84261;48.675;2.94124;10
13:27:36.856;48.8665;2.39193;49.0572;1.84261;48.675;2.94124;10
13:27:36.856;48.8665;2.39193;49.0572;1.84261;48.675;2.94124;10
13:27:36.856;48.8665;2.3933;49.0572;1.84398;48.675;2.94261;10
13:27:36.856;48.8665;2.3933;49.0572;1.84398;48.675;2.94261;10
13:27:36.856;48.8665;2.3933;49.0572;1.84398;48.675;2.94261;10
13:27:36.856;48.8665;2.3933;49.0572;1.84398;48.675;2.94261;10
13:27:36.856;48.8665;2.3933;49.0572;1.84398;48.675;2.94261;10
13:27:36.856;48.8665;2.3933;49.0572;1.84398;48.675;2.94261;10
13:27:36.856;48.8665;2.3933;49.0572;1.84398;48.675;2.94261;10
13:27:36.856;48.8665;2.3933;49.0572;1.84398;48.675;2.94261;10
13:27:36.918;48.8665;2.39468;49.0572;1.84537;48.675;2.94399;10
13:27:36.918;48.8665;2.39468;49.0572;1.84537;48.675;2.94399;10
13:27:36.918;48.8665;2.39468;49.0572;1.84537;48.675;2.94399;10
13:27:36.918;48.8665;2.39468;49.0572;1.84537;48.675;2.94399;10
13:27:36.918;48.8665;2.39468;49.0572;1.84537;48.675;2.94399;10
13:27:36.918;48.8665;2.39468;49.0572;1.84537;48.675;2.94399;10
13:27:36.918;48.8665;2.39468;49.0572;1.84537;48.675;2.94399;10
13:27:36.918;48.8665;2.39468;49.0572;1.84537;48.675;2.94399;10
13:27:37.402;48.8692;2.41802;49.0599;1.86871;48.6778;2.96733;10
13:27:37.402;48.8692;2.41802;49.0599;1.86871;48.6778;2.96733;10
13:27:37.402;48.8692;2.41802;49.0599;1.86871;48.6778;2.96733;10
13:27:37.402;48.8692;2.41802;49.0599;1.86871;48.6778;2.96733;10
13:27:37.402;48.8692;2.41802;49.0599;1.86871;48.6778;2.96733;10
13:27:37.402;48.8692;2.41802;49.0599;1.86871;48.6778;2.96733;10
13:27:37.402;48.8692;2.41802;49.0599;1.86871;48.6778;2.96733;10
13:27:37.402;48.8692;2.41802;49.0599;1.86871;48.6778;2.96733;10
13:27:37.402;48.8692;2.4194;49.0599;1.87008;48.6778;2.96871;10
13:27:37.402;48.8692;2.4194;49.0599;1.87008;48.6778;2.96871;10
13:27:37.402;48.8692;2.4194;49.0599;1.87008;48.6778;2.96871;10
13:27:37.402;48.8692;2.4194;49.0599;1.87008;48.6778;2.96871;10
13:27:37.402;48.8692;2.4194;49.0599;1.87008;48.6778;2.96871;10
13:27:37.402;48.8692;2.4194;49.0599;1.87008;48.6778;2.96871;10
13:27:37.402;48.8692;2.4194;49.0599;1.87008;48.6778;2.96871;10
13:27:37.402;48.8692;2.4194;49.0599;1.87008;48.6778;2.96871;10
13:27:37.402;48.8692;2.42077;49.0599;1.87145;48.6778;2.97008;10
13:27:37.402;48.8692;2.42077;49.0599;1.87145;48.6778;2.97008;10
13:27:37.402;48.8692;2.42077;49.0599;1.87145;48.6778;2.97008;10
13:27:37.402;48.8692;2.42077;49.0599;1.87145;48.6778;2.97008;10
13:27:37.402;48.8692;2.42077;49.0599;1.87145;48.6778;2.97008;10
13:27:37.402;48.8692;2.42077;49.0599;1.87145;48.6778;2.97008;10
13:27:37.402;48.8692;2.42077;49.0599;1.87145;48.6778;2.97008;10
13:27:37.402;48.8692;2.42077;49.0599;1.87145;48.6778;2.97008;10
13:27:37.449;48.8692;2.42214;49.0599;1.87283;48.6778;2.97145;10
13:27:37.449;48.8692;2.42214;49.0599;1.87283;48.6778;2.97145;10
13:27:37.449;48.8692;2.42214;49.0599;1.87283;48.6778;2.97145;10
13:27:37.449;48.8692;2.42214;49.0599;1.87283;48.6778;2.97145;10
13:27:37.449;48.8692;2.42214;49.0599;1.87283;48.6778;2.97145;10
13:27:37.449;48.8692;2.42214;49.0599;1.87283;48.6778;2.97145;10
13:27:37.449;48.8692;2.42214;49.0599;1.87283;48.6778;2.97145;10
13:27:37.449;48.8692;2.42214;49.0599;1.87283;48.6778;2.97145;10
13:27:37.495;48.8692;2.42352;49.0599;1.8742;48.6778;2.97283;10
13:27:37.495;48.8692;2.42352;49.0599;1.8742;48.6778;2.97283;10
13:27:37.495;48.8692;2.42352;49.0599;1.8742;48.6778;2.97283;10
13:27:37.495;48.8692;2.42352;49.0599;1.8742;48.6778;2.97283;10
13:27:37.495;48.8692;2.42352;49.0599;1.8742;48.6778;2.97283;10
13:27:37.495;48.8692;2.42352;49.0599;1.8742;48.6778;2.97283;10
13:27:37.495;48.8692;2.42352;49.0599;1.8742;48.6778;2.97283;10
13:27:37.495;48.8692;2.42352;49.0599;1.8742;48.6778;2.97283;10
13:27:37.885;48.8701;2.43176;49.0608;1.88244;48.6787;2.98107;10
13:27:37.885;48.8701;2.43176;49.0608;1.88244;48.6787;2.98107;10
13:27:37.885;48.8701;2.43176;49.0608;1.88244;48.6787;2.98107;10
13:27:37.885;48.8701;2.43176;49.0608;1.88244;48.6787;2.98107;10
13:27:37.885;48.8701;2.43176;49.0608;1.88244;48.6787;2.98107;10
13:27:37.885;48.8701;2.43176;49.0608;1.88244;48.6787;2.98107;10
13:27:37.885;48.8701;2.43176;49.0608;1.88244;48.6787;2.98107;10
13:27:37.885;48.8701;2.43176;49.0608;1.88244;48.6787;2.98107;10
13:27:38.104;48.8701;2.43313;49.0608;1.88381;48.6787;2.98244;10
13:27:38.104;48.8701;2.43313;49.0608;1.88381;48.6787;2.98244;10
13:27:38.104;48.8701;2.43313;49.0608;1.88381;48.6787;2.98244;10
13:27:38.104;48.8701;2.43313;49.0608;1.88381;48.6787;2.98244;10
13:27:38.104;48.8701;2.43313;49.0608;1.88381;48.6787;2.98244;10
13:27:38.104;48.8701;2.43313;49.0608;1.88381;48.6787;2.98244;10
13:27:38.104;48.8701;2.43313;49.0608;1.88381;48.6787;2.98244;10
13:27:38.104;48.8701;2.43313;49.0608;1.88381;48.6787;2.98244;10
13:27:38.104;48.8701;2.4345;49.0608;1.88519;48.6787;2.98381;10
13:27:38.104;48.8701;2.4345;49.0608;1.88519;48.6787;2.98381;10
13:27:38.104;48.8701;2.4345;49.0608;1.88519;48.6787;2.98381;10
13:27:38.104;48.8701;2.4345;49.0608;1.88519;48.6787;2.98381;10
13:27:38.104;48.8701;2.4345;49.0608;1.88519;48.6787;2.98381;10
13:27:38.104;48.8701;2.4345;49.0608;1.88519;48.6787;2.98381;10
13:27:38.104;48.8701;2.4345;49.0608;1.88519;48.6787;2.98381;10
13:27:38.104;48.8701;2.4345;49.0608;1.88519;48.6787;2.98381;10
13:27:38.353;48.871;2.43587;49.0617;1.88655;48.6796;2.98518;10
13:27:38.353;48.871;2.43587;49.0617;1.88655;48.6796;2.98518;10
13:27:38.353;48.871;2.43587;49.0617;1.88655;48.6796;2.98518;10
13:27:38.353;48.871;2.43587;49.0617;1.88655;48.6796;2.98518;10
13:27:38.353;48.871;2.43587;49.0617;1.88655;48.6796;2.98518;10
13:27:38.353;48.871;2.43587;49.0617;1.88655;48.6796;2.98518;10
13:27:38.353;48.871;2.43587;49.0617;1.88655;48.6796;2.98518;10
13:27:38.353;48.871;2.43587;49.0617;1.88655;48.6796;2.98518;10
13:27:38.447;48.871;2.43725;49.0617;1.88793;48.6796;2.98656;10
13:27:38.447;48.871;2.43725;49.0617;1.88793;48.6796;2.98656;10
13:27:38.447;48.871;2.43725;49.0617;1.88793;48.6796;2.98656;10
13:27:38.447;48.871;2.43725;49.0617;1.88793;48.6796;2.98656;10
13:27:38.447;48.871;2.43725;49.0617;1.88793;48.6796;2.98656;10
13:27:38.447;48.871;2.43725;49.0617;1.88793;48.6796;2.98656;10
13:27:38.447;48.871;2.43725;49.0617;1.88793;48.6796;2.98656;10
13:27:38.447;48.871;2.43725;49.0617;1.88793;48.6796;2.98656;10
13:27:38.665;48.8728;2.44274;49.0635;1.89342;48.6814;2.99205;10
13:27:38.665;48.8728;2.44274;49.0635;1.89342;48.6814;2.99205;10
13:27:38.665;48.8728;2.44274;49.0635;1.89342;48.6814;2.99205;10
13:27:38.665;48.8728;2.44274;49.0635;1.89342;48.6814;2.99205;10
13:27:38.665;48.8728;2.44274;49.0635;1.89342;48.6814;2.99205;10
13:27:38.665;48.8728;2.44274;49.0635;1.89342;48.6814;2.99205;10
13:27:38.665;48.8728;2.44274;49.0635;1.89342;48.6814;2.99205;10
13:27:38.665;48.8728;2.44274;49.0635;1.89342;48.6814;2.99205;10
13:27:38.665;48.8728;2.44411;49.0635;1.89479;48.6814;2.99342;10
13:27:38.665;48.8728;2.44411;49.0635;1.89479;48.6814;2.99342;10
13:27:38.665;48.8728;2.44411;49.0635;1.89479;48.6814;2.99342;10
13:27:38.665;48.8728;2.44411;49.0635;1.89479;48.6814;2.99342;10
13:27:38.665;48.8728;2.44411;49.0635;1.89479;48.6814;2.99342;10
13:27:38.665;48.8728;2.44411;49.0635;1.89479;48.6814;2.99342;10
13:27:38.665;48.8728;2.44411;49.0635;1.89479;48.6814;2.99342;10
13:27:38.665;48.8728;2.44411;49.0635;1.89479;48.6814;2.99342;10
13:27:39.024;48.8728;2.44549;49.0635;1.89617;48.6814;2.9948;10
13:27:39.024;48.8728;2.44549;49.0635;1.89617;48.6814;2.9948;10
13:27:39.024;48.8728;2.44549;49.0635;1.89617;48.6814;2.9948;10
13:27:39.024;48.8728;2.44549;49.0635;1.89617;48.6814;2.9948;10
13:27:39.024;48.8728;2.44549;49.0635;1.89617;48.6814;2.9948;10
13:27:39.024;48.8728;2.44549;49.0635;1.89617;48.6814;2.9948;10
13:27:39.024;48.8728;2.44549;49.0635;1.89617;48.6814;2.9948;10
13:27:39.024;48.8728;2.44549;49.0635;1.89617;48.6814;2.9948;10
13:27:39.024;48.8728;2.44686;49.0635;1.89754;48.6814;2.99617;10
13:27:39.024;48.8728;2.44686;49.0635;1.89754;48.6814;2.99617;10
13:27:39.024;48.8728;2.44686;49.0635;1.89754;48.6814;2.99617;10
13:27:39.024;48.8728;2.44686;49.0635;1.89754;48.6814;2.99617;10
13:27:39.024;48.8728;2.44686;49.0635;1.89754;48.6814;2.99617;10
13:27:39.024;48.8728;2.44686;49.0635;1.89754;48.6814;2.99617;10
13:27:39.024;48.8728;2.44686;49.0635;1.89754;48.6814;2.99617;10
13:27:39.024;48.8728;2.44686;49.0635;1.89754;48.6814;2.99617;10
13:27:39.024;48.8737;2.44686;49.0644;1.89754;48.6823;2.99617;10
13:27:39.024;48.8737;2.44686;49.0644;1.89754;48.6823;2.99617;10
13:27:39.024;48.8737;2.44686;49.0644;1.89754;48.6823;2.99617;10
13:27:39.024;48.8737;2.44686;49.0644;1.89754;48.6823;2.99617;10
13:27:39.024;48.8737;2.44686;49.0644;1.89754;48.6823;2.99617;10
13:27:39.024;48.8737;2.44686;49.0644;1.89754;48.6823;2.99617;10
13:27:39.024;48.8737;2.44686;49.0644;1.89754;48.6823;2.99617;10
13:27:39.024;48.8737;2.44686;49.0644;1.89754;48.6823;2.99617;10
13:27:39.024;48.8737;2.44823;49.0644;1.89891;48.6823;2.99754;10
13:27:39.024;48.8737;2.44823;49.0644;1.89891;48.6823;2.99754;10
13:27:39.024;48.8737;2.44823;49.0644;1.89891;48.6823;2.99754;10
13:27:39.024;48.8737;2.44823;49.0644;1.89891;48.6823;2.99754;10
13:27:39.024;48.8737;2.44823;49.0644;1.89891;48.6823;2.99754;10
13:27:39.024;48.8737;2.44823;49.0644;1.89891;48.6823;2.99754;10
13:27:39.024;48.8737;2.44823;49.0644;1.89891;48.6823;2.99754;10
13:27:39.024;48.8737;2.44823;49.0644;1.89891;48.6823;2.99754;10
13:27:39.024;48.8737;2.44961;49.0644;1.90029;48.6823;2.99892;10
13:27:39.024;48.8737;2.44961;49.0644;1.90029;48.6823;2.99892;10
13:27:39.024;48.8737;2.44961;49.0644;1.90029;48.6823;2.99892;10
13:27:39.024;48.8737;2.44961;49.0644;1.90029;48.6823;2.99892;10
13:27:39.024;48.8737;2.44961;49.0644;1.90029;48.6823;2.99892;10
13:27:39.024;48.8737;2.44961;49.0644;1.90029;48.6823;2.99892;10
13:27:39.024;48.8737;2.44961;49.0644;1.90029;48.6823;2.99892;10
13:27:39.024;48.8737;2.44961;49.0644;1.90029;48.6823;2.99892;10
13:27:39.024;48.8737;2.45098;49.0644;1.90166;48.6823;3.00029;10
13:27:39.024;48.8737;2.45098;49.0644;1.90166;48.6823;3.00029;10
13:27:39.024;48.8737;2.45098;49.0644;1.90166;48.6823;3.00029;10
13:27:39.024;48.8737;2.45098;49.0644;1.90166;48.6823;3.00029;10
13:27:39.024;48.8737;2.45098;49.0644;1.90166;48.6823;3.00029;10
13:27:39.024;48.8737;2.45098;49.0644;1.90166;48.6823;3.00029;10
13:27:39.024;48.8737;2.45098;49.0644;1.90166;48.6823;3.00029;10
13:27:39.024;48.8737;2.45098;49.0644;1.90166;48.6823;3.00029;10
13:27:39.024;48.8755;2.46609;49.0662;1.91677;48.6841;3.0154;10
13:27:39.024;48.8755;2.46609;49.0662;1.91677;48.6841;3.0154;10
13:27:39.024;48.8755;2.46609;49.0662;1.91677;48.6841;3.0154;10
13:27:39.024;48.8755;2.46609;49.0662;1.91677;48.6841;3.0154;10
13:27:39.024;48.8755;2.46609;49.0662;1.91677;48.6841;3.0154;10
13:27:39.024;48.8755;2.46609;49.0662;1.91677;48.6841;3.0154;10
13:27:39.024;48.8755;2.46609;49.0662;1.91677;48.6841;3.0154;10
13:27:39.024;48.8755;2.46609;49.0662;1.91677;48.6841;3.0154;10
13:27:39.711;48.8764;2.47295;49.0671;1.92363;48.685;3.02226;10
13:27:39.711;48.8764;2.47295;49.0671;1.92363;48.685;3.02226;10
13:27:39.711;48.8764;2.47295;49.0671;1.92363;48.685;3.02226;10
13:27:39.711;48.8764;2.47295;49.0671;1.92363;48.685;3.02226;10
13:27:39.711;48.8764;2.47295;49.0671;1.92363;48.685;3.02226;10
13:27:39.711;48.8764;2.47295;49.0671;1.92363;48.685;3.02226;10
13:27:39.711;48.8764;2.47295;49.0671;1.92363;48.685;3.02226;10
13:27:39.711;48.8764;2.47295;49.0671;1.92363;48.685;3.02226;10
13:27:39.711;48.8764;2.4757;49.0671;1.92638;48.685;3.02501;10
13:27:39.711;48.8764;2.4757;49.0671;1.92638;48.685;3.02501;10
13:27:39.711;48.8764;2.4757;49.0671;1.92638;48.685;3.02501;10
13:27:39.711;48.8764;2.4757;49.0671;1.92638;48.685;3.02501;10
13:27:39.711;48.8764;2.4757;49.0671;1.92638;48.685;3.02501;10
13:27:39.711;48.8764;2.4757;49.0671;1.92638;48.685;3.02501;10
13:27:39.711;48.8764;2.4757;49.0671;1.92638;48.685;3.02501;10
13:27:39.711;48.8764;2.4757;49.0671;1.92638;48.685;3.02501;10
13:27:39.711;48.8764;2.47845;49.0671;1.92914;48.685;3.02776;10
13:27:39.711;48.8764;2.47845;49.0671;1.92914;48.685;3.02776;10
13:27:39.711;48.8764;2.47845;49.0671;1.92914;48.685;3.02776;10
13:27:39.711;48.8764;2.47845;49.0671;1.92914;48.685;3.02776;10
13:27:39.726;48.8764;2.47845;49.0671;1.92914;48.685;3.02776;10
13:27:39.726;48.8764;2.47845;49.0671;1.92914;48.685;3.02776;10
13:27:39.726;48.8764;2.47845;49.0671;1.92914;48.685;3.02776;10
13:27:39.726;48.8764;2.47845;49.0671;1.92914;48.685;3.02776;10
13:27:39.726;48.8764;2.48119;49.0671;1.93187;48.685;3.0305;10
13:27:39.726;48.8764;2.48119;49.0671;1.93187;48.685;3.0305;10
13:27:39.726;48.8764;2.48119;49.0671;1.93187;48.685;3.0305;10
13:27:39.726;48.8764;2.48119;49.0671;1.93187;48.685;3.0305;10
13:27:39.726;48.8764;2.48119;49.0671;1.93187;48.685;3.0305;10
13:27:39.726;48.8764;2.48119;49.0671;1.93187;48.685;3.0305;10
13:27:39.726;48.8764;2.48119;49.0671;1.93187;48.685;3.0305;10
13:27:39.726;48.8764;2.48119;49.0671;1.93187;48.685;3.0305;10
13:27:39.726;48.8764;2.48531;49.0671;1.93599;48.685;3.03462;10
13:27:39.726;48.8764;2.48531;49.0671;1.93599;48.685;3.03462;10
13:27:39.726;48.8764;2.48531;49.0671;1.93599;48.685;3.03462;10
13:27:39.726;48.8764;2.48531;49.0671;1.93599;48.685;3.03462;10
13:27:39.726;48.8764;2.48531;49.0671;1.93599;48.685;3.03462;10
13:27:39.726;48.8764;2.48531;49.0671;1.93599;48.685;3.03462;10
13:27:39.726;48.8764;2.48531;49.0671;1.93599;48.685;3.03462;10
13:27:39.726;48.8764;2.48531;49.0671;1.93599;48.685;3.03462;10
13:27:39.726;48.8764;2.48943;49.0671;1.94011;48.685;3.03874;10
13:27:39.726;48.8764;2.48943;49.0671;1.94011;48.685;3.03874;10
13:27:39.726;48.8764;2.48943;49.0671;1.94011;48.685;3.03874;10
13:27:39.726;48.8764;2.48943;49.0671;1.94011;48.685;3.03874;10
13:27:39.726;48.8764;2.48943;49.0671;1.94011;48.685;3.03874;10
13:27:39.726;48.8764;2.48943;49.0671;1.94011;48.685;3.03874;10
13:27:39.726;48.8764;2.48943;49.0671;1.94011;48.685;3.03874;10
13:27:39.726;48.8764;2.48943;49.0671;1.94011;48.685;3.03874;10
13:27:39.726;48.8764;2.49081;49.0671;1.9415;48.685;3.04012;10
13:27:39.726;48.8764;2.49081;49.0671;1.9415;48.685;3.04012;10
13:27:39.726;48.8764;2.49081;49.0671;1.9415;48.685;3.04012;10
13:27:39.726;48.8764;2.49081;49.0671;1.9415;48.685;3.04012;10
13:27:39.726;48.8764;2.49081;49.0671;1.9415;48.685;3.04012;10
13:27:39.726;48.8764;2.49081;49.0671;1.9415;48.685;3.04012;10
13:27:39.726;48.8764;2.49081;49.0671;1.9415;48.685;3.04012;10
13:27:39.726;48.8764;2.49081;49.0671;1.9415;48.685;3.04012;10
13:27:39.726;48.8764;2.49355;49.0671;1.94423;48.685;3.04286;10
13:27:39.726;48.8764;2.49355;49.0671;1.94423;48.685;3.04286;10
13:27:39.726;48.8764;2.49355;49.0671;1.94423;48.685;3.04286;10
13:27:39.726;48.8764;2.49355;49.0671;1.94423;48.685;3.04286;10
13:27:39.726;48.8764;2.49355;49.0671;1.94423;48.685;3.04286;10
13:27:39.726;48.8764;2.49355;49.0671;1.94423;48.685;3.04286;10
13:27:39.726;48.8764;2.49355;49.0671;1.94423;48.685;3.04286;10
13:27:39.726;48.8764;2.49355;49.0671;1.94423;48.685;3.04286;10
13:27:39.726;48.8773;2.49767;49.068;1.94835;48.6859;3.04698;10
13:27:39.726;48.8773;2.49767;49.068;1.94835;48.6859;3.04698;10
13:27:39.726;48.8773;2.49767;49.068;1.94835;48.6859;3.04698;10
13:27:39.726;48.8773;2.49767;49.068;1.94835;48.6859;3.04698;10
13:27:39.726;48.8773;2.49767;49.068;1.94835;48.6859;3.04698;10
13:27:39.726;48.8773;2.49767;49.068;1.94835;48.6859;3.04698;10
13:27:39.726;48.8773;2.49767;49.068;1.94835;48.6859;3.04698;10
13:27:39.726;48.8773;2.49767;49.068;1.94835;48.6859;3.04698;10
13:27:39.726;48.8773;2.50042;49.068;1.9511;48.6859;3.04973;10
13:27:39.726;48.8773;2.50042;49.068;1.9511;48.6859;3.04973;10
13:27:39.726;48.8773;2.50042;49.068;1.9511;48.6859;3.04973;10
13:27:39.726;48.8773;2.50042;49.068;1.9511;48.6859;3.04973;10
13:27:39.726;48.8773;2.50042;49.068;1.9511;48.6859;3.04973;10
13:27:39.726;48.8773;2.50042;49.068;1.9511;48.6859;3.04973;10
13:27:39.726;48.8773;2.50042;49.068;1.9511;48.6859;3.04973;10
13:27:39.726;48.8773;2.50042;49.068;1.9511;48.6859;3.04973;10
13:27:39.726;48.8773;2.50179;49.068;1.95247;48.6859;3.0511;10
13:27:39.726;48.8773;2.50179;49.068;1.95247;48.6859;3.0511;10
