15:03:00.805;48.8547;2.34661;48.9502;2.07195;48.7591;2.62126;11
15:03:00.805;48.8547;2.34661;48.9502;2.07195;48.7591;2.62126;11
15:03:01.054;48.8547;2.34661;48.9025;2.20928;48.8069;2.48393;12
15:03:01.054;48.8547;2.34661;48.9025;2.20928;48.8069;2.48393;12
15:03:01.525;48.8547;2.34661;48.8786;2.27795;48.8308;2.41527;13
15:03:01.525;48.8547;2.34661;48.8786;2.27795;48.8308;2.41527;13
15:03:02.784;48.8546;2.34661;48.8785;2.27795;48.8307;2.41527;13
15:03:02.796;48.8538;2.34661;48.8777;2.27795;48.8299;2.41527;13
15:03:02.810;48.8526;2.34661;48.8764;2.27795;48.8287;2.41527;13
15:03:02.824;48.8509;2.34661;48.8748;2.27795;48.827;2.41527;13
15:03:02.826;48.85;2.34661;48.8739;2.27795;48.8261;2.41527;13
15:03:02.826;48.8492;2.34661;48.8731;2.27795;48.8253;2.41527;13
15:03:02.853;48.848;2.34661;48.8719;2.27795;48.8242;2.41527;13
15:03:02.854;48.8461;2.34661;48.87;2.27795;48.8222;2.41527;13
15:03:02.881;48.8446;2.34661;48.8684;2.27795;48.8206;2.41527;13
15:03:02.882;48.843;2.34661;48.8669;2.27795;48.8191;2.41527;13
15:03:02.896;48.8423;2.34661;48.8662;2.27795;48.8184;2.41527;13
15:03:02.923;48.8414;2.34661;48.8653;2.27795;48.8175;2.41527;13
15:03:02.924;48.8407;2.34661;48.8646;2.27795;48.8168;2.41527;13
15:03:02.952;48.8403;2.34661;48.8642;2.27795;48.8164;2.41527;13
15:03:02.968;48.8401;2.34661;48.864;2.27795;48.8162;2.41527;13
15:03:02.983;48.84;2.34661;48.8639;2.27795;48.8161;2.41527;13
15:03:02.999;48.8399;2.34661;48.8638;2.27795;48.816;2.41527;13
15:03:03.011;48.8397;2.34661;48.8636;2.27795;48.8158;2.41527;13
15:03:03.012;48.8392;2.34661;48.8631;2.27795;48.8153;2.41527;13
15:03:03.027;48.839;2.34661;48.8629;2.27795;48.8151;2.41527;13
15:03:03.027;48.8388;2.34661;48.8627;2.27795;48.8149;2.41527;13
15:03:03.043;48.8386;2.34661;48.8624;2.27795;48.8147;2.41527;13
15:03:03.043;48.8383;2.34661;48.8622;2.27795;48.8144;2.41527;13
15:03:03.069;48.8381;2.34661;48.862;2.27795;48.8142;2.41527;13
15:03:03.070;48.8379;2.34644;48.8618;2.27777;48.814;2.4151;13
15:03:03.098;48.8378;2.34644;48.8617;2.27777;48.8139;2.4151;13
15:03:03.119;48.8377;2.34644;48.8615;2.27777;48.8138;2.4151;13
15:03:03.143;48.8374;2.34644;48.8613;2.27777;48.8135;2.4151;13
15:03:03.159;48.8373;2.34644;48.8612;2.27777;48.8134;2.4151;13
15:03:03.173;48.837;2.34644;48.8609;2.27777;48.8131;2.4151;13
15:03:03.187;48.8368;2.34644;48.8606;2.27777;48.8129;2.4151;13
15:03:03.202;48.8365;2.34627;48.8604;2.2776;48.8126;2.41493;13
15:03:03.205;48.8364;2.34627;48.8603;2.2776;48.8125;2.41493;13
15:03:03.263;48.8362;2.34627;48.8601;2.2776;48.8123;2.41493;13
15:03:03.264;48.8361;2.34627;48.86;2.2776;48.8122;2.41493;13
15:03:03.291;48.8358;2.34627;48.8597;2.2776;48.812;2.41493;13
15:03:03.306;48.8356;2.34627;48.8595;2.2776;48.8117;2.41493;13
15:03:03.321;48.8355;2.34627;48.8594;2.2776;48.8116;2.41493;13
15:03:03.444;48.8355;2.3461;48.8594;2.27743;48.8116;2.41476;13
15:03:03.471;48.8353;2.3461;48.8592;2.27743;48.8114;2.41476;13
15:03:03.485;48.8352;2.34592;48.8591;2.27726;48.8113;2.41458;13
15:03:03.499;48.8345;2.34592;48.8584;2.27726;48.8106;2.41458;13
15:03:03.500;48.8335;2.34541;48.8574;2.27674;48.8096;2.41407;13
15:03:03.530;48.8324;2.34507;48.8562;2.2764;48.8084;2.41373;13
15:03:03.542;48.8318;2.34472;48.8557;2.27606;48.8079;2.41338;13
15:03:03.543;48.8309;2.34438;48.8548;2.27571;48.807;2.41304;13
15:03:03.574;48.8305;2.34421;48.8544;2.27554;48.8066;2.41287;13
15:03:03.576;48.8305;2.34404;48.8544;2.27537;48.8066;2.4127;13
15:03:03.611;48.8305;2.34386;48.8544;2.2752;48.8066;2.41252;13
15:03:03.612;48.8305;2.34369;48.8544;2.27503;48.8066;2.41235;13
15:03:03.655;48.8305;2.34352;48.8544;2.27486;48.8066;2.41218;13
15:03:04.021;48.8304;2.34352;48.8543;2.27486;48.8065;2.41218;13
15:03:04.032;48.828;2.34352;48.852;2.27486;48.8041;2.41218;13
15:03:04.034;48.8258;2.34352;48.8497;2.27486;48.8019;2.41218;13
15:03:04.034;48.8242;2.34352;48.8481;2.27486;48.8003;2.41218;13
15:03:04.063;48.8194;2.34352;48.8433;2.27486;48.7954;2.41218;13
15:03:04.065;48.8182;2.34352;48.8421;2.27486;48.7943;2.41218;13
15:03:04.065;48.8164;2.34352;48.8403;2.27486;48.7925;2.41218;13
15:03:04.092;48.8148;2.34352;48.8387;2.27486;48.7909;2.41218;13
15:03:04.093;48.8126;2.34352;48.8365;2.27486;48.7887;2.41218;13
15:03:04.121;48.8112;2.34352;48.8351;2.27486;48.7873;2.41218;13
15:03:04.135;48.8106;2.34352;48.8345;2.27486;48.7867;2.41218;13
15:03:04.137;48.8103;2.34352;48.8342;2.27486;48.7864;2.41218;13
15:03:04.137;48.81;2.34352;48.8339;2.27486;48.7861;2.41218;13
15:03:04.163;48.8099;2.34352;48.8338;2.27486;48.7859;2.41218;13
15:03:04.164;48.8095;2.34352;48.8334;2.27486;48.7856;2.41218;13
15:03:04.191;48.8094;2.34352;48.8333;2.27486;48.7855;2.41218;13
15:03:04.206;48.8093;2.34352;48.8332;2.27486;48.7854;2.41218;13
15:03:04.206;48.8092;2.34352;48.8331;2.27486;48.7853;2.41218;13
15:03:04.220;48.8091;2.34352;48.833;2.27486;48.7851;2.41218;13
15:03:04.233;48.8086;2.34352;48.8325;2.27486;48.7847;2.41218;13
15:03:04.234;48.808;2.34352;48.832;2.27486;48.7841;2.41218;13
15:03:04.264;48.8076;2.34352;48.8315;2.27486;48.7837;2.41218;13
15:03:04.275;48.8075;2.34352;48.8314;2.27486;48.7836;2.41218;13
15:03:04.533;48.8074;2.34352;48.8313;2.27486;48.7835;2.41218;13
15:03:04.544;48.805;2.34352;48.8289;2.27486;48.7811;2.41218;13
15:03:04.561;48.7989;2.34352;48.8228;2.27486;48.775;2.41218;13
15:03:04.562;48.7932;2.34352;48.8172;2.27486;48.7693;2.41218;13
15:03:04.594;48.7919;2.34352;48.8158;2.27486;48.768;2.41218;13
15:03:04.594;48.787;2.34352;48.8109;2.27486;48.7631;2.41218;13
15:03:04.622;48.7848;2.34352;48.8087;2.27486;48.7608;2.41218;13
15:03:04.636;48.7834;2.34352;48.8073;2.27486;48.7595;2.41218;13
15:03:04.649;48.7826;2.34352;48.8065;2.27486;48.7587;2.41218;13
15:03:04.650;48.7822;2.34352;48.8061;2.27486;48.7582;2.41218;13
15:03:04.664;48.7819;2.34352;48.8058;2.27486;48.758;2.41218;13
15:03:04.664;48.7818;2.34352;48.8057;2.27486;48.7579;2.41218;13
15:03:04.693;48.7817;2.34352;48.8056;2.27486;48.7578;2.41218;13
15:03:05.010;48.7815;2.34352;48.8054;2.27486;48.7575;2.41218;13
15:03:05.022;48.7808;2.34352;48.8047;2.27486;48.7569;2.41218;13
15:03:05.022;48.7789;2.34352;48.8028;2.27486;48.7549;2.41218;13
15:03:05.036;48.776;2.34352;48.8;2.27486;48.7521;2.41218;13
15:03:05.053;48.766;2.34352;48.7899;2.27486;48.742;2.41218;13
15:03:05.065;48.7618;2.34352;48.7857;2.27486;48.7379;2.41218;13
15:03:05.085;48.7577;2.34352;48.7816;2.27486;48.7338;2.41218;13
15:03:05.491;48.7574;2.34352;48.7813;2.27486;48.7334;2.41218;13
15:03:05.502;48.7532;2.34352;48.7771;2.27486;48.7293;2.41218;13
15:03:05.503;48.7504;2.34352;48.7743;2.27486;48.7264;2.41218;13
15:03:05.517;48.7459;2.34352;48.7699;2.27486;48.722;2.41218;13
15:03:05.518;48.7408;2.34352;48.7648;2.27486;48.7169;2.41218;13
15:03:05.535;48.7363;2.34352;48.7603;2.27486;48.7124;2.41218;13
15:03:05.536;48.7352;2.34352;48.7591;2.27486;48.7112;2.41218;13
15:03:05.566;48.7328;2.34352;48.7567;2.27486;48.7089;2.41218;13
15:03:05.566;48.7302;2.34352;48.7542;2.27486;48.7063;2.41218;13
15:03:06.419;48.6986;2.34352;48.7226;2.27486;48.6746;2.41218;13
15:03:06.601;48.6983;2.34352;48.7222;2.27486;48.6743;2.41218;13
15:03:06.610;48.6982;2.34352;48.7221;2.27486;48.6742;2.41218;13
15:03:06.622;48.6969;2.34352;48.7209;2.27486;48.6729;2.41218;13
15:03:06.635;48.6959;2.34352;48.7198;2.27486;48.6719;2.41218;13
15:03:06.636;48.6946;2.34352;48.7186;2.27486;48.6707;2.41218;13
15:03:06.636;48.694;2.34352;48.7179;2.27486;48.67;2.41218;13
15:03:06.658;48.6927;2.34352;48.7167;2.27486;48.6688;2.41218;13
15:03:06.659;48.6895;2.34352;48.7135;2.27486;48.6656;2.41218;13
15:03:06.681;48.688;2.34352;48.7119;2.27486;48.664;2.41218;13
15:03:06.682;48.6857;2.34352;48.7096;2.27486;48.6617;2.41218;13
15:03:06.705;48.6842;2.34352;48.7082;2.27486;48.6602;2.41218;13
15:03:06.707;48.6819;2.34335;48.7059;2.27468;48.658;2.41201;13
15:03:06.730;48.6808;2.34335;48.7048;2.27468;48.6568;2.41201;13
15:03:06.732;48.6791;2.34301;48.7031;2.27434;48.6551;2.41167;13
15:03:06.750;48.6789;2.34301;48.7029;2.27434;48.6549;2.41167;13
15:03:06.751;48.6781;2.34283;48.7021;2.27417;48.6541;2.41149;13
15:03:06.764;48.6772;2.34266;48.7011;2.274;48.6532;2.41132;13
15:03:06.782;48.6767;2.34266;48.7007;2.274;48.6528;2.41132;13
15:03:06.783;48.6763;2.34249;48.7002;2.27383;48.6523;2.41115;13
15:03:06.800;48.6759;2.34249;48.6999;2.27383;48.652;2.41115;13
15:03:06.801;48.6757;2.34249;48.6997;2.27383;48.6517;2.41115;13
15:03:06.810;48.6755;2.34249;48.6995;2.27383;48.6515;2.41115;13
15:03:06.819;48.6754;2.34249;48.6993;2.27383;48.6514;2.41115;13
15:03:06.828;48.675;2.34249;48.699;2.27383;48.6511;2.41115;13
15:03:06.829;48.6749;2.34249;48.6989;2.27383;48.6509;2.41115;13
15:03:06.846;48.6748;2.34249;48.6988;2.27383;48.6508;2.41115;13
15:03:06.856;48.6746;2.34249;48.6986;2.27383;48.6506;2.41115;13
15:03:06.867;48.6741;2.34249;48.6981;2.27383;48.6502;2.41115;13
15:03:06.868;48.674;2.34249;48.698;2.27383;48.65;2.41115;13
15:03:06.885;48.6738;2.34249;48.6978;2.27383;48.6498;2.41115;13
15:03:06.898;48.6737;2.34249;48.6976;2.27383;48.6497;2.41115;13
15:03:07.148;48.6732;2.34249;48.6972;2.27383;48.6492;2.41115;13
15:03:07.157;48.6689;2.34249;48.6929;2.27383;48.6449;2.41115;13
15:03:07.158;48.6645;2.34249;48.6885;2.27383;48.6405;2.41115;13
15:03:07.171;48.6582;2.34249;48.6822;2.27383;48.6343;2.41115;13
15:03:07.171;48.6541;2.34249;48.678;2.27383;48.6301;2.41115;13
15:03:07.184;48.6475;2.34249;48.6715;2.27383;48.6235;2.41115;13
15:03:07.202;48.6446;2.34249;48.6686;2.27383;48.6207;2.41115;13
15:03:07.654;48.6444;2.34249;48.6684;2.27383;48.6204;2.41115;13
15:03:07.680;48.6437;2.34249;48.6677;2.27383;48.6198;2.41115;13
15:03:07.695;48.6271;2.34249;48.6511;2.27383;48.6031;2.41115;13
15:03:07.696;48.623;2.34249;48.647;2.27383;48.599;2.41115;13
15:03:07.716;48.61;2.34249;48.634;2.27383;48.586;2.41115;13
15:03:07.724;48.6079;2.34249;48.6319;2.27383;48.5839;2.41115;13
15:03:07.734;48.6073;2.34249;48.6313;2.27383;48.5833;2.41115;13
15:03:07.861;48.6074;2.34249;48.6314;2.27383;48.5834;2.41115;13
15:03:07.878;48.6077;2.34249;48.6317;2.27383;48.5836;2.41115;13
15:03:08.162;48.6061;2.34249;48.6301;2.27383;48.5821;2.41115;13
15:03:08.175;48.5973;2.34249;48.6213;2.27383;48.5733;2.41115;13
15:03:08.186;48.5842;2.34249;48.6082;2.27383;48.5601;2.41115;13
15:03:08.188;48.5804;2.34249;48.6044;2.27383;48.5564;2.41115;13
15:03:08.199;48.5786;2.34249;48.6026;2.27383;48.5546;2.41115;13
