14:01:53.349;48.8565;2.34524;49.0473;1.79592;48.6651;2.89455;10
14:01:53.365;48.8574;2.34524;49.0482;1.79592;48.666;2.89455;10
14:01:53.443;48.8565;2.34524;49.0473;1.79592;48.6651;2.89455;10
14:01:53.443;48.8538;2.34524;49.0446;1.79592;48.6623;2.89455;10
14:01:53.474;48.8493;2.34524;49.0401;1.79592;48.6578;2.89455;10
14:01:53.474;48.8475;2.34524;49.0383;1.79592;48.656;2.89455;10
14:01:53.490;48.8466;2.34524;49.0374;1.79592;48.6551;2.89455;10
14:01:53.490;48.8448;2.34524;49.0356;1.79592;48.6533;2.89455;10
14:01:53.490;48.8448;2.34386;49.0356;1.79455;48.6533;2.89318;10
14:01:53.521;48.8448;2.33974;49.0356;1.79043;48.6533;2.88906;10
14:01:53.521;48.8448;2.33562;49.0356;1.78631;48.6533;2.88494;10
14:01:53.552;48.8448;2.3315;49.0356;1.78219;48.6533;2.88082;10
14:01:53.583;48.8484;2.33013;49.0392;1.78082;48.6569;2.87944;10
14:01:53.583;48.8511;2.33013;49.0419;1.78082;48.6596;2.87944;10
14:01:53.583;48.852;2.33013;49.0428;1.78082;48.6605;2.87944;10
14:01:53.599;48.8674;2.3315;49.0581;1.78219;48.6759;2.88082;10
14:01:53.802;48.8674;2.33562;49.0581;1.78631;48.6759;2.88494;10
14:01:53.833;48.8674;2.337;49.0581;1.78768;48.6759;2.88631;10
14:01:53.833;48.8674;2.34249;49.0581;1.79317;48.6759;2.8918;10
14:01:53.864;48.8674;2.34524;49.0581;1.79592;48.6759;2.89455;10
14:01:53.864;48.8674;2.34936;49.0581;1.80004;48.6759;2.89867;10
14:02:00.390;48.8674;2.34936;48.9628;2.0747;48.7718;2.62401;11
14:02:00.390;48.8674;2.34936;48.9628;2.0747;48.7718;2.62401;11
14:02:00.546;48.8674;2.34936;48.9151;2.21203;48.8196;2.48668;12
14:02:00.546;48.8674;2.34936;48.9151;2.21203;48.8196;2.48668;12
14:02:01.139;48.8669;2.34936;48.9147;2.21203;48.8191;2.48668;12
14:02:01.170;48.8656;2.34936;48.9133;2.21203;48.8178;2.48668;12
14:02:01.170;48.8631;2.34936;48.9108;2.21203;48.8153;2.48668;12
14:02:01.170;48.8613;2.34936;48.909;2.21203;48.8135;2.48668;12
14:02:01.201;48.8595;2.34936;48.9072;2.21203;48.8117;2.48668;12
14:02:01.232;48.8588;2.34936;48.9065;2.21203;48.811;2.48668;12
14:02:01.232;48.8586;2.34936;48.9063;2.21203;48.8108;2.48668;12
14:02:01.466;48.8583;2.34936;48.9061;2.21203;48.8105;2.48668;12
14:02:01.498;48.8581;2.34936;48.9059;2.21203;48.8103;2.48668;12
14:02:01.498;48.8577;2.3497;48.9054;2.21237;48.8099;2.48702;12
14:02:01.498;48.857;2.35004;48.9047;2.21272;48.8092;2.48737;12
14:02:01.529;48.8561;2.35073;48.9038;2.2134;48.8083;2.48805;12
14:02:01.529;48.8518;2.35279;48.8995;2.21546;48.804;2.49011;12
14:02:01.560;48.8491;2.35416;48.8968;2.21684;48.8013;2.49149;12
14:02:01.560;48.8479;2.35485;48.8957;2.21752;48.8001;2.49217;12
14:02:01.591;48.8457;2.35588;48.8934;2.21855;48.7979;2.4932;12
14:02:01.591;48.845;2.35588;48.8928;2.21855;48.7972;2.4932;12
14:02:01.591;48.8437;2.35691;48.8914;2.21958;48.7958;2.49423;12
14:02:01.622;48.8425;2.35725;48.8903;2.21992;48.7947;2.49458;12
14:02:01.654;48.8414;2.35725;48.8891;2.21992;48.7936;2.49458;12
14:02:01.654;48.8409;2.35725;48.8887;2.21992;48.7931;2.49458;12
14:02:01.669;48.8405;2.35725;48.8882;2.21992;48.7927;2.49458;12
14:02:01.669;48.8403;2.35725;48.888;2.21992;48.7924;2.49458;12
14:02:02.059;48.8398;2.35725;48.8876;2.21992;48.792;2.49458;12
14:02:02.090;48.8378;2.35725;48.8855;2.21992;48.79;2.49458;12
14:02:02.090;48.8299;2.35725;48.8776;2.21992;48.782;2.49458;12
14:02:02.090;48.8269;2.35725;48.8747;2.21992;48.7791;2.49458;12
14:02:02.122;48.8222;2.35725;48.87;2.21992;48.7743;2.49458;12
14:02:02.122;48.8197;2.35725;48.8675;2.21992;48.7719;2.49458;12
14:02:02.122;48.8127;2.35725;48.8605;2.21992;48.7649;2.49458;12
14:02:02.153;48.8093;2.35725;48.8571;2.21992;48.7615;2.49458;12
14:02:02.153;48.8057;2.3576;48.8535;2.22027;48.7578;2.49492;12
14:02:02.184;48.8036;2.3576;48.8514;2.22027;48.7558;2.49492;12
14:02:02.215;48.8025;2.3576;48.8503;2.22027;48.7547;2.49492;12
14:02:02.215;48.8018;2.3576;48.8496;2.22027;48.754;2.49492;12
14:02:02.215;48.8014;2.3576;48.8492;2.22027;48.7535;2.49492;12
14:02:02.246;48.8012;2.3576;48.849;2.22027;48.7533;2.49492;12
14:02:02.246;48.8009;2.3576;48.8487;2.22027;48.7531;2.49492;12
14:02:03.054;48.8012;2.35863;48.849;2.2213;48.7533;2.49595;12
14:02:03.088;48.8016;2.35931;48.8494;2.22198;48.7538;2.49664;12
14:02:03.088;48.8032;2.36137;48.851;2.22404;48.7553;2.4987;12
14:02:03.088;48.8052;2.36343;48.853;2.2261;48.7574;2.50076;12
14:02:03.135;48.8077;2.36549;48.8555;2.22816;48.7599;2.50282;12
14:02:03.135;48.8082;2.36549;48.856;2.22816;48.7603;2.50282;12
14:02:03.166;48.8102;2.36618;48.858;2.22885;48.7624;2.5035;12
14:02:03.166;48.8143;2.36652;48.8621;2.22919;48.7664;2.50385;12
14:02:03.166;48.8172;2.36652;48.865;2.22919;48.7694;2.50385;12
14:02:03.197;48.819;2.36652;48.8668;2.22919;48.7712;2.50385;12
14:02:03.197;48.8208;2.36652;48.8686;2.22919;48.773;2.50385;12
14:02:03.228;48.8217;2.36584;48.8695;2.22851;48.7739;2.50316;12
14:02:03.228;48.8219;2.36584;48.8697;2.22851;48.7741;2.50316;12
14:02:03.556;48.8224;2.36584;48.8702;2.22851;48.7746;2.50316;12
14:02:03.587;48.8258;2.36584;48.8736;2.22851;48.778;2.50316;12
14:02:03.587;48.828;2.36584;48.8758;2.22851;48.7802;2.50316;12
14:02:03.618;48.8434;2.36584;48.8912;2.22851;48.7956;2.50316;12
14:02:03.618;48.85;2.36515;48.8977;2.22782;48.8022;2.50247;12
14:02:03.650;48.8595;2.36275;48.9072;2.22542;48.8117;2.50007;12
14:02:03.650;48.8617;2.36172;48.9095;2.22439;48.8139;2.49904;12
14:02:03.650;48.8651;2.36103;48.9128;2.2237;48.8173;2.49835;12
14:02:03.681;48.871;2.35931;48.9187;2.22198;48.8232;2.49664;12
14:02:03.681;48.8732;2.35794;48.921;2.22061;48.8255;2.49526;12
14:02:03.712;48.8741;2.3576;48.9219;2.22027;48.8264;2.49492;12
14:02:04.040;48.8744;2.3576;48.9221;2.22027;48.8266;2.49492;12
14:02:04.040;48.875;2.3576;48.9228;2.22027;48.8273;2.49492;12
14:02:04.071;48.8809;2.3576;48.9286;2.22027;48.8331;2.49492;12
14:02:04.133;48.9073;2.3576;48.955;2.22027;48.8596;2.49492;12
14:02:04.133;48.9159;2.3576;48.9636;2.22027;48.8682;2.49492;12
14:02:04.149;48.9242;2.3576;48.9719;2.22027;48.8765;2.49492;12
14:02:04.149;48.9276;2.3576;48.9753;2.22027;48.8799;2.49492;12
14:02:04.149;48.9324;2.3576;48.98;2.22027;48.8846;2.49492;12
14:02:04.180;48.9348;2.3576;48.9825;2.22027;48.8871;2.49492;12
14:02:04.242;48.9366;2.35657;48.9843;2.21924;48.8889;2.49389;12
14:02:04.523;48.9369;2.35657;48.9846;2.21924;48.8892;2.49389;12
14:02:04.554;48.9373;2.35657;48.985;2.21924;48.8896;2.49389;12
14:02:04.554;48.9387;2.35657;48.9864;2.21924;48.891;2.49389;12
14:02:04.586;48.9434;2.35657;48.9911;2.21924;48.8957;2.49389;12
14:02:04.586;48.95;2.35657;48.9976;2.21924;48.9022;2.49389;12
14:02:04.617;48.9711;2.35863;49.0188;2.2213;48.9235;2.49595;12
14:02:04.617;48.9883;2.35897;49.0359;2.22164;48.9406;2.49629;12
14:02:04.648;49.0002;2.35897;49.0478;2.22164;48.9525;2.49629;12
14:02:04.695;49.0176;2.35828;49.0652;2.22095;48.9699;2.49561;12
14:02:05.272;49.0401;2.36378;49.0876;2.22645;48.9924;2.5011;12
14:02:05.288;49.0439;2.36446;49.0915;2.22713;48.9963;2.50179;12
14:02:05.288;49.0452;2.36481;49.0928;2.22748;48.9976;2.50213;12
14:02:05.319;49.0473;2.36549;49.0948;2.22816;48.9996;2.50282;12
14:02:05.319;49.0502;2.36618;49.0978;2.22885;49.0026;2.5035;12
14:02:05.350;49.0547;2.36721;49.1022;2.22988;49.0071;2.50453;12
14:02:05.381;49.0574;2.36755;49.1049;2.23022;49.0098;2.50488;12
14:02:05.381;49.0581;2.3679;49.1056;2.23057;49.0105;2.50522;12
14:02:05.381;49.061;2.3679;49.1085;2.23057;49.0134;2.50522;12
14:02:05.412;49.0621;2.3679;49.1097;2.23057;49.0145;2.50522;12
14:02:05.412;49.0635;2.3679;49.111;2.23057;49.0159;2.50522;12
14:02:05.412;49.0653;2.3679;49.1128;2.23057;49.0177;2.50522;12
14:02:05.444;49.0659;2.3679;49.1135;2.23057;49.0183;2.50522;12
14:02:05.444;49.0666;2.3679;49.1142;2.23057;49.019;2.50522;12
14:02:05.444;49.0671;2.3679;49.1146;2.23057;49.0195;2.50522;12
14:02:05.444;49.0673;2.3679;49.1148;2.23057;49.0197;2.50522;12
14:02:05.818;49.0675;2.3679;49.1151;2.23057;49.0199;2.50522;12
14:02:05.849;49.0677;2.3679;49.1153;2.23057;49.0201;2.50522;12
14:02:05.849;49.0682;2.3679;49.1157;2.23057;49.0206;2.50522;12
14:02:05.880;49.0686;2.3679;49.1162;2.23057;49.021;2.50522;12
14:02:05.880;49.0689;2.3679;49.1164;2.23057;49.0213;2.50522;12
14:02:05.912;49.0695;2.3679;49.1171;2.23057;49.0219;2.50522;12
14:02:05.912;49.0711;2.3679;49.1186;2.23057;49.0235;2.50522;12
14:02:05.943;49.0731;2.3679;49.1207;2.23057;49.0255;2.50522;12
14:02:05.943;49.0754;2.3679;49.1229;2.23057;49.0278;2.50522;12
14:02:05.974;49.0779;2.3679;49.1254;2.23057;49.0303;2.50522;12
14:02:05.974;49.0803;2.3679;49.1279;2.23057;49.0327;2.50522;12
14:02:06.005;49.083;2.36755;49.1306;2.23022;49.0354;2.50488;12
14:02:06.036;49.0839;2.36687;49.1315;2.22954;49.0364;2.50419;12
14:02:06.036;49.0868;2.36584;49.1344;2.22851;49.0393;2.50316;12
14:02:06.036;49.0875;2.36515;49.1351;2.22782;49.04;2.50247;12
14:02:06.068;49.0891;2.36412;49.1366;2.22679;49.0415;2.50144;12
14:02:06.083;49.0896;2.36343;49.1371;2.2261;49.042;2.50076;12
14:02:06.099;49.0898;2.36343;49.1373;2.2261;49.0422;2.50076;12
14:02:06.099;49.0905;2.36275;49.138;2.22542;49.0429;2.50007;12
14:02:06.146;49.0918;2.36172;49.1393;2.22439;49.0442;2.49904;12
14:02:06.146;49.092;2.36137;49.1395;2.22404;49.0444;2.4987;12
14:02:06.177;49.0923;2.36137;49.1398;2.22404;49.0447;2.4987;12
14:02:06.177;49.0923;2.36103;49.1398;2.2237;49.0447;2.49835;12
14:02:06.302;49.0925;2.36103;49.14;2.2237;49.0449;2.49835;12
14:02:06.348;49.0927;2.36103;49.1402;2.2237;49.0451;2.49835;12
14:02:06.348;49.0929;2.36103;49.1404;2.2237;49.0453;2.49835;12
14:02:06.348;49.0943;2.36103;49.1418;2.2237;49.0467;2.49835;12
14:02:06.380;49.0958;2.36103;49.1434;2.2237;49.0483;2.49835;12
14:02:06.411;49.0979;2.36103;49.1454;2.2237;49.0503;2.49835;12
14:02:06.411;49.0997;2.36103;49.1472;2.2237;49.0521;2.49835;12
14:02:06.442;49.1017;2.36103;49.1492;2.2237;49.0541;2.49835;12
14:02:06.442;49.1035;2.36137;49.151;2.22404;49.0559;2.4987;12
14:02:06.473;49.1053;2.36137;49.1528;2.22404;49.0577;2.4987;12
14:02:06.473;49.1069;2.36137;49.1544;2.22404;49.0593;2.4987;12
14:02:06.504;49.1096;2.36137;49.1571;2.22404;49.062;2.4987;12
14:02:06.504;49.1102;2.36137;49.1577;2.22404;49.0627;2.4987;12
14:02:06.504;49.1107;2.36137;49.1582;2.22404;49.0631;2.4987;12
14:02:06.536;49.1114;2.36137;49.1589;2.22404;49.0638;2.4987;12
14:02:06.894;49.1118;2.36137;49.1593;2.22404;49.0643;2.4987;12
14:02:06.926;49.1125;2.36137;49.16;2.22404;49.0649;2.4987;12
14:02:06.926;49.1134;2.36137;49.1609;2.22404;49.0658;2.4987;12
14:02:06.957;49.119;2.36137;49.1665;2.22404;49.0714;2.4987;12
14:02:06.957;49.1217;2.36137;49.1692;2.22404;49.0742;2.4987;12
14:02:07.004;49.1327;2.36103;49.1802;2.2237;49.0852;2.49835;12
14:02:07.019;49.139;2.35966;49.1865;2.22233;49.0915;2.49698;12
14:02:07.066;49.1419;2.35828;49.1894;2.22095;49.0944;2.49561;12
14:02:07.066;49.1432;2.35794;49.1907;2.22061;49.0957;2.49526;12
14:02:07.066;49.1444;2.35725;49.1918;2.21992;49.0969;2.49458;12
14:02:07.066;49.1457;2.35657;49.1932;2.21924;49.0982;2.49389;12
14:02:07.128;49.1493;2.35588;49.1968;2.21855;49.1018;2.4932;12
14:02:07.128;49.1504;2.35588;49.1979;2.21855;49.1029;2.4932;12
14:02:07.144;49.1509;2.35588;49.1984;2.21855;49.1034;2.4932;12
14:02:07.175;49.152;2.35519;49.1995;2.21786;49.1045;2.49252;12
14:02:07.175;49.1522;2.35519;49.1997;2.21786;49.1047;2.49252;12
14:02:07.206;49.1531;2.35519;49.2006;2.21786;49.1056;2.49252;12
14:02:07.206;49.1534;2.35485;49.2008;2.21752;49.1059;2.49217;12
14:02:07.238;49.1538;2.35485;49.2013;2.21752;49.1063;2.49217;12
14:02:07.238;49.154;2.35451;49.2015;2.21718;49.1065;2.49183;12
14:02:07.269;49.1545;2.35451;49.202;2.21718;49.107;2.49183;12
14:02:07.269;49.1547;2.35451;49.2022;2.21718;49.1072;2.49183;12
14:02:07.269;49.1552;2.35416;49.2026;2.21684;49.1077;2.49149;12
14:02:07.300;49.1561;2.35382;49.2035;2.21649;49.1086;2.49114;12
14:02:07.331;49.1565;2.35348;49.204;2.21615;49.109;2.4908;12
14:02:07.331;49.157;2.35313;49.2044;2.21581;49.1094;2.49046;12
14:02:07.362;49.1572;2.35313;49.2046;2.21581;49.1097;2.49046;12
14:02:07.815;49.1574;2.35313;49.2049;2.21581;49.1099;2.49046;12
14:02:07.846;49.1578;2.35313;49.2053;2.21581;49.1103;2.49046;12
14:02:07.846;49.1585;2.35313;49.206;2.21581;49.111;2.49046;12
14:02:07.877;49.1612;2.35313;49.2087;2.21581;49.1137;2.49046;12
14:02:07.877;49.1659;2.35313;49.2134;2.21581;49.1184;2.49046;12
14:02:07.908;49.1781;2.35313;49.2255;2.21581;49.1306;2.49046;12
14:02:07.908;49.1832;2.35313;49.2307;2.21581;49.1357;2.49046;12
14:02:07.940;49.1924;2.35176;49.2398;2.21443;49.1449;2.48908;12
14:02:07.940;49.1942;2.35142;49.2416;2.21409;49.1467;2.48874;12
14:02:07.940;49.1971;2.35039;49.2445;2.21306;49.1497;2.48771;12
14:02:07.940;49.198;2.35039;49.2454;2.21306;49.1506;2.48771;12
14:02:07.971;49.2009;2.3497;49.2484;2.21237;49.1535;2.48702;12
14:02:07.971;49.2016;2.3497;49.249;2.21237;49.1541;2.48702;12
14:02:08.002;49.2021;2.3497;49.2495;2.21237;49.1546;2.48702;12
14:02:08.002;49.2023;2.3497;49.2497;2.21237;49.1548;2.48702;12
14:02:08.064;49.2021;2.3497;49.2495;2.21237;49.1546;2.48702;12
14:02:08.376;49.2023;2.3497;49.2497;2.21237;49.1548;2.48702;12
14:02:08.408;49.2025;2.3497;49.2499;2.21237;49.155;2.48702;12
14:02:08.408;49.2032;2.3497;49.2506;2.21237;49.1557;2.48702;12
14:02:08.439;49.2043;2.3497;49.2517;2.21237;49.1568;2.48702;12
14:02:08.439;49.2068;2.3497;49.2542;2.21237;49.1593;2.48702;12
14:02:08.470;49.2088;2.3497;49.2562;2.21237;49.1613;2.48702;12
14:02:08.470;49.2106;2.3497;49.258;2.21237;49.1631;2.48702;12
14:02:08.470;49.2149;2.3497;49.2623;2.21237;49.1674;2.48702;12
14:02:08.532;49.2238;2.3497;49.2712;2.21237;49.1764;2.48702;12
14:02:08.532;49.2254;2.3497;49.2728;2.21237;49.1779;2.48702;12
14:02:08.532;49.2267;2.3497;49.2741;2.21237;49.1793;2.48702;12
14:02:08.564;49.2292;2.34936;49.2766;2.21203;49.1818;2.48668;12
14:02:08.579;49.231;2.34901;49.2784;2.21169;49.1836;2.48634;12
14:02:08.579;49.2326;2.34867;49.2799;2.21134;49.1851;2.48599;12
14:02:08.595;49.2335;2.34867;49.2808;2.21134;49.186;2.48599;12
14:02:08.642;49.2341;2.34833;49.2815;2.211;49.1867;2.48565;12
14:02:08.642;49.2357;2.34833;49.2831;2.211;49.1883;2.48565;12
14:02:08.642;49.2361;2.34833;49.2835;2.211;49.1887;2.48565;12
14:02:08.642;49.2366;2.34833;49.284;2.211;49.1892;2.48565;12
14:02:08.673;49.2375;2.34798;49.2849;2.21066;49.1901;2.48531;12
14:02:08.673;49.2382;2.34764;49.2855;2.21031;49.1907;2.48496;12
14:02:08.720;49.2393;2.3473;49.2867;2.20997;49.1919;2.48462;12
14:02:08.720;49.2395;2.3473;49.2869;2.20997;49.1921;2.48462;12
14:02:08.720;49.2402;2.3473;49.2876;2.20997;49.1927;2.48462;12
14:02:08.751;49.2406;2.3473;49.288;2.20997;49.1932;2.48462;12
14:02:08.751;49.2413;2.34695;49.2887;2.20963;49.1939;2.48428;12
14:02:08.751;49.2417;2.34695;49.2891;2.20963;49.1943;2.48428;12
14:02:08.751;49.2431;2.34661;49.2905;2.20928;49.1957;2.48393;12
14:02:08.798;49.2435;2.34661;49.2909;2.20928;49.1961;2.48393;12
14:02:08.798;49.2444;2.34627;49.2918;2.20894;49.197;2.48359;12
14:02:08.798;49.2451;2.34627;49.2925;2.20894;49.1977;2.48359;12
14:02:08.813;49.2467;2.34558;49.2941;2.20825;49.1993;2.4829;12
14:02:08.813;49.2469;2.34524;49.2943;2.20791;49.1995;2.48256;12
14:02:08.844;49.2478;2.34455;49.2952;2.20722;49.2004;2.48187;12
14:02:08.844;49.2482;2.34421;49.2956;2.20688;49.2008;2.48153;12
14:02:08.876;49.2494;2.34318;49.2967;2.20585;49.202;2.4805;12
14:02:08.876;49.2498;2.34283;49.2972;2.20551;49.2024;2.48016;12
14:02:09.250;49.25;2.34283;49.2974;2.20551;49.2026;2.48016;12
14:02:09.281;49.2505;2.34283;49.2979;2.20551;49.2031;2.48016;12
14:02:09.281;49.2509;2.34283;49.2983;2.20551;49.2035;2.48016;12
14:02:09.281;49.2518;2.34283;49.2992;2.20551;49.2044;2.48016;12
14:02:09.312;49.2536;2.34283;49.301;2.20551;49.2062;2.48016;12
14:02:09.312;49.2556;2.34283;49.303;2.20551;49.2082;2.48016;12
14:02:09.344;49.2635;2.34283;49.3108;2.20551;49.2161;2.48016;12
14:02:09.344;49.2673;2.34283;49.3147;2.20551;49.2199;2.48016;12
14:02:09.344;49.2742;2.34283;49.3216;2.20551;49.2268;2.48016;12
14:02:09.359;49.2796;2.34249;49.327;2.20516;49.2322;2.47981;12
14:02:09.390;49.2854;2.3418;49.3328;2.20448;49.2381;2.47913;12
14:02:09.390;49.2899;2.34112;49.3373;2.20379;49.2425;2.47844;12
14:02:09.422;49.2901;2.34112;49.3375;2.20379;49.2428;2.47844;12
14:02:09.422;49.2922;2.34043;49.3395;2.2031;49.2448;2.47775;12
14:02:09.453;49.2924;2.34043;49.3397;2.2031;49.245;2.47775;12
14:02:09.796;49.2926;2.34043;49.3399;2.2031;49.2452;2.47775;12
14:02:09.843;49.2928;2.34043;49.3402;2.2031;49.2454;2.47775;12
14:02:09.843;49.2937;2.34043;49.3411;2.2031;49.2463;2.47775;12
14:02:09.843;49.2962;2.34043;49.3435;2.2031;49.2488;2.47775;12
14:02:09.843;49.3004;2.34043;49.3478;2.2031;49.2531;2.47775;12
14:02:09.890;49.3045;2.34043;49.3518;2.2031;49.2571;2.47775;12
14:02:09.890;49.3089;2.34043;49.3563;2.2031;49.2616;2.47775;12
14:02:09.890;49.3107;2.34043;49.3581;2.2031;49.2634;2.47775;12
14:02:09.905;49.319;2.34043;49.3663;2.2031;49.2717;2.47775;12
14:02:09.921;49.3235;2.34043;49.3708;2.2031;49.2761;2.47775;12
14:02:09.936;49.3291;2.34043;49.3764;2.2031;49.2817;2.47775;12
14:02:09.936;49.3342;2.34043;49.3815;2.2031;49.2869;2.47775;12
14:02:09.999;49.3403;2.34043;49.3876;2.2031;49.2929;2.47775;12
14:02:09.999;49.3427;2.34043;49.39;2.2031;49.2954;2.47775;12
14:02:10.030;49.3432;2.34043;49.3905;2.2031;49.2959;2.47775;12
14:02:10.030;49.3434;2.34043;49.3907;2.2031;49.2961;2.47775;12
14:02:10.389;49.3436;2.34043;49.3909;2.2031;49.2963;2.47775;12
14:02:10.436;49.3439;2.34043;49.3911;2.2031;49.2965;2.47775;12
14:02:10.436;49.3461;2.34043;49.3934;2.2031;49.2988;2.47775;12
14:02:10.436;49.3494;2.34043;49.3967;2.2031;49.3021;2.47775;12
14:02:10.498;49.355;2.34043;49.4023;2.2031;49.3077;2.47775;12
14:02:10.498;49.3593;2.34043;49.4066;2.2031;49.312;2.47775;12
14:02:10.498;49.3651;2.34043;49.4124;2.2031;49.3178;2.47775;12
14:02:10.529;49.3705;2.34043;49.4177;2.2031;49.3232;2.47775;12
14:02:10.529;49.3778;2.34009;49.4251;2.20276;49.3306;2.47741;12
14:02:10.560;49.3807;2.3394;49.428;2.20207;49.3335;2.47672;12
14:02:10.560;49.3834;2.33906;49.4307;2.20173;49.3361;2.47638;12
14:02:10.592;49.3852;2.33906;49.4325;2.20173;49.3379;2.47638;12
14:02:10.592;49.3863;2.33906;49.4336;2.20173;49.3391;2.47638;12
14:02:10.607;49.3866;2.33906;49.4338;2.20173;49.3393;2.47638;12
14:02:11.138;49.3868;2.33906;49.434;2.20173;49.3395;2.47638;12
14:02:11.169;49.3872;2.33906;49.4345;2.20173;49.3399;2.47638;12
14:02:11.200;49.3879;2.33906;49.4351;2.20173;49.3406;2.47638;12
14:02:11.200;49.3899;2.33906;49.4371;2.20173;49.3426;2.47638;12
14:02:11.200;49.3944;2.33906;49.4416;2.20173;49.3471;2.47638;12
14:02:11.216;49.404;2.33906;49.4512;2.20173;49.3567;2.47638;12
14:02:11.216;49.4085;2.33906;49.4557;2.20173;49.3612;2.47638;12
14:02:11.247;49.4196;2.33906;49.4668;2.20173;49.3724;2.47638;12
14:02:11.247;49.4308;2.33803;49.478;2.2007;49.3835;2.47535;12
14:02:11.278;49.4359;2.33734;49.4831;2.20001;49.3887;2.47467;12
14:02:11.278;49.4424;2.33631;49.4896;2.19898;49.3952;2.47364;12
14:02:11.278;49.4451;2.33562;49.4923;2.1983;49.3979;2.47295;12
14:02:11.309;49.4464;2.33528;49.4936;2.19795;49.3992;2.47261;12
14:02:11.309;49.4482;2.33494;49.4954;2.19761;49.401;2.47226;12
14:02:11.309;49.4495;2.33459;49.4967;2.19727;49.4023;2.47192;12
14:02:11.309;49.4507;2.33425;49.4978;2.19692;49.4034;2.47158;12
14:02:11.340;49.4515;2.33391;49.4987;2.19658;49.4043;2.47123;12
14:02:11.403;49.4511;2.33391;49.4983;2.19658;49.4039;2.47123;12
14:02:11.403;49.4509;2.33391;49.4981;2.19658;49.4037;2.47123;12
14:02:11.746;49.4511;2.33391;49.4983;2.19658;49.4039;2.47123;12
14:02:11.777;49.4518;2.33391;49.499;2.19658;49.4045;2.47123;12
14:02:11.777;49.4524;2.33391;49.4996;2.19658;49.4052;2.47123;12
14:02:11.777;49.4531;2.33391;49.5003;2.19658;49.4059;2.47123;12
14:02:11.808;49.4542;2.33391;49.5014;2.19658;49.407;2.47123;12
14:02:11.808;49.4614;2.33391;49.5085;2.19658;49.4142;2.47123;12
14:02:11.824;49.4643;2.33391;49.5114;2.19658;49.4171;2.47123;12
14:02:11.824;49.4681;2.33391;49.5152;2.19658;49.4209;2.47123;12
14:02:11.855;49.4792;2.33356;49.5264;2.19624;49.432;2.47089;12
14:02:11.886;49.4837;2.33322;49.5308;2.19589;49.4365;2.47055;12
14:02:11.886;49.4861;2.33288;49.5333;2.19555;49.4389;2.4702;12
14:02:11.886;49.4873;2.33253;49.5344;2.19521;49.4401;2.46986;12
14:02:11.918;49.4884;2.33253;49.5355;2.19521;49.4412;2.46986;12
14:02:11.918;49.489;2.33253;49.5362;2.19521;49.4418;2.46986;12
14:02:11.918;49.4902;2.33253;49.5373;2.19521;49.443;2.46986;12
14:02:11.949;49.4904;2.33253;49.5375;2.19521;49.4432;2.46986;12
14:02:11.949;49.4906;2.33253;49.5377;2.19521;49.4434;2.46986;12
14:02:11.980;49.4908;2.33253;49.538;2.19521;49.4436;2.46986;12
14:02:12.323;49.4913;2.33253;49.5384;2.19521;49.4441;2.46986;12
14:02:12.354;49.4917;2.33253;49.5388;2.19521;49.4445;2.46986;12
14:02:12.354;49.493;2.33253;49.5402;2.19521;49.4459;2.46986;12
14:02:12.354;49.4948;2.33253;49.542;2.19521;49.4477;2.46986;12
14:02:12.401;49.4989;2.33253;49.546;2.19521;49.4517;2.46986;12
14:02:12.401;49.5071;2.33253;49.5542;2.19521;49.4599;2.46986;12
14:02:12.464;49.512;2.33253;49.5591;2.19521;49.4648;2.46986;12
14:02:12.464;49.5198;2.33253;49.5669;2.19521;49.4726;2.46986;12
14:02:12.464;49.5216;2.33253;49.5687;2.19521;49.4744;2.46986;12
14:02:12.464;49.5249;2.33253;49.572;2.19521;49.4778;2.46986;12
14:02:12.526;49.526;2.33253;49.5732;2.19521;49.4789;2.46986;12
14:02:12.542;49.5269;2.33253;49.574;2.19521;49.4798;2.46986;12
14:02:12.542;49.5271;2.33253;49.5743;2.19521;49.48;2.46986;12
14:02:12.588;49.5269;2.33253;49.574;2.19521;49.4798;2.46986;12
14:02:12.916;49.5274;2.33253;49.5745;2.19521;49.4802;2.46986;12
14:02:12.978;49.528;2.33253;49.5751;2.19521;49.4809;2.46986;12
14:02:12.978;49.5296;2.33253;49.5767;2.19521;49.4825;2.46986;12
14:02:12.978;49.5323;2.33253;49.5794;2.19521;49.4851;2.46986;12
14:02:12.978;49.5374;2.33253;49.5845;2.19521;49.4903;2.46986;12
14:02:12.978;49.5394;2.33253;49.5865;2.19521;49.4923;2.46986;12
14:02:13.025;49.5423;2.33253;49.5894;2.19521;49.4952;2.46986;12
14:02:13.025;49.5508;2.33253;49.5979;2.19521;49.5036;2.46986;12
14:02:13.025;49.5534;2.33253;49.6005;2.19521;49.5063;2.46986;12
14:02:13.025;49.5581;2.33253;49.6052;2.19521;49.511;2.46986;12
14:02:13.025;49.5606;2.33253;49.6077;2.19521;49.5135;2.46986;12
14:02:13.103;49.563;2.33253;49.6101;2.19521;49.5159;2.46986;12
14:02:13.103;49.5708;2.33253;49.6179;2.19521;49.5237;2.46986;12
14:02:13.103;49.5768;2.33253;49.6239;2.19521;49.5297;2.46986;12
14:02:13.166;49.5833;2.33253;49.6303;2.19521;49.5362;2.46986;12
14:02:13.166;49.5862;2.33253;49.6332;2.19521;49.5391;2.46986;12
14:02:13.166;49.588;2.33253;49.635;2.19521;49.5409;2.46986;12
14:02:13.166;49.5884;2.33253;49.6354;2.19521;49.5413;2.46986;12
14:02:13.228;49.5882;2.33253;49.6352;2.19521;49.5411;2.46986;12
14:02:13.259;49.5875;2.33253;49.6346;2.19521;49.5404;2.46986;12
14:02:13.259;49.5866;2.33253;49.6337;2.19521;49.5395;2.46986;12
14:02:13.290;49.5862;2.33253;49.6332;2.19521;49.5391;2.46986;12
14:02:13.649;49.5864;2.33253;49.6334;2.19521;49.5393;2.46986;12
14:02:13.712;49.5871;2.33253;49.6341;2.19521;49.54;2.46986;12
14:02:13.712;49.5873;2.33253;49.6343;2.19521;49.5402;2.46986;12
14:02:13.712;49.5882;2.33253;49.6352;2.19521;49.5411;2.46986;12
14:02:13.712;49.5926;2.33253;49.6397;2.19521;49.5455;2.46986;12
14:02:13.712;49.5955;2.33253;49.6426;2.19521;49.5484;2.46986;12
14:02:13.743;49.6013;2.33253;49.6483;2.19521;49.5542;2.46986;12
14:02:13.743;49.6075;2.33253;49.6546;2.19521;49.5605;2.46986;12
14:02:13.743;49.6124;2.33253;49.6595;2.19521;49.5654;2.46986;12
14:02:13.774;49.6173;2.33253;49.6643;2.19521;49.5703;2.46986;12
14:02:13.805;49.6198;2.33253;49.6668;2.19521;49.5727;2.46986;12
14:02:13.805;49.6216;2.33253;49.6686;2.19521;49.5745;2.46986;12
14:02:13.836;49.6227;2.33253;49.6697;2.19521;49.5756;2.46986;12
14:02:13.852;49.6229;2.33253;49.6699;2.19521;49.5758;2.46986;12
14:02:13.914;49.6227;2.33253;49.6697;2.19521;49.5756;2.46986;12
14:02:13.914;49.6216;2.33253;49.6686;2.19521;49.5745;2.46986;12
14:02:14.258;49.6222;2.33253;49.6692;2.19521;49.5752;2.46986;12
14:02:14.304;49.6227;2.33253;49.6697;2.19521;49.5756;2.46986;12
14:02:14.304;49.6233;2.33253;49.6703;2.19521;49.5763;2.46986;12
14:02:14.304;49.6244;2.33253;49.6715;2.19521;49.5774;2.46986;12
14:02:14.367;49.6291;2.33253;49.6761;2.19521;49.5821;2.46986;12
14:02:14.367;49.6318;2.33253;49.6788;2.19521;49.5847;2.46986;12
14:02:14.367;49.6347;2.33253;49.6817;2.19521;49.5876;2.46986;12
14:02:14.367;49.6416;2.33253;49.6886;2.19521;49.5945;2.46986;12
14:02:14.367;49.6458;2.33253;49.6928;2.19521;49.5988;2.46986;12
14:02:14.367;49.654;2.33253;49.701;2.19521;49.607;2.46986;12
14:02:14.367;49.662;2.33253;49.709;2.19521;49.615;2.46986;12
14:02:14.398;49.6676;2.33253;49.7145;2.19521;49.6205;2.46986;12
14:02:14.398;49.6722;2.33253;49.7192;2.19521;49.6252;2.46986;12
14:02:14.429;49.6756;2.33253;49.7225;2.19521;49.6286;2.46986;12
14:02:14.429;49.6771;2.33253;49.7241;2.19521;49.6301;2.46986;12
14:02:14.445;49.6776;2.33253;49.7245;2.19521;49.6306;2.46986;12
14:02:14.507;49.6773;2.33253;49.7243;2.19521;49.6303;2.46986;12
14:02:14.507;49.6767;2.33253;49.7236;2.19521;49.6297;2.46986;12
14:02:14.819;49.6771;2.33253;49.7241;2.19521;49.6301;2.46986;12
14:02:14.835;49.6782;2.33253;49.7252;2.19521;49.6312;2.46986;12
14:02:14.835;49.6789;2.33253;49.7259;2.19521;49.6319;2.46986;12
14:02:14.897;49.68;2.33253;49.727;2.19521;49.633;2.46986;12
14:02:14.897;49.6822;2.33253;49.7292;2.19521;49.6352;2.46986;12
14:02:14.897;49.6833;2.33253;49.7303;2.19521;49.6363;2.46986;12
14:02:14.897;49.6849;2.33253;49.7318;2.19521;49.6379;2.46986;12
14:02:14.897;49.6904;2.33253;49.7374;2.19521;49.6435;2.46986;12
14:02:14.897;49.694;2.33253;49.741;2.19521;49.647;2.46986;12
14:02:14.897;49.6971;2.33253;49.7441;2.19521;49.6501;2.46986;12
14:02:14.928;49.7044;2.33253;49.7514;2.19521;49.6575;2.46986;12
14:02:14.960;49.7109;2.33253;49.7578;2.19521;49.6639;2.46986;12
14:02:14.960;49.7175;2.33253;49.7645;2.19521;49.6706;2.46986;12
14:02:15.006;49.7224;2.33253;49.7693;2.19521;49.6755;2.46986;12
14:02:15.006;49.7246;2.33253;49.7716;2.19521;49.6777;2.46986;12
14:02:15.006;49.7266;2.33253;49.7736;2.19521;49.6797;2.46986;12
14:02:15.069;49.7277;2.33219;49.7747;2.19486;49.6808;2.46952;12
14:02:15.069;49.7282;2.33219;49.7751;2.19486;49.6812;2.46952;12
14:02:15.116;49.7275;2.33219;49.7744;2.19486;49.6806;2.46952;12
14:02:15.116;49.7264;2.33219;49.7733;2.19486;49.6795;2.46952;12
14:02:15.162;49.7255;2.33219;49.7724;2.19486;49.6786;2.46952;12
14:02:15.412;49.7264;2.33219;49.7733;2.19486;49.6795;2.46952;12
14:02:15.443;49.7275;2.33219;49.7744;2.19486;49.6806;2.46952;12
14:02:15.443;49.7313;2.33219;49.7782;2.19486;49.6843;2.46952;12
14:02:15.443;49.7364;2.33219;49.7833;2.19486;49.6894;2.46952;12
14:02:15.474;49.7426;2.33219;49.7895;2.19486;49.6957;2.46952;12
14:02:15.474;49.7468;2.33219;49.7937;2.19486;49.6999;2.46952;12
14:02:15.506;49.7555;2.33219;49.8024;2.19486;49.7085;2.46952;12
14:02:15.506;49.7597;2.33219;49.8066;2.19486;49.7128;2.46952;12
14:02:15.552;49.7657;2.33219;49.8126;2.19486;49.7188;2.46952;12
14:02:15.552;49.7712;2.33219;49.8181;2.19486;49.7243;2.46952;12
14:02:15.552;49.7761;2.33219;49.823;2.19486;49.7292;2.46952;12
14:02:15.615;49.7772;2.33219;49.8241;2.19486;49.7303;2.46952;12
14:02:15.615;49.779;2.33219;49.8259;2.19486;49.7321;2.46952;12
14:02:15.615;49.7792;2.33219;49.8261;2.19486;49.7323;2.46952;12
14:02:15.615;49.7794;2.33219;49.8263;2.19486;49.7325;2.46952;12
14:02:16.036;49.7812;2.33219;49.8281;2.19486;49.7343;2.46952;12
14:02:16.098;49.7821;2.33219;49.829;2.19486;49.7352;2.46952;12
14:02:16.098;49.785;2.33219;49.8318;2.19486;49.7381;2.46952;12
14:02:16.098;49.7872;2.33219;49.834;2.19486;49.7403;2.46952;12
14:02:16.098;49.7961;2.33219;49.8429;2.19486;49.7492;2.46952;12
14:02:16.145;49.8027;2.33219;49.8495;2.19486;49.7558;2.46952;12
14:02:16.145;49.806;2.33219;49.8529;2.19486;49.7592;2.46952;12
14:02:16.145;49.8114;2.33219;49.8582;2.19486;49.7645;2.46952;12
14:02:16.145;49.8202;2.33219;49.867;2.19486;49.7733;2.46952;12
14:02:16.208;49.8246;2.33219;49.8715;2.19486;49.7778;2.46952;12
14:02:16.208;49.8264;2.33219;49.8732;2.19486;49.7795;2.46952;12
14:02:16.208;49.8284;2.33219;49.8752;2.19486;49.7815;2.46952;12
14:02:16.208;49.8286;2.33219;49.8754;2.19486;49.7818;2.46952;12
14:02:16.254;49.8288;2.33219;49.8757;2.19486;49.782;2.46952;12
14:02:16.254;49.8291;2.33219;49.8759;2.19486;49.7822;2.46952;12
14:02:16.317;49.8288;2.33219;49.8757;2.19486;49.782;2.46952;12
14:02:16.629;49.8291;2.33219;49.8759;2.19486;49.7822;2.46952;12
14:02:16.691;49.8302;2.33219;49.877;2.19486;49.7833;2.46952;12
14:02:16.691;49.8304;2.33219;49.8772;2.19486;49.7835;2.46952;12
14:02:16.691;49.8317;2.33219;49.8785;2.19486;49.7849;2.46952;12
14:02:16.691;49.8339;2.33219;49.8807;2.19486;49.7871;2.46952;12
14:02:16.691;49.8355;2.33219;49.8823;2.19486;49.7886;2.46952;12
14:02:16.691;49.8373;2.33219;49.8841;2.19486;49.7904;2.46952;12
14:02:16.722;49.8439;2.33219;49.8907;2.19486;49.7971;2.46952;12
14:02:16.785;49.8641;2.33219;49.9108;2.19486;49.8172;2.46952;12
14:02:16.816;49.8685;2.33219;49.9152;2.19486;49.8217;2.46952;12
14:02:16.816;49.8705;2.33219;49.9172;2.19486;49.8236;2.46952;12
14:02:16.816;49.8711;2.33219;49.9179;2.19486;49.8243;2.46952;12
14:02:16.832;49.872;2.33219;49.9188;2.19486;49.8252;2.46952;12
14:02:16.832;49.8722;2.33219;49.919;2.19486;49.8254;2.46952;12
14:02:16.863;49.8725;2.33219;49.9192;2.19486;49.8256;2.46952;12
14:02:16.941;49.872;2.33219;49.9188;2.19486;49.8252;2.46952;12
14:02:17.362;49.8727;2.33219;49.9194;2.19486;49.8259;2.46952;12
14:02:17.378;49.8736;2.33219;49.9203;2.19486;49.8267;2.46952;12
14:02:17.378;49.8747;2.33219;49.9214;2.19486;49.8279;2.46952;12
14:02:17.378;49.8769;2.33219;49.9236;2.19486;49.8301;2.46952;12
14:02:17.378;49.8778;2.33219;49.9245;2.19486;49.831;2.46952;12
14:02:17.409;49.8829;2.33219;49.9296;2.19486;49.836;2.46952;12
14:02:17.424;49.8868;2.33219;49.9336;2.19486;49.84;2.46952;12
14:02:17.440;49.8939;2.33219;49.9407;2.19486;49.8471;2.46952;12
14:02:17.440;49.9006;2.33219;49.9473;2.19486;49.8538;2.46952;12
14:02:17.471;49.9063;2.33219;49.953;2.19486;49.8595;2.46952;12
14:02:17.502;49.9154;2.33219;49.9621;2.19486;49.8686;2.46952;12
14:02:17.502;49.9185;2.33219;49.9652;2.19486;49.8717;2.46952;12
14:02:17.534;49.9202;2.33219;49.9669;2.19486;49.8735;2.46952;12
14:02:17.534;49.9227;2.33219;49.9694;2.19486;49.8759;2.46952;12
14:02:17.549;49.9246;2.33219;49.9714;2.19486;49.8779;2.46952;12
14:02:17.565;49.9255;2.33219;49.9723;2.19486;49.8788;2.46952;12
14:02:17.580;49.9262;2.33219;49.9729;2.19486;49.8794;2.46952;12
14:02:17.612;49.9266;2.33219;49.9734;2.19486;49.8799;2.46952;12
14:02:17.705;49.9269;2.33219;49.9736;2.19486;49.8801;2.46952;12
14:02:17.814;49.9271;2.33219;49.9738;2.19486;49.8803;2.46952;12
14:02:17.846;49.9273;2.33219;49.974;2.19486;49.8805;2.46952;12
14:02:17.846;49.928;2.33219;49.9747;2.19486;49.8812;2.46952;12
14:02:17.861;49.9286;2.33253;49.9753;2.19521;49.8819;2.46986;12
14:02:17.861;49.9295;2.33253;49.9762;2.19521;49.8828;2.46986;12
14:02:17.861;49.9326;2.33288;49.9793;2.19555;49.8858;2.4702;12
14:02:17.892;49.9361;2.33356;49.9828;2.19624;49.8894;2.47089;12
14:02:17.924;49.9386;2.33391;49.9853;2.19658;49.8918;2.47123;12
14:02:17.924;49.9412;2.33459;49.9879;2.19727;49.8945;2.47192;12
14:02:17.955;49.9426;2.33459;49.9893;2.19727;49.8958;2.47192;12
14:02:17.955;49.943;2.33459;49.9897;2.19727;49.8962;2.47192;12
14:02:17.955;49.9434;2.33459;49.9901;2.19727;49.8967;2.47192;12
14:02:17.986;49.9439;2.33494;49.9906;2.19761;49.8971;2.47226;12
14:02:17.986;49.9441;2.33494;49.9908;2.19761;49.8973;2.47226;12
14:02:18.048;49.9436;2.33494;49.9904;2.19761;49.8969;2.47226;12
14:02:18.048;49.943;2.33494;49.9897;2.19761;49.8962;2.47226;12
14:02:18.080;49.9423;2.33494;49.989;2.19761;49.8956;2.47226;12
14:02:18.392;49.9426;2.33494;49.9893;2.19761;49.8958;2.47226;12
14:02:18.423;49.943;2.33494;49.9897;2.19761;49.8962;2.47226;12
14:02:18.423;49.9439;2.33494;49.9906;2.19761;49.8971;2.47226;12
14:02:18.423;49.9448;2.33494;49.9915;2.19761;49.898;2.47226;12
14:02:18.438;49.9505;2.33494;49.9972;2.19761;49.9038;2.47226;12
14:02:18.454;49.9529;2.33494;49.9996;2.19761;49.9062;2.47226;12
14:02:18.470;49.9618;2.33494;50.0084;2.19761;49.915;2.47226;12
14:02:18.501;49.9682;2.33494;50.0149;2.19761;49.9214;2.47226;12
14:02:18.501;49.9699;2.33494;50.0166;2.19761;49.9232;2.47226;12
14:02:18.501;49.9757;2.33494;50.0224;2.19761;49.929;2.47226;12
14:02:18.532;49.9812;2.33494;50.0279;2.19761;49.9345;2.47226;12
14:02:18.563;49.9827;2.33494;50.0294;2.19761;49.936;2.47226;12
14:02:18.563;49.9858;2.33494;50.0325;2.19761;49.9391;2.47226;12
14:02:18.594;49.9863;2.33494;50.0329;2.19761;49.9396;2.47226;12
14:02:18.610;49.9869;2.33494;50.0336;2.19761;49.9402;2.47226;12
14:02:20.966;49.9872;2.33494;50.0338;2.19761;49.9404;2.47226;12
14:02:20.997;49.9874;2.33494;50.034;2.19761;49.9407;2.47226;12
14:02:20.997;49.988;2.33494;50.0347;2.19761;49.9413;2.47226;12
14:02:20.997;49.9885;2.33494;50.0351;2.19761;49.9418;2.47226;12
14:02:20.997;49.9891;2.33494;50.0358;2.19761;49.9424;2.47226;12
14:02:21.028;49.9929;2.33494;50.0396;2.19761;49.9462;2.47226;12
14:02:21.028;49.9986;2.33494;50.0453;2.19761;49.9519;2.47226;12
14:02:21.059;50.0059;2.33494;50.0526;2.19761;49.9592;2.47226;12
14:02:21.059;50.0134;2.33494;50.0601;2.19761;49.9667;2.47226;12
14:02:21.090;50.0183;2.33494;50.0649;2.19761;49.9716;2.47226;12
14:02:21.122;50.0231;2.33494;50.0698;2.19761;49.9765;2.47226;12
14:02:21.122;50.0244;2.33494;50.0711;2.19761;49.9778;2.47226;12
14:02:21.153;50.0258;2.33494;50.0724;2.19761;49.9791;2.47226;12
14:02:21.153;50.0262;2.33494;50.0728;2.19761;49.9795;2.47226;12
14:02:21.465;50.0264;2.33494;50.0731;2.19761;49.9798;2.47226;12
14:02:21.496;50.0269;2.33494;50.0735;2.19761;49.9802;2.47226;12
14:02:21.496;50.0278;2.33494;50.0744;2.19761;49.9811;2.47226;12
14:02:21.496;50.0289;2.33494;50.0755;2.19761;49.9822;2.47226;12
14:02:21.496;50.0297;2.33494;50.0764;2.19761;49.9831;2.47226;12
14:02:21.527;50.0372;2.33494;50.0839;2.19761;49.9906;2.47226;12
14:02:21.527;50.0406;2.33494;50.0872;2.19761;49.9939;2.47226;12
14:02:21.543;50.0447;2.33494;50.0913;2.19761;49.9981;2.47226;12
14:02:21.543;50.0489;2.33494;50.0955;2.19761;50.0023;2.47226;12
14:02:21.574;50.0569;2.33494;50.1035;2.19761;50.0102;2.47226;12
14:02:21.574;50.0626;2.33494;50.1092;2.19761;50.016;2.47226;12
14:02:21.605;50.0674;2.33494;50.114;2.19761;50.0208;2.47226;12
14:02:21.636;50.0694;2.33494;50.116;2.19761;50.0228;2.47226;12
14:02:21.636;50.0699;2.33494;50.1165;2.19761;50.0232;2.47226;12
14:02:21.917;50.0705;2.33494;50.1171;2.19761;50.0239;2.47226;12
14:02:21.933;50.0712;2.33494;50.1178;2.19761;50.0246;2.47226;12
14:02:21.933;50.0721;2.33494;50.1186;2.19761;50.0254;2.47226;12
14:02:21.933;50.0741;2.33494;50.1206;2.19761;50.0274;2.47226;12
14:02:21.964;50.0829;2.33494;50.1294;2.19761;50.0363;2.47226;12
14:02:21.964;50.0879;2.33459;50.1345;2.19727;50.0413;2.47192;12
14:02:21.995;50.0967;2.33322;50.1433;2.19589;50.0501;2.47055;12
14:02:21.995;50.0998;2.33219;50.1464;2.19486;50.0532;2.46952;12
14:02:22.026;50.1058;2.3315;50.1523;2.19418;50.0592;2.46883;12
14:02:22.026;50.1104;2.33082;50.1569;2.19349;50.0638;2.46814;12
14:02:22.058;50.1128;2.33082;50.1594;2.19349;50.0662;2.46814;12
14:02:22.058;50.1159;2.33047;50.1624;2.19315;50.0693;2.4678;12
14:02:22.058;50.1172;2.33047;50.1638;2.19315;50.0706;2.4678;12
14:02:22.089;50.1181;2.33047;50.1646;2.19315;50.0715;2.4678;12
14:02:22.089;50.1188;2.33013;50.1653;2.1928;50.0722;2.46746;12
14:02:22.089;50.1192;2.33013;50.1657;2.1928;50.0726;2.46746;12
14:02:22.120;50.1194;2.33013;50.166;2.1928;50.0728;2.46746;12
14:02:22.120;50.1196;2.33013;50.1662;2.1928;50.0731;2.46746;12
14:02:22.214;50.1199;2.33013;50.1664;2.1928;50.0733;2.46746;12
14:02:22.245;50.1203;2.33013;50.1668;2.1928;50.0737;2.46746;12
14:02:22.245;50.1229;2.33013;50.1695;2.1928;50.0764;2.46746;12
14:02:22.276;50.1293;2.33013;50.1758;2.1928;50.0828;2.46746;12
14:02:22.307;50.1377;2.33047;50.1842;2.19315;50.0911;2.4678;12
14:02:22.354;50.1445;2.33082;50.191;2.19349;50.0979;2.46814;12
14:02:22.385;50.1476;2.3315;50.1941;2.19418;50.101;2.46883;12
14:02:22.416;50.1478;2.3315;50.1943;2.19418;50.1013;2.46883;12
14:02:22.744;50.1483;2.3315;50.1948;2.19418;50.1017;2.46883;12
14:02:22.775;50.1509;2.3315;50.1974;2.19418;50.1043;2.46883;12
14:02:22.775;50.1529;2.3315;50.1994;2.19418;50.1063;2.46883;12
14:02:22.806;50.1551;2.3315;50.2016;2.19418;50.1085;2.46883;12
14:02:22.806;50.1579;2.3315;50.2044;2.19418;50.1114;2.46883;12
14:02:22.822;50.1617;2.3315;50.2082;2.19418;50.1151;2.46883;12
14:02:22.822;50.1663;2.3315;50.2128;2.19418;50.1198;2.46883;12
14:02:22.853;50.1729;2.3315;50.2194;2.19418;50.1264;2.46883;12
14:02:22.884;50.1777;2.3315;50.2242;2.19418;50.1312;2.46883;12
14:02:22.884;50.1808;2.3315;50.2273;2.19418;50.1343;2.46883;12
14:02:22.884;50.1837;2.3315;50.2301;2.19418;50.1371;2.46883;12
14:02:22.916;50.1889;2.3315;50.2354;2.19418;50.1424;2.46883;12
14:02:22.916;50.1913;2.3315;50.2378;2.19418;50.1448;2.46883;12
14:02:22.947;50.1925;2.3315;50.2389;2.19418;50.1459;2.46883;12
14:02:22.947;50.1929;2.3315;50.2393;2.19418;50.1464;2.46883;12
14:02:23.368;50.1931;2.3315;50.2396;2.19418;50.1466;2.46883;12
14:02:23.399;50.1933;2.3315;50.2398;2.19418;50.1468;2.46883;12
14:02:23.399;50.1946;2.3315;50.2411;2.19418;50.1481;2.46883;12
14:02:23.430;50.1986;2.3315;50.2451;2.19418;50.1521;2.46883;12
14:02:23.430;50.2023;2.3315;50.2488;2.19418;50.1558;2.46883;12
14:02:23.430;50.2048;2.3315;50.2512;2.19418;50.1583;2.46883;12
14:02:23.462;50.207;2.3315;50.2534;2.19418;50.1605;2.46883;12
14:02:23.462;50.2111;2.3315;50.2576;2.19418;50.1646;2.46883;12
14:02:23.493;50.2124;2.3315;50.2589;2.19418;50.166;2.46883;12
14:02:23.493;50.2131;2.3315;50.2595;2.19418;50.1666;2.46883;12
14:02:23.493;50.214;2.3315;50.2604;2.19418;50.1675;2.46883;12
14:02:23.524;50.2142;2.3315;50.2607;2.19418;50.1677;2.46883;12
14:02:25.146;50.2146;2.3315;50.2611;2.19418;50.1682;2.46883;12
14:02:25.209;50.2149;2.3315;50.2613;2.19418;50.1684;2.46883;12
14:02:25.209;50.2153;2.3315;50.2617;2.19418;50.1688;2.46883;12
14:02:25.271;50.2168;2.3315;50.2633;2.19418;50.1704;2.46883;12
14:02:25.271;50.2177;2.3315;50.2642;2.19418;50.1712;2.46883;12
14:02:25.271;50.2212;2.3315;50.2677;2.19418;50.1748;2.46883;12
14:02:25.271;50.2243;2.3315;50.2707;2.19418;50.1778;2.46883;12
14:02:25.271;50.225;2.3315;50.2714;2.19418;50.1785;2.46883;12
14:02:25.302;50.2269;2.3315;50.2734;2.19418;50.1805;2.46883;12
14:02:25.302;50.2276;2.3315;50.274;2.19418;50.1811;2.46883;12
14:02:25.302;50.2283;2.3315;50.2747;2.19418;50.1818;2.46883;12
14:02:25.302;50.2287;2.3315;50.2751;2.19418;50.1822;2.46883;12
14:02:25.334;50.2289;2.3315;50.2753;2.19418;50.1824;2.46883;12
14:02:25.599;50.2291;2.3315;50.2756;2.19418;50.1827;2.46883;12
14:02:25.614;50.2291;2.33185;50.2756;2.19452;50.1827;2.46917;12
14:02:25.646;50.2294;2.33185;50.2758;2.19452;50.1829;2.46917;12
14:02:25.646;50.2296;2.33185;50.276;2.19452;50.1831;2.46917;12
14:02:25.646;50.2302;2.33185;50.2767;2.19452;50.1838;2.46917;12
14:02:25.677;50.2311;2.33185;50.2775;2.19452;50.1847;2.46917;12
14:02:25.708;50.2322;2.33185;50.2786;2.19452;50.1857;2.46917;12
14:02:25.708;50.2335;2.33185;50.28;2.19452;50.1871;2.46917;12
14:02:25.708;50.2346;2.33185;50.2811;2.19452;50.1882;2.46917;12
14:02:25.739;50.2355;2.33185;50.2819;2.19452;50.189;2.46917;12
14:02:25.739;50.2366;2.33185;50.283;2.19452;50.1901;2.46917;12
14:02:25.770;50.237;2.33185;50.2835;2.19452;50.1906;2.46917;12
14:02:25.802;50.2375;2.33185;50.2839;2.19452;50.191;2.46917;12
14:02:25.802;50.2379;2.33185;50.2844;2.19452;50.1915;2.46917;12
14:02:25.833;50.2381;2.33185;50.2846;2.19452;50.1917;2.46917;12
14:02:25.942;50.2379;2.33185;50.2844;2.19452;50.1915;2.46917;12
14:02:26.004;50.2377;2.33185;50.2841;2.19452;50.1912;2.46917;12
14:02:26.020;50.2375;2.33185;50.2839;2.19452;50.191;2.46917;12
14:02:26.051;50.2375;2.33219;50.2839;2.19486;50.191;2.46952;12
14:02:26.051;50.2373;2.33219;50.2837;2.19486;50.1908;2.46952;12
14:02:26.082;50.237;2.33253;50.2835;2.19521;50.1906;2.46986;12
14:02:26.114;50.237;2.33288;50.2835;2.19555;50.1906;2.4702;12
14:02:26.114;50.2368;2.33322;50.2832;2.19589;50.1904;2.47055;12
14:02:26.176;50.2366;2.33459;50.283;2.19727;50.1901;2.47192;12
14:02:26.176;50.2364;2.33494;50.2828;2.19761;50.1899;2.47226;12
14:02:26.176;50.2362;2.33597;50.2826;2.19864;50.1897;2.47329;12
14:02:26.176;50.236;2.337;50.2824;2.19967;50.1895;2.47432;12
14:02:26.223;50.2357;2.33906;50.2822;2.20173;50.1893;2.47638;12
14:02:26.223;50.2355;2.34043;50.2819;2.2031;50.189;2.47775;12
14:02:26.223;50.2355;2.3418;50.2819;2.20448;50.189;2.47913;12
14:02:26.285;50.2353;2.34318;50.2817;2.20585;50.1888;2.4805;12
14:02:26.285;50.2353;2.34421;50.2817;2.20688;50.1888;2.48153;12
14:02:26.285;50.2351;2.34489;50.2815;2.20757;50.1886;2.48222;12
14:02:26.285;50.2351;2.34524;50.2815;2.20791;50.1886;2.48256;12
14:02:26.301;50.2351;2.34558;50.2815;2.20825;50.1886;2.4829;12
14:02:26.394;50.2355;2.34558;50.2819;2.20825;50.189;2.4829;12
14:02:26.410;50.236;2.34524;50.2824;2.20791;50.1895;2.48256;12
14:02:26.410;50.2364;2.34455;50.2828;2.20722;50.1899;2.48187;12
14:02:26.441;50.2373;2.34421;50.2837;2.20688;50.1908;2.48153;12
14:02:26.441;50.2381;2.34386;50.2846;2.20654;50.1917;2.48119;12
14:02:26.441;50.2399;2.34318;50.2863;2.20585;50.1934;2.4805;12
14:02:26.472;50.2421;2.34249;50.2885;2.20516;50.1956;2.47981;12
14:02:26.472;50.2441;2.34146;50.2905;2.20413;50.1976;2.47878;12
14:02:26.504;50.2458;2.34077;50.2922;2.20345;50.1994;2.4781;12
14:02:26.535;50.2467;2.34043;50.2931;2.2031;50.2002;2.47775;12
14:02:26.535;50.2472;2.34009;50.2936;2.20276;50.2007;2.47741;12
14:02:26.566;50.2474;2.34009;50.2938;2.20276;50.2009;2.47741;12
14:02:26.566;50.2474;2.33974;50.2938;2.20242;50.2009;2.47707;12
14:02:26.597;50.2474;2.3394;50.2938;2.20207;50.2009;2.47672;12
14:02:26.613;50.2474;2.33906;50.2938;2.20173;50.2009;2.47638;12
14:02:26.894;50.2478;2.33906;50.2942;2.20173;50.2014;2.47638;12
14:02:26.972;50.248;2.33906;50.2944;2.20173;50.2016;2.47638;12
14:02:26.972;50.2489;2.33906;50.2953;2.20173;50.2024;2.47638;12
14:02:26.972;50.252;2.33906;50.2984;2.20173;50.2055;2.47638;12
14:02:26.972;50.2553;2.33906;50.3017;2.20173;50.2088;2.47638;12
14:02:26.972;50.2594;2.33906;50.3058;2.20173;50.213;2.47638;12
14:02:27.003;50.2621;2.33906;50.3085;2.20173;50.2156;2.47638;12
14:02:27.003;50.2636;2.33906;50.31;2.20173;50.2172;2.47638;12
14:02:27.034;50.2658;2.33906;50.3122;2.20173;50.2194;2.47638;12
14:02:27.034;50.2671;2.33906;50.3135;2.20173;50.2207;2.47638;12
14:02:27.034;50.2676;2.33906;50.3139;2.20173;50.2211;2.47638;12
14:02:27.065;50.2682;2.33906;50.3146;2.20173;50.2218;2.47638;12
14:02:27.065;50.2684;2.33906;50.3148;2.20173;50.222;2.47638;12
14:02:27.065;50.2687;2.33906;50.315;2.20173;50.2222;2.47638;12
14:02:27.081;50.2691;2.33906;50.3155;2.20173;50.2227;2.47638;12
14:02:27.081;50.2693;2.33906;50.3157;2.20173;50.2229;2.47638;12
14:02:27.112;50.2695;2.33906;50.3159;2.20173;50.2231;2.47638;12
14:02:27.112;50.2697;2.33906;50.3161;2.20173;50.2233;2.47638;12
