16:08:49.760;48.8511;2.33014;49.0419;1.78082;48.6596;2.87946;10
16:08:49.760;48.8529;2.3219;49.0437;1.77258;48.6614;2.87122;10
16:08:49.961;48.8493;2.27246;49.0401;1.72314;48.6578;2.82178;10
16:08:49.962;48.8448;2.18594;49.0356;1.63663;48.6533;2.73526;10
16:08:50.163;48.8448;2.17084;49.0356;1.62152;48.6533;2.72015;10
16:08:50.163;48.824;2.1983;49.0149;1.64899;48.6324;2.74762;10
16:09:15.409;48.824;2.1983;48.9195;1.92365;48.7283;2.47296;11
16:09:15.409;48.824;2.1983;48.9195;1.92365;48.7283;2.47296;11
16:09:16.940;48.824;2.1983;48.8718;2.06097;48.7762;2.33563;12
16:09:16.940;48.824;2.1983;48.8718;2.06097;48.7762;2.33563;12
16:09:17.157;48.8231;2.19897;48.8709;2.06165;48.7752;2.3363;12
16:09:17.158;48.8224;2.20792;48.8702;2.07059;48.7746;2.34525;12
16:09:17.367;48.8204;2.22369;48.8682;2.08636;48.7725;2.36102;12
16:09:17.368;48.8195;2.22954;48.8673;2.09221;48.7716;2.36687;12
16:09:17.577;48.8183;2.25563;48.8661;2.1183;48.7705;2.39296;12
16:09:17.577;48.8183;2.25838;48.8661;2.12105;48.7705;2.39571;12
16:09:17.577;48.8188;2.25873;48.8666;2.1214;48.771;2.39606;12
16:09:17.791;48.824;2.28345;48.8718;2.14612;48.7762;2.42078;12
16:09:17.792;48.8249;2.2879;48.8727;2.15057;48.7771;2.42523;12
16:09:18.103;48.8308;2.30164;48.8786;2.16431;48.783;2.43896;12
16:09:18.103;48.831;2.30438;48.8788;2.16705;48.7832;2.44171;12
16:09:18.104;48.8317;2.30919;48.8795;2.17186;48.7839;2.44652;12
16:09:18.456;48.8312;2.30988;48.879;2.17255;48.7834;2.4472;12
16:09:18.456;48.8319;2.31229;48.8797;2.17496;48.7841;2.44962;12
16:09:18.456;48.836;2.32053;48.8837;2.1832;48.7882;2.45786;12
16:09:18.457;48.84;2.32224;48.8878;2.18491;48.7922;2.45956;12
16:09:18.660;48.8434;2.32498;48.8912;2.18765;48.7956;2.46231;12
16:09:18.660;48.8441;2.32567;48.8919;2.18834;48.7963;2.463;12
16:09:18.660;48.8452;2.32773;48.893;2.1904;48.7974;2.46506;12
16:09:18.661;48.8446;2.32841;48.8923;2.19109;48.7967;2.46574;12
16:09:18.860;48.8434;2.3291;48.8912;2.19177;48.7956;2.46643;12
16:09:18.863;48.8441;2.32944;48.8919;2.19211;48.7963;2.46677;12
16:09:18.863;48.8448;2.32979;48.8925;2.19246;48.797;2.46712;12
16:09:19.180;48.8455;2.32944;48.8932;2.19211;48.7976;2.46677;12
16:09:19.181;48.8452;2.32841;48.893;2.19109;48.7974;2.46574;12
16:09:19.181;48.8452;2.32773;48.893;2.1904;48.7974;2.46506;12
16:09:19.181;48.8452;2.32739;48.893;2.19006;48.7974;2.46472;12
16:09:19.573;48.845;2.32704;48.8928;2.18971;48.7972;2.46437;12
16:09:19.574;48.8452;2.32635;48.893;2.18903;48.7974;2.46368;12
16:09:19.574;48.8457;2.32669;48.8935;2.18936;48.7979;2.46402;12
16:09:19.574;48.8457;2.32704;48.8935;2.18971;48.7979;2.46437;12
16:09:19.892;48.8446;2.32877;48.8923;2.19144;48.7967;2.46609;12
16:09:19.892;48.8441;2.32877;48.8919;2.19144;48.7963;2.46609;12
16:09:19.892;48.843;2.32979;48.8907;2.19246;48.7952;2.46712;12
16:09:19.892;48.8428;2.32979;48.8905;2.19246;48.7949;2.46712;12
16:09:19.893;48.843;2.33047;48.8907;2.19315;48.7952;2.4678;12
16:09:20.181;48.8432;2.33047;48.891;2.19315;48.7954;2.4678;12
16:09:20.181;48.8434;2.33047;48.8912;2.19315;48.7956;2.4678;12
16:09:20.182;48.8437;2.33116;48.8914;2.19383;48.7958;2.46849;12
16:09:20.182;48.8434;2.33391;48.8912;2.19658;48.7956;2.47124;12
16:09:20.182;48.8437;2.33426;48.8914;2.19693;48.7958;2.47159;12
16:09:20.182;48.8446;2.33493;48.8923;2.1976;48.7967;2.47226;12
16:09:20.182;48.845;2.33563;48.8928;2.1983;48.7972;2.47296;12
16:09:20.399;48.8461;2.33701;48.8939;2.19968;48.7983;2.47433;12
16:09:20.399;48.8466;2.33768;48.8943;2.20035;48.7988;2.47501;12
16:09:20.656;48.8479;2.33975;48.8957;2.20242;48.8001;2.47708;12
16:09:20.657;48.8479;2.34695;48.8957;2.20963;48.8001;2.48428;12
16:09:20.657;48.8479;2.34901;48.8957;2.21169;48.8001;2.48634;12
16:09:20.657;48.8482;2.35245;48.8959;2.21512;48.8004;2.48978;12
16:09:20.657;48.8482;2.35382;48.8959;2.21649;48.8004;2.49115;12
16:09:20.657;48.8482;2.35486;48.8959;2.21753;48.8004;2.49219;12
16:09:20.961;48.8475;2.3569;48.8952;2.21957;48.7997;2.49423;12
16:09:20.961;48.8473;2.35794;48.895;2.22061;48.7995;2.49527;12
16:09:20.962;48.8466;2.35794;48.8943;2.22061;48.7988;2.49527;12
16:09:20.962;48.8464;2.3569;48.8941;2.21957;48.7985;2.49423;12
16:09:20.962;48.8466;2.35519;48.8943;2.21786;48.7988;2.49252;12
16:09:20.962;48.8484;2.34729;48.8962;2.20996;48.8006;2.48462;12
16:09:21.267;48.8498;2.34077;48.8975;2.20345;48.8019;2.4781;12
16:09:21.267;48.8491;2.3363;48.8968;2.19897;48.8013;2.47363;12
16:09:21.267;48.8484;2.33528;48.8962;2.19795;48.8006;2.47261;12
16:09:21.268;48.8486;2.33597;48.8964;2.19864;48.8008;2.4733;12
16:09:21.268;48.8486;2.33597;48.8964;2.19864;48.8008;2.4733;12
16:09:21.609;48.8482;2.33734;48.8959;2.20001;48.8004;2.47467;12
16:09:21.609;48.8468;2.3363;48.8946;2.19897;48.799;2.47363;12
16:09:21.609;48.8428;2.33563;48.8905;2.1983;48.7949;2.47296;12
16:09:21.609;48.8428;2.33563;48.8905;2.1983;48.7949;2.47296;12
16:09:21.609;48.8421;2.33493;48.8898;2.1976;48.7943;2.47226;12
16:09:21.926;48.8421;2.33493;48.8898;2.1976;48.7943;2.47226;12
16:09:21.926;48.8421;2.33391;48.8898;2.19658;48.7943;2.47124;12
16:09:22.192;48.8418;2.33289;48.8896;2.19556;48.794;2.47021;12
16:09:22.193;48.8418;2.33185;48.8896;2.19452;48.794;2.46918;12
16:09:22.193;48.8439;2.32806;48.8916;2.19073;48.7961;2.46539;12
16:09:22.193;48.8443;2.32806;48.8921;2.19073;48.7965;2.46539;12
16:09:22.193;48.8448;2.32806;48.8925;2.19073;48.797;2.46539;12
16:09:33.670;48.8448;2.32806;48.8687;2.2594;48.8209;2.39673;13
16:09:33.670;48.8448;2.32806;48.8687;2.2594;48.8209;2.39673;13
16:09:35.611;48.8443;2.33151;48.8682;2.26285;48.8204;2.40018;13
16:09:35.932;48.8476;2.3418;48.8715;2.27313;48.8237;2.41046;13
16:09:35.933;48.8476;2.34317;48.8715;2.27451;48.8237;2.41183;13
16:09:35.933;48.8478;2.34918;48.8717;2.28052;48.8239;2.41785;13
16:09:35.933;48.8478;2.35056;48.8717;2.28189;48.8239;2.41922;13
16:09:36.137;48.8474;2.35709;48.8713;2.28842;48.8235;2.42575;13
16:09:36.137;48.8471;2.35742;48.871;2.28876;48.8232;2.42609;13
16:09:36.137;48.847;2.35811;48.8709;2.28944;48.8231;2.42677;13
16:09:36.137;48.8468;2.35846;48.8707;2.28979;48.8229;2.42712;13
16:09:36.137;48.8464;2.35794;48.8703;2.28928;48.8225;2.42661;13
16:09:36.138;48.846;2.3576;48.8699;2.28894;48.8221;2.42627;13
16:09:36.454;48.8457;2.35794;48.8696;2.28928;48.8218;2.42661;13
16:09:36.455;48.8457;2.35605;48.8696;2.28738;48.8218;2.42471;13
16:09:36.758;48.8424;2.3363;48.8663;2.26764;48.8185;2.40497;13
16:09:36.758;48.8422;2.33133;48.8661;2.26266;48.8183;2.39999;13
16:09:36.758;48.8417;2.31314;48.8656;2.24448;48.8178;2.38181;13
16:09:36.759;48.8417;2.30867;48.8656;2.24001;48.8178;2.37733;13
16:09:36.759;48.8418;2.30524;48.8657;2.23657;48.8179;2.3739;13
16:09:37.023;48.8391;2.29494;48.863;2.22627;48.8152;2.3636;13
16:09:37.023;48.8391;2.28842;48.863;2.21976;48.8152;2.35709;13
16:09:37.249;48.8407;2.26988;48.8646;2.20122;48.8168;2.33855;13
16:09:37.627;48.841;2.26884;48.8649;2.20018;48.8172;2.33751;13
16:09:37.628;48.8405;2.26044;48.8644;2.19177;48.8166;2.3291;13
16:09:37.839;48.8414;2.24928;48.8653;2.18062;48.8175;2.31795;13
16:09:37.840;48.8425;2.24687;48.8664;2.17821;48.8186;2.31554;13
16:09:37.840;48.8469;2.24722;48.8708;2.17856;48.823;2.31589;13
16:09:38.127;48.8462;2.2467;48.8701;2.17804;48.8223;2.31537;13
16:09:38.128;48.8507;2.24155;48.8745;2.17288;48.8268;2.31021;13
16:09:38.407;48.8565;2.23984;48.8804;2.17117;48.8326;2.3085;13
16:09:38.720;48.8565;2.23898;48.8804;2.17032;48.8326;2.30765;13
16:09:38.720;48.8568;2.23434;48.8806;2.16568;48.8329;2.30301;13
16:09:38.987;48.8586;2.21957;48.8824;2.15091;48.8347;2.28824;13
16:09:38.987;48.8589;2.21512;48.8828;2.14645;48.835;2.28378;13
16:09:38.988;48.86;2.21271;48.8839;2.14404;48.8361;2.28137;13
16:09:39.367;48.8597;2.2122;48.8836;2.14354;48.8358;2.28087;13
16:09:39.367;48.8622;2.21169;48.8861;2.14302;48.8383;2.28035;13
16:09:39.601;48.8674;2.20946;48.8913;2.14079;48.8435;2.27812;13
16:09:39.601;48.8677;2.20911;48.8916;2.14044;48.8438;2.27777;13
16:09:39.912;48.87;2.20155;48.8938;2.13289;48.8461;2.27022;13
16:09:39.912;48.8701;2.20018;48.894;2.13152;48.8462;2.26884;13
16:09:39.912;48.8703;2.20001;48.8942;2.13135;48.8464;2.26868;13
16:09:40.295;48.8702;2.19847;48.8941;2.12981;48.8463;2.26714;13
16:09:40.296;48.8691;2.19383;48.8929;2.12517;48.8452;2.2625;13
16:09:40.524;48.8682;2.1825;48.892;2.11383;48.8443;2.25116;13
16:09:40.524;48.8677;2.17975;48.8916;2.11108;48.8438;2.24841;13
16:09:40.892;48.8684;2.17993;48.8923;2.11127;48.8445;2.2486;13
16:09:41.101;48.8675;2.17821;48.8914;2.10954;48.8436;2.24687;13
16:09:41.101;48.8667;2.17581;48.8906;2.10715;48.8428;2.24448;13
16:09:41.102;48.8647;2.16173;48.8885;2.09306;48.8408;2.23039;13
16:09:41.102;48.8652;2.1619;48.8891;2.09323;48.8413;2.23056;13
16:09:41.354;48.8651;2.16122;48.889;2.09256;48.8412;2.22989;13
16:09:41.355;48.8639;2.15623;48.8877;2.08757;48.84;2.2249;13
16:09:41.572;48.8639;2.15126;48.8877;2.0826;48.84;2.21992;13
16:09:41.573;48.8638;2.15024;48.8876;2.08157;48.8399;2.2189;13
16:09:41.573;48.8636;2.14989;48.8875;2.08122;48.8397;2.21855;13
16:09:41.893;48.8636;2.15074;48.8875;2.08208;48.8397;2.21941;13
16:09:41.893;48.8636;2.15453;48.8875;2.08586;48.8397;2.22319;13
16:09:42.188;48.8675;2.17134;48.8914;2.10268;48.8436;2.24001;13
16:09:42.470;48.8674;2.17203;48.8913;2.10336;48.8435;2.24069;13
16:09:42.470;48.8674;2.17323;48.8913;2.10457;48.8435;2.2419;13
16:09:42.470;48.8677;2.18782;48.8916;2.11916;48.8438;2.25648;13
16:09:42.777;48.8676;2.18782;48.8915;2.11916;48.8437;2.25648;13
16:09:42.778;48.8689;2.18732;48.8928;2.11865;48.8451;2.25598;13
16:09:42.778;48.8678;2.20276;48.8917;2.13409;48.8439;2.27142;13
16:09:43.084;48.8674;2.20276;48.8913;2.13409;48.8435;2.27142;13
16:09:43.084;48.8687;2.20361;48.8926;2.13495;48.8448;2.27228;13
16:09:43.455;48.8686;2.21083;48.8925;2.14217;48.8447;2.2795;13
16:09:43.660;48.8676;2.21048;48.8915;2.14182;48.8437;2.27914;13
16:09:43.660;48.8675;2.21031;48.8914;2.14165;48.8436;2.27898;13
16:09:43.661;48.8618;2.21838;48.8857;2.14972;48.8379;2.28705;13
16:09:43.661;48.8598;2.22215;48.8837;2.15349;48.8359;2.29082;13
16:09:43.878;48.8591;2.22456;48.883;2.1559;48.8352;2.29323;13
16:09:44.081;48.8585;2.23074;48.8823;2.16208;48.8345;2.29941;13
16:09:44.081;48.8575;2.23486;48.8814;2.1662;48.8336;2.30353;13
16:09:44.357;48.8564;2.2388;48.8803;2.17014;48.8325;2.30746;13
16:09:44.357;48.8543;2.245;48.8782;2.17633;48.8304;2.31366;13
16:09:44.782;48.8532;2.24585;48.8771;2.17719;48.8294;2.31451;13
16:09:44.783;48.8532;2.24997;48.8771;2.1813;48.8294;2.31863;13
16:09:44.987;48.8521;2.26164;48.876;2.19298;48.8282;2.33031;13
16:09:45.195;48.852;2.26387;48.8759;2.19521;48.8281;2.33253;13
16:09:45.196;48.8512;2.27777;48.8751;2.20911;48.8273;2.34644;13
16:09:45.470;48.851;2.28104;48.8749;2.21237;48.8271;2.3497;13
16:09:45.778;48.8503;2.28207;48.8742;2.21341;48.8264;2.35074;13
16:09:45.778;48.8507;2.28326;48.8745;2.2146;48.8268;2.35193;13
16:09:45.779;48.8517;2.29837;48.8755;2.22971;48.8278;2.36703;13
16:09:45.779;48.8522;2.30232;48.8761;2.23366;48.8283;2.37099;13
16:09:45.999;48.8527;2.31468;48.8766;2.24602;48.8288;2.38335;13
16:09:46.000;48.853;2.31795;48.8769;2.24928;48.8291;2.38661;13
16:09:47.440;48.8527;2.33862;48.8766;2.26996;48.8289;2.40727;13
16:09:47.440;48.8527;2.33862;48.8647;2.30429;48.8408;2.37294;14
16:09:47.441;48.8527;2.33862;48.8647;2.30429;48.8408;2.37294;14
16:09:47.441;48.8527;2.33862;48.8647;2.30429;48.8408;2.37294;14
16:09:48.079;48.8526;2.33897;48.8645;2.30464;48.8406;2.37328;14
16:09:48.079;48.8526;2.33957;48.8645;2.30524;48.8406;2.37389;14
16:09:48.283;48.8536;2.34258;48.8655;2.30824;48.8417;2.37689;14
16:09:48.283;48.8536;2.34361;48.8656;2.30928;48.8417;2.37791;14
16:09:48.486;48.8531;2.34755;48.865;2.31322;48.8411;2.38187;14
16:09:48.486;48.8529;2.34755;48.8649;2.31322;48.841;2.38187;14
16:09:48.486;48.8529;2.34816;48.8649;2.31383;48.841;2.38246;14
16:09:48.486;48.8529;2.34824;48.8649;2.3139;48.841;2.38255;14
16:09:48.696;48.8533;2.35124;48.8653;2.31691;48.8414;2.38556;14
16:09:48.696;48.8534;2.35271;48.8653;2.31837;48.8414;2.38701;14
16:09:48.696;48.8529;2.35553;48.8648;2.3212;48.8409;2.38985;14
16:09:48.906;48.8529;2.35571;48.8648;2.32138;48.8409;2.39001;14
16:09:49.196;48.8529;2.35709;48.8648;2.32275;48.8409;2.39139;14
16:09:49.197;48.853;2.36009;48.8649;2.32576;48.841;2.39439;14
16:09:49.457;48.8544;2.36789;48.8663;2.33356;48.8424;2.40221;14
16:09:49.457;48.8544;2.36919;48.8663;2.33485;48.8424;2.40349;14
16:09:49.457;48.8548;2.37364;48.8668;2.33931;48.8429;2.40796;14
16:09:49.457;48.8549;2.37451;48.8668;2.34018;48.843;2.40881;14
16:09:49.458;48.8547;2.37613;48.8667;2.3418;48.8428;2.41045;14
16:09:49.748;48.8546;2.37665;48.8666;2.34232;48.8427;2.41096;14
16:09:49.748;48.8548;2.37811;48.8667;2.34378;48.8428;2.41241;14
16:09:50.065;48.8555;2.38309;48.8675;2.34875;48.8436;2.4174;14
16:09:50.065;48.8555;2.38387;48.8675;2.34953;48.8436;2.41817;14
16:09:50.278;48.8553;2.38737;48.8672;2.35304;48.8433;2.42169;14
16:09:50.278;48.8553;2.38763;48.8672;2.3533;48.8433;2.42195;14
16:09:50.278;48.8554;2.38893;48.8673;2.3546;48.8434;2.42323;14
16:09:50.279;48.8554;2.38901;48.8673;2.35468;48.8434;2.42332;14
16:09:50.561;48.8552;2.38943;48.8672;2.3551;48.8433;2.42375;14
16:09:50.562;48.8555;2.38986;48.8675;2.35553;48.8436;2.42418;14
16:09:50.899;48.8562;2.39433;48.8681;2.36;48.8443;2.42865;14
16:09:50.900;48.8562;2.39519;48.8681;2.36086;48.8443;2.4295;14
16:09:50.900;48.8563;2.39767;48.8683;2.36334;48.8444;2.43199;14
16:09:50.900;48.8563;2.3981;48.8683;2.36377;48.8444;2.43242;14
16:09:50.900;48.856;2.39871;48.868;2.36438;48.8441;2.43301;14
16:09:50.900;48.856;2.39854;48.868;2.36421;48.8441;2.43285;14
16:09:51.697;48.8559;2.39862;48.8679;2.36429;48.844;2.43294;14
16:09:51.697;48.8557;2.3988;48.8676;2.36447;48.8438;2.43311;14
16:09:52.057;48.8551;2.39433;48.867;2.36;48.8431;2.42865;14
16:09:52.058;48.8549;2.39168;48.8668;2.35735;48.843;2.42598;14
16:09:52.058;48.8551;2.38858;48.867;2.35425;48.8431;2.4229;14
16:09:52.058;48.8551;2.38858;48.8671;2.35425;48.8432;2.4229;14
16:09:52.058;48.8554;2.38884;48.8673;2.35451;48.8434;2.42316;14
16:09:52.350;48.8549;2.3891;48.8669;2.35477;48.843;2.4234;14
16:09:52.351;48.8548;2.38789;48.8667;2.35356;48.8428;2.42221;14
16:09:52.351;48.8538;2.37726;48.8657;2.34293;48.8418;2.41156;14
16:09:52.688;48.8536;2.37717;48.8655;2.34283;48.8417;2.41148;14
16:09:52.689;48.8534;2.37639;48.8654;2.34206;48.8415;2.41071;14
16:09:52.946;48.8527;2.37279;48.8647;2.33846;48.8408;2.4071;14
16:09:52.947;48.8525;2.37134;48.8645;2.33701;48.8406;2.40564;14
16:09:52.947;48.8517;2.36789;48.8636;2.33356;48.8397;2.40221;14
16:09:52.947;48.8515;2.36729;48.8634;2.33296;48.8396;2.40161;14
16:09:52.947;48.8514;2.36601;48.8633;2.33168;48.8395;2.40031;14
16:09:55.860;48.8511;2.36584;48.8631;2.33151;48.8392;2.40015;14
16:09:55.860;48.8511;2.36635;48.8631;2.33202;48.8392;2.40067;14
16:09:56.119;48.8515;2.37527;48.8634;2.34094;48.8395;2.40959;14
16:09:56.119;48.8518;2.37802;48.8638;2.34369;48.8399;2.41234;14
16:09:56.119;48.8525;2.38043;48.8645;2.3461;48.8406;2.41473;14
16:09:56.463;48.8524;2.38077;48.8643;2.34644;48.8405;2.41508;14
16:09:56.463;48.8526;2.38112;48.8646;2.34679;48.8407;2.41542;14
16:09:56.463;48.8524;2.38652;48.8643;2.35219;48.8405;2.42084;14
16:09:56.463;48.8524;2.38815;48.8643;2.35382;48.8405;2.42247;14
16:09:56.754;48.8523;2.39116;48.8642;2.35683;48.8404;2.42546;14
16:09:56.754;48.8524;2.39201;48.8643;2.35768;48.8405;2.42633;14
16:09:57.204;48.8535;2.40077;48.8654;2.36644;48.8415;2.43507;14
16:09:57.205;48.8534;2.4006;48.8653;2.36627;48.8414;2.43491;14
16:09:59.876;48.8545;2.40343;48.8664;2.36909;48.8425;2.43774;14
16:09:59.876;48.8545;2.40343;48.8664;2.36909;48.8426;2.43774;14
16:10:00.439;48.8543;2.40454;48.8662;2.37021;48.8423;2.43886;14
16:10:00.439;48.8545;2.40678;48.8664;2.37245;48.8426;2.44109;14
16:10:00.642;48.8549;2.40884;48.8668;2.37451;48.843;2.44315;14
16:10:00.841;48.8549;2.40961;48.8668;2.37527;48.843;2.44392;14
16:10:00.842;48.8551;2.41235;48.8671;2.37802;48.8432;2.44667;14
16:10:01.150;48.8565;2.41673;48.8684;2.3824;48.8445;2.45105;14
16:10:01.463;48.8564;2.41708;48.8684;2.38275;48.8445;2.45139;14
16:10:01.463;48.8564;2.41785;48.8684;2.38351;48.8445;2.45216;14
16:10:01.463;48.8572;2.4249;48.8691;2.39056;48.8452;2.4592;14
16:10:01.463;48.8572;2.42651;48.8692;2.39218;48.8453;2.46083;14
16:10:01.662;48.8572;2.42798;48.8692;2.39365;48.8453;2.4623;14
16:10:02.798;48.8572;2.42841;48.8692;2.39407;48.8453;2.46272;14
16:10:02.798;48.8572;2.42978;48.8692;2.39545;48.8453;2.4641;14
16:10:03.105;48.8578;2.4333;48.8698;2.39897;48.8459;2.46761;14
16:10:04.087;48.8578;2.43364;48.8697;2.39931;48.8458;2.46796;14
16:10:04.088;48.8578;2.43459;48.8697;2.40025;48.8458;2.4689;14
16:10:04.418;48.8588;2.43819;48.8708;2.40385;48.8469;2.4725;14
16:10:05.088;48.8587;2.43776;48.8707;2.40343;48.8468;2.47208;14
16:10:05.337;48.8575;2.43527;48.8694;2.40094;48.8456;2.46959;14
16:10:05.337;48.8572;2.43468;48.8691;2.40034;48.8452;2.46898;14
16:10:05.337;48.8565;2.43227;48.8685;2.39793;48.8446;2.46658;14
16:10:05.338;48.8565;2.43201;48.8684;2.39767;48.8445;2.46632;14
16:10:05.338;48.8554;2.43082;48.8673;2.39648;48.8434;2.46512;14
16:10:05.338;48.8552;2.4303;48.8672;2.39597;48.8433;2.4646;14
16:10:05.651;48.855;2.42935;48.867;2.39502;48.8431;2.46367;14
16:10:05.651;48.8546;2.42867;48.8665;2.39433;48.8426;2.46298;14
16:10:06.134;48.8543;2.42857;48.8663;2.39424;48.8424;2.46289;14
16:10:06.134;48.8539;2.42781;48.8658;2.39348;48.8419;2.46211;14
16:10:06.485;48.852;2.42145;48.864;2.38712;48.8401;2.45576;14
16:10:06.486;48.852;2.42068;48.864;2.38635;48.8401;2.45499;14
16:10:06.486;48.8518;2.41948;48.8638;2.38515;48.8399;2.4538;14
16:10:06.486;48.8518;2.41922;48.8638;2.38489;48.8399;2.45354;14
16:10:14.204;48.8518;2.41931;48.8637;2.38498;48.8399;2.45361;14
16:10:14.204;48.8518;2.4187;48.8637;2.38437;48.8399;2.45302;14
16:10:14.471;48.8513;2.41476;48.8632;2.38043;48.8393;2.44907;14
16:10:14.471;48.8512;2.41408;48.8632;2.37975;48.8393;2.44838;14
16:10:14.471;48.8509;2.41202;48.8629;2.37769;48.839;2.44632;14
16:10:14.471;48.8509;2.41141;48.8629;2.37708;48.839;2.44572;14
16:10:14.471;48.8505;2.40892;48.8624;2.37459;48.8386;2.44324;14
16:10:14.471;48.8504;2.40849;48.8624;2.37416;48.8385;2.44281;14
16:10:14.767;48.8505;2.40807;48.8624;2.37373;48.8386;2.44238;14
16:10:15.474;48.8485;2.40042;48.8605;2.36609;48.8366;2.43474;14
16:10:15.474;48.8486;2.40018;48.8606;2.36584;48.8367;2.43448;14
16:10:17.872;48.8482;2.39992;48.8602;2.36559;48.8363;2.43422;14
16:10:17.872;48.8481;2.39931;48.86;2.36497;48.8361;2.43362;14
16:10:18.140;48.8465;2.39528;48.8585;2.36095;48.8346;2.42958;14
16:10:18.141;48.8462;2.39468;48.8581;2.36035;48.8343;2.42899;14
16:10:18.141;48.8461;2.39313;48.858;2.3588;48.8341;2.42744;14
16:10:18.141;48.8461;2.39287;48.858;2.35854;48.8341;2.42719;14
16:10:18.384;48.8464;2.39211;48.8583;2.35777;48.8344;2.42641;14
16:10:18.385;48.8462;2.39218;48.8581;2.35785;48.8343;2.4265;14
16:10:18.385;48.8461;2.39218;48.8581;2.35785;48.8342;2.4265;14
16:10:18.632;48.8463;2.39218;48.8583;2.35785;48.8344;2.4265;14
16:10:19.400;48.846;2.39149;48.8579;2.35716;48.834;2.42581;14
16:10:19.400;48.8457;2.38995;48.8577;2.35562;48.8338;2.42427;14
16:10:19.755;48.8448;2.38695;48.8567;2.35262;48.8328;2.42126;14
16:10:19.755;48.8448;2.38652;48.8567;2.35219;48.8328;2.42084;14
16:10:19.755;48.8445;2.38635;48.8564;2.35202;48.8325;2.42065;14
16:10:19.756;48.8445;2.38635;48.8564;2.35202;48.8325;2.42065;14
16:10:19.756;48.8443;2.38635;48.8562;2.35202;48.8323;2.42065;14
16:10:19.756;48.8443;2.38635;48.8562;2.35202;48.8323;2.42065;14
16:10:19.756;48.8439;2.386;48.8559;2.35167;48.832;2.42032;14
16:10:19.756;48.8439;2.38567;48.8559;2.35133;48.832;2.41997;14
16:10:19.833;48.8443;2.38498;48.8563;2.35065;48.8324;2.41928;14
16:10:29.376;48.8477;2.40704;48.8596;2.37271;48.8357;2.44138;14
16:10:29.376;48.8477;2.40704;48.8596;2.37271;48.8357;2.44138;14
16:10:29.376;48.8477;2.40704;48.8596;2.37271;48.8357;2.44138;14
16:10:29.377;48.8477;2.40704;48.8596;2.37271;48.8357;2.44138;14
16:10:34.189;48.8477;2.40721;48.8596;2.37288;48.8357;2.44154;14
16:10:34.189;48.8477;2.40721;48.8596;2.37288;48.8357;2.44154;14
16:10:34.189;48.8477;2.40721;48.8596;2.37288;48.8357;2.44154;14
