15:16:47.580;48.8547;2.34661;48.9502;2.07195;48.7591;2.62126;11
15:16:47.580;48.8547;2.34661;48.9502;2.07195;48.7591;2.62126;11
15:16:48.420;48.8547;2.34661;48.9025;2.20928;48.8069;2.48393;12
15:16:48.420;48.8547;2.34661;48.9025;2.20928;48.8069;2.48393;12
15:16:49.031;48.8547;2.34661;48.8786;2.27795;48.8308;2.41527;13
15:16:49.031;48.8547;2.34661;48.8786;2.27795;48.8308;2.41527;13
15:16:49.637;48.8547;2.34644;48.8786;2.27777;48.8308;2.4151;13
15:16:49.650;48.8547;2.34627;48.8786;2.2776;48.8308;2.41493;13
15:16:49.650;48.8547;2.3461;48.8786;2.27743;48.8308;2.41476;13
15:16:49.717;48.8549;2.34575;48.8788;2.27709;48.8311;2.41441;13
15:16:49.731;48.8557;2.34507;48.8796;2.2764;48.8318;2.41373;13
15:16:49.746;48.8565;2.34421;48.8804;2.27554;48.8326;2.41287;13
15:16:49.762;48.8571;2.34369;48.881;2.27503;48.8332;2.41235;13
15:16:49.762;48.858;2.34266;48.8819;2.274;48.8341;2.41132;13
15:16:49.777;48.8593;2.3418;48.8832;2.27314;48.8355;2.41046;13
15:16:49.804;48.8607;2.34077;48.8846;2.27211;48.8368;2.40943;13
15:16:49.805;48.8623;2.33992;48.8862;2.27125;48.8384;2.40858;13
15:16:49.819;48.8632;2.3394;48.8871;2.27074;48.8393;2.40806;13
15:16:49.833;48.8642;2.33871;48.8881;2.27005;48.8403;2.40737;13
15:16:49.861;48.8653;2.3382;48.8892;2.26954;48.8414;2.40686;13
15:16:49.878;48.8662;2.33803;48.8901;2.26936;48.8424;2.40669;13
15:16:49.878;48.8669;2.33786;48.8908;2.26919;48.843;2.40652;13
15:16:49.878;48.8672;2.33768;48.8911;2.26902;48.8434;2.40634;13
15:16:49.904;48.8677;2.33751;48.8916;2.26885;48.8438;2.40617;13
15:16:49.918;48.8685;2.33734;48.8924;2.26868;48.8446;2.406;13
15:16:49.933;48.8691;2.33717;48.8929;2.26851;48.8452;2.40583;13
15:16:49.933;48.8695;2.33717;48.8934;2.26851;48.8456;2.40583;13
15:16:49.948;48.8697;2.33717;48.8936;2.26851;48.8459;2.40583;13
15:16:49.948;48.8699;2.33717;48.8937;2.26851;48.846;2.40583;13
15:16:49.979;48.87;2.33717;48.8938;2.26851;48.8461;2.40583;13
15:16:50.084;48.87;2.33734;48.8938;2.26868;48.8461;2.406;13
15:16:50.096;48.87;2.33751;48.8938;2.26885;48.8461;2.40617;13
15:16:50.110;48.8699;2.33837;48.8937;2.26971;48.846;2.40703;13
15:16:50.124;48.8694;2.3394;48.8933;2.27074;48.8455;2.40806;13
15:16:50.139;48.8684;2.34112;48.8923;2.27245;48.8445;2.40978;13
15:16:50.139;48.8679;2.34198;48.8918;2.27331;48.8441;2.41064;13
15:16:50.153;48.8674;2.34301;48.8912;2.27434;48.8435;2.41167;13
15:16:50.154;48.8668;2.34438;48.8907;2.27571;48.8429;2.41304;13
15:16:50.170;48.8651;2.34713;48.889;2.27846;48.8412;2.41579;13
15:16:50.199;48.8638;2.34936;48.8876;2.28069;48.8399;2.41802;13
15:16:50.200;48.8621;2.35193;48.8859;2.28327;48.8382;2.42059;13
15:16:50.231;48.8607;2.35416;48.8846;2.2855;48.8368;2.42282;13
15:16:50.232;48.8597;2.35537;48.8836;2.2867;48.8358;2.42402;13
15:16:50.250;48.8588;2.35657;48.8827;2.2879;48.8349;2.42523;13
15:16:50.251;48.8586;2.35691;48.8824;2.28825;48.8347;2.42557;13
15:16:50.286;48.8582;2.35725;48.8821;2.28859;48.8343;2.42591;13
15:16:50.290;48.8577;2.35777;48.8815;2.2891;48.8338;2.42643;13
15:16:50.315;48.8574;2.35777;48.8813;2.2891;48.8335;2.42643;13
15:16:50.329;48.8569;2.35777;48.8807;2.2891;48.833;2.42643;13
15:16:50.331;48.8566;2.35777;48.8805;2.2891;48.8327;2.42643;13
15:16:50.331;48.8563;2.35777;48.8802;2.2891;48.8324;2.42643;13
15:16:50.359;48.8557;2.3576;48.8796;2.28893;48.8318;2.42626;13
15:16:50.359;48.8544;2.35708;48.8783;2.28842;48.8305;2.42574;13
15:16:50.373;48.8519;2.3564;48.8758;2.28773;48.828;2.42505;13
15:16:50.400;48.8496;2.35537;48.8735;2.2867;48.8257;2.42402;13
15:16:50.402;48.8484;2.35485;48.8723;2.28619;48.8245;2.42351;13
15:16:50.402;48.8471;2.35434;48.871;2.28567;48.8232;2.42299;13
15:16:50.430;48.846;2.35365;48.8699;2.28498;48.8221;2.42231;13
15:16:50.432;48.8441;2.35279;48.868;2.28413;48.8202;2.42145;13
15:16:50.446;48.8427;2.35176;48.8666;2.2831;48.8189;2.42042;13
15:16:50.476;48.8415;2.35056;48.8654;2.28189;48.8176;2.41922;13
15:16:50.490;48.8406;2.34901;48.8645;2.28035;48.8167;2.41767;13
15:16:50.491;48.8398;2.34747;48.8637;2.2788;48.8159;2.41613;13
15:16:50.506;48.8397;2.34661;48.8636;2.27795;48.8158;2.41527;13
15:16:50.506;48.8396;2.34575;48.8635;2.27709;48.8157;2.41441;13
15:16:50.537;48.8396;2.34472;48.8635;2.27606;48.8157;2.41338;13
15:16:50.539;48.8396;2.34215;48.8635;2.27348;48.8157;2.41081;13
15:16:50.554;48.8396;2.34112;48.8635;2.27245;48.8157;2.40978;13
15:16:50.554;48.8397;2.34009;48.8636;2.27142;48.8158;2.40875;13
15:16:50.569;48.8401;2.33837;48.864;2.26971;48.8162;2.40703;13
15:16:50.596;48.8415;2.33562;48.8654;2.26696;48.8176;2.40428;13
15:16:50.598;48.8432;2.33202;48.8671;2.26336;48.8193;2.40068;13
15:16:50.625;48.8453;2.32824;48.8692;2.25958;48.8214;2.3969;13
15:16:50.626;48.8476;2.32464;48.8715;2.25597;48.8237;2.3933;13
15:16:50.653;48.8486;2.32309;48.8725;2.25443;48.8247;2.39175;13
15:16:50.655;48.8501;2.32052;48.874;2.25185;48.8262;2.38918;13
15:16:50.670;48.8517;2.31812;48.8755;2.24945;48.8278;2.38677;13
15:16:50.697;48.8526;2.3164;48.8764;2.24773;48.8287;2.38506;13
15:16:50.698;48.8531;2.31554;48.877;2.24688;48.8292;2.3842;13
15:16:50.698;48.8537;2.31417;48.8776;2.2455;48.8298;2.38283;13
15:16:50.728;48.8541;2.31331;48.878;2.24464;48.8303;2.38197;13
15:16:50.728;48.8551;2.31194;48.8789;2.24327;48.8312;2.38059;13
15:16:50.754;48.8562;2.31005;48.8801;2.24138;48.8323;2.37871;13
15:16:50.771;48.8581;2.30747;48.882;2.23881;48.8342;2.37613;13
15:16:50.786;48.8602;2.30455;48.8841;2.23589;48.8364;2.37321;13
15:16:50.786;48.8614;2.30301;48.8853;2.23434;48.8375;2.37167;13
15:16:50.787;48.8626;2.30146;48.8865;2.2328;48.8387;2.37012;13
15:16:50.820;48.8642;2.29906;48.8881;2.2304;48.8403;2.36772;13
15:16:50.821;48.8653;2.29717;48.8892;2.22851;48.8414;2.36583;13
15:16:50.837;48.8665;2.29563;48.8903;2.22696;48.8426;2.36429;13
15:16:50.850;48.8667;2.29511;48.8906;2.22645;48.8428;2.36377;13
15:16:50.851;48.8669;2.29494;48.8908;2.22628;48.843;2.3636;13
15:16:50.877;48.8669;2.29477;48.8908;2.2261;48.843;2.36343;13
15:16:50.892;48.8671;2.29477;48.891;2.2261;48.8433;2.36343;13
15:16:50.906;48.8672;2.29477;48.8911;2.2261;48.8434;2.36343;13
15:16:50.907;48.8675;2.29477;48.8913;2.2261;48.8436;2.36343;13
15:16:50.937;48.8676;2.29511;48.8915;2.22645;48.8437;2.36377;13
15:16:50.952;48.8677;2.29528;48.8916;2.22662;48.8438;2.36394;13
15:16:51.270;48.8677;2.29511;48.8916;2.22645;48.8438;2.36377;13
15:16:51.282;48.8683;2.29168;48.8921;2.22301;48.8444;2.36034;13
15:16:51.296;48.8692;2.28807;48.8931;2.21941;48.8453;2.35673;13
15:16:51.297;48.8699;2.28584;48.8937;2.21718;48.846;2.3545;13
15:16:51.298;48.8703;2.28395;48.8942;2.21529;48.8464;2.35261;13
15:16:51.329;48.8711;2.28069;48.895;2.21203;48.8472;2.34935;13
15:16:51.352;48.8725;2.27554;48.8963;2.20688;48.8486;2.3442;13
15:16:51.367;48.8741;2.26971;48.898;2.20104;48.8503;2.33837;13
15:16:51.372;48.8749;2.26799;48.8988;2.19933;48.8511;2.33665;13
15:16:51.373;48.8753;2.26696;48.8991;2.1983;48.8514;2.33562;13
15:16:51.401;48.8762;2.26524;48.9;2.19658;48.8523;2.3339;13
15:16:51.402;48.8769;2.26387;48.9007;2.19521;48.853;2.33253;13
15:16:51.752;48.8769;2.26336;48.9007;2.19469;48.853;2.33201;13
15:16:51.764;48.8769;2.26061;48.9007;2.19194;48.853;2.32927;13
15:16:51.779;48.8771;2.25306;48.901;2.18439;48.8532;2.32171;13
15:16:51.781;48.8789;2.24173;48.9027;2.17306;48.855;2.31039;13
15:16:51.809;48.8805;2.23349;48.9043;2.16482;48.8566;2.30215;13
15:16:51.824;48.8817;2.22816;48.9056;2.1595;48.8578;2.29682;13
15:16:51.828;48.882;2.22713;48.9059;2.15847;48.8582;2.29579;13
15:16:51.828;48.8826;2.22525;48.9065;2.15658;48.8587;2.29391;13
15:16:51.856;48.8832;2.22301;48.907;2.15435;48.8593;2.29167;13
15:16:51.872;48.8834;2.22233;48.9073;2.15366;48.8595;2.29099;13
15:16:51.873;48.8835;2.22216;48.9074;2.15349;48.8596;2.29082;13
15:16:52.147;48.8835;2.22164;48.9074;2.15298;48.8596;2.2903;13
15:16:52.166;48.8835;2.21735;48.9074;2.14869;48.8596;2.28601;13
15:16:52.181;48.8836;2.20156;48.9075;2.13289;48.8597;2.27022;13
15:16:52.185;48.8843;2.19469;48.9082;2.12603;48.8604;2.26335;13
15:16:52.186;48.8853;2.18662;48.9092;2.11796;48.8614;2.25528;13
15:16:52.200;48.8857;2.18388;48.9095;2.11521;48.8618;2.25254;13
15:16:52.203;48.8866;2.17821;48.9104;2.10955;48.8627;2.24687;13
15:16:52.256;48.8875;2.1734;48.9113;2.10474;48.8636;2.24206;13
15:16:52.259;48.8889;2.16671;48.9128;2.09805;48.8651;2.23537;13
15:16:52.292;48.8893;2.16585;48.9131;2.09719;48.8654;2.23451;13
15:16:52.292;48.8896;2.16585;48.9135;2.09719;48.8657;2.23451;13
15:16:52.576;48.8896;2.16551;48.9135;2.09684;48.8657;2.23417;13
15:16:52.576;48.8896;2.16448;48.9135;2.09581;48.8657;2.23314;13
15:16:52.590;48.8896;2.16156;48.9135;2.0929;48.8657;2.23022;13
15:16:52.607;48.8904;2.14937;48.9143;2.08071;48.8665;2.21803;13
15:16:52.607;48.8912;2.14148;48.9151;2.07281;48.8673;2.21013;13
15:16:52.619;48.8918;2.13684;48.9156;2.06818;48.8679;2.2055;13
15:16:52.623;48.8931;2.12877;48.917;2.06011;48.8692;2.19743;13
15:16:52.623;48.8943;2.12122;48.9182;2.05256;48.8705;2.18988;13
15:16:52.674;48.8963;2.11023;48.9201;2.04157;48.8724;2.17889;13
15:16:53.133;48.8965;2.10869;48.9203;2.04002;48.8726;2.17735;13
15:16:53.137;48.8966;2.10749;48.9205;2.03882;48.8727;2.17615;13
15:16:53.139;48.9;2.05719;48.9239;1.98853;48.8761;2.12585;13
15:16:53.464;48.9;2.0553;48.9239;1.98664;48.8761;2.12396;13
15:16:53.492;48.9;2.04861;48.9239;1.97994;48.8761;2.11727;13
15:16:53.492;48.9;2.04432;48.9239;1.97565;48.8761;2.11297;13
15:16:53.493;48.9;2.03865;48.9239;1.96999;48.8761;2.10731;13
15:16:53.522;48.9;2.02372;48.9239;1.95505;48.8761;2.09238;13
15:16:53.541;48.9002;2.01393;48.9241;1.94527;48.8763;2.08259;13
15:16:53.551;48.9006;2.00947;48.9244;1.9408;48.8767;2.07813;13
15:16:53.552;48.9009;2.00535;48.9248;1.93668;48.877;2.07401;13
15:16:53.563;48.9012;2.00226;48.9251;1.93359;48.8774;2.07092;13
15:16:53.629;48.9025;1.99608;48.9263;1.92741;48.8786;2.06474;13
15:16:53.630;48.9033;1.99299;48.9271;1.92432;48.8794;2.06165;13
15:16:53.927;48.9033;1.99213;48.9271;1.92347;48.8794;2.06079;13
15:16:53.940;48.9033;1.99076;48.9271;1.92209;48.8794;2.05942;13
15:16:53.944;48.9034;1.98269;48.9272;1.91402;48.8795;2.05135;13
15:16:53.968;48.9043;1.97084;48.9281;1.90218;48.8804;2.0395;13
15:16:53.981;48.9052;1.96381;48.929;1.89514;48.8813;2.03247;13
15:16:54.011;48.9062;1.95557;48.93;1.8869;48.8823;2.02423;13
15:16:54.012;48.9088;1.94012;48.9327;1.87145;48.8849;2.00878;13
15:16:54.025;48.9095;1.9372;48.9333;1.86853;48.8856;2.00586;13
15:16:54.049;48.9105;1.93377;48.9343;1.8651;48.8866;2.00242;13
15:16:54.050;48.9107;1.93342;48.9346;1.86476;48.8868;2.00208;13
15:16:54.063;48.9108;1.93274;48.9347;1.86407;48.887;2.00139;13
15:16:54.063;48.911;1.93222;48.9349;1.86356;48.8872;2.00088;13
15:16:54.075;48.9112;1.93205;48.935;1.86338;48.8873;2.00071;13
15:16:54.384;48.9112;1.93171;48.935;1.86304;48.8873;2.00036;13
15:16:54.386;48.9112;1.93068;48.935;1.86201;48.8873;1.99933;13
15:16:54.386;48.9112;1.92827;48.935;1.85961;48.8873;1.99693;13
15:16:54.411;48.9133;1.90905;48.9372;1.84038;48.8894;1.97771;13
15:16:54.458;48.917;1.8778;48.9409;1.80914;48.8932;1.94646;13
15:16:54.470;48.9184;1.86802;48.9422;1.79935;48.8945;1.93668;13
15:16:54.483;48.9186;1.86613;48.9425;1.79747;48.8947;1.93479;13
15:16:54.483;48.9192;1.86235;48.943;1.79369;48.8953;1.93101;13
15:16:54.501;48.9197;1.85944;48.9436;1.79077;48.8959;1.9281;13
15:16:54.513;48.92;1.85806;48.9438;1.7894;48.8961;1.92672;13
15:16:54.515;48.9201;1.8572;48.9439;1.78854;48.8962;1.92586;13
15:16:54.515;48.9201;1.85686;48.9439;1.7882;48.8962;1.92552;13
15:16:54.533;48.9202;1.85669;48.944;1.78802;48.8963;1.92535;13
15:16:54.810;48.9202;1.85566;48.944;1.78699;48.8963;1.92432;13
15:16:54.834;48.9202;1.85429;48.944;1.78562;48.8963;1.92295;13
15:16:54.838;48.9212;1.84742;48.945;1.77876;48.8973;1.91608;13
15:16:54.848;48.9229;1.83935;48.9467;1.77069;48.899;1.90801;13
15:16:54.849;48.9245;1.83214;48.9483;1.76348;48.9006;1.9008;13
15:16:54.890;48.9289;1.81549;48.9527;1.74683;48.905;1.88415;13
15:16:54.895;48.9311;1.80914;48.955;1.74047;48.9073;1.8778;13
15:16:54.904;48.9325;1.80553;48.9563;1.73687;48.9086;1.87419;13
15:16:54.904;48.9341;1.8021;48.9579;1.73344;48.9102;1.87076;13
15:16:54.926;48.9352;1.80004;48.959;1.73138;48.9113;1.8687;13
15:16:54.930;48.9361;1.79798;48.9599;1.72932;48.9122;1.86664;13
15:16:54.930;48.9365;1.79712;48.9604;1.72846;48.9127;1.86578;13
15:16:54.949;48.9374;1.79558;48.9613;1.72691;48.9136;1.86424;13
15:16:54.950;48.9381;1.79438;48.962;1.72571;48.9143;1.86304;13
15:16:54.960;48.9387;1.79352;48.9625;1.72485;48.9148;1.86218;13
15:16:54.972;48.9389;1.79317;48.9627;1.72451;48.9151;1.86183;13
15:16:54.995;48.9391;1.793;48.963;1.72434;48.9153;1.86166;13
15:16:54.996;48.9391;1.79283;48.963;1.72417;48.9153;1.86149;13
15:16:55.331;48.9391;1.79249;48.963;1.72382;48.9153;1.86115;13
15:16:55.346;48.9391;1.79146;48.963;1.72279;48.9153;1.86012;13
15:16:55.347;48.9391;1.7882;48.963;1.71953;48.9153;1.85686;13
15:16:55.370;48.9391;1.78614;48.963;1.71747;48.9153;1.8548;13
15:16:55.376;48.9391;1.78253;48.963;1.71387;48.9153;1.85119;13
15:16:55.386;48.9391;1.77858;48.963;1.70992;48.9153;1.84724;13
15:16:55.425;48.9391;1.77172;48.963;1.70305;48.9153;1.84038;13
15:16:55.438;48.9391;1.77034;48.963;1.70168;48.9153;1.839;13
15:16:55.452;48.9391;1.7676;48.963;1.69893;48.9153;1.83626;13
15:16:55.476;48.939;1.76399;48.9629;1.69533;48.9152;1.83265;13
15:16:55.480;48.939;1.76245;48.9629;1.69378;48.9152;1.83111;13
15:16:55.501;48.939;1.75919;48.9629;1.69052;48.9152;1.82784;13
15:16:55.502;48.939;1.75764;48.9629;1.68898;48.9152;1.8263;13
15:16:55.525;48.939;1.75507;48.9629;1.6864;48.9152;1.82373;13
15:16:55.526;48.939;1.75386;48.9629;1.6852;48.9152;1.82252;13
15:16:55.550;48.939;1.7518;48.9629;1.68314;48.9152;1.82046;13
15:16:55.550;48.939;1.7506;48.9629;1.68194;48.9152;1.81926;13
15:16:55.572;48.9394;1.74837;48.9632;1.67971;48.9155;1.81703;13
15:16:55.573;48.9394;1.747;48.9632;1.67833;48.9155;1.81566;13
15:16:55.596;48.9396;1.7458;48.9634;1.67713;48.9157;1.81446;13
15:16:55.597;48.9397;1.74425;48.9635;1.67559;48.9158;1.81291;13
15:16:55.599;48.9398;1.74339;48.9636;1.67473;48.916;1.81205;13
15:16:55.620;48.9399;1.74305;48.9638;1.67439;48.9161;1.81171;13
15:16:55.623;48.94;1.74219;48.9639;1.67353;48.9162;1.81085;13
15:16:55.637;48.9402;1.74219;48.964;1.67353;48.9163;1.81085;13
15:16:55.646;48.9403;1.74202;48.9641;1.67336;48.9164;1.81068;13
15:16:55.688;48.9403;1.74253;48.9641;1.67387;48.9164;1.81119;13
15:16:55.689;48.9404;1.74322;48.9642;1.67456;48.9165;1.81188;13
15:16:55.700;48.9405;1.74459;48.9643;1.67593;48.9166;1.81325;13
15:16:55.723;48.9411;1.75198;48.9649;1.68331;48.9172;1.82064;13
15:16:55.747;48.9416;1.7676;48.9655;1.69893;48.9178;1.83626;13
15:16:55.777;48.9416;1.78476;48.9655;1.7161;48.9178;1.85342;13
15:16:55.794;48.9405;1.80038;48.9643;1.73172;48.9166;1.86904;13
15:16:55.808;48.9392;1.8124;48.9631;1.74374;48.9154;1.88106;13
15:16:55.826;48.9384;1.82596;48.9623;1.7573;48.9146;1.89462;13
15:16:55.842;48.9384;1.83369;48.9623;1.76502;48.9146;1.90235;13
15:16:55.843;48.9386;1.83815;48.9624;1.76949;48.9147;1.90681;13
15:16:55.867;48.9389;1.84193;48.9627;1.77326;48.9151;1.91059;13
15:16:55.868;48.939;1.84313;48.9629;1.77446;48.9152;1.91179;13
15:16:55.894;48.9392;1.84416;48.9631;1.77549;48.9154;1.91282;13
15:16:56.300;48.9392;1.84519;48.9631;1.77652;48.9154;1.91385;13
15:16:56.313;48.9392;1.84725;48.9631;1.77858;48.9154;1.91591;13
15:16:56.314;48.9395;1.85583;48.9633;1.78717;48.9156;1.92449;13
15:16:56.344;48.9395;1.86956;48.9633;1.8009;48.9156;1.93822;13
15:16:56.345;48.9395;1.88536;48.9633;1.81669;48.9156;1.95402;13
15:16:56.373;48.9387;1.90184;48.9625;1.83317;48.9148;1.9705;13
15:16:56.390;48.9365;1.91231;48.9604;1.84364;48.9127;1.98097;13
15:16:56.390;48.9356;1.91814;48.9595;1.84948;48.9118;1.9868;13
15:16:56.405;48.9352;1.92003;48.959;1.85137;48.9113;1.98869;13
15:16:56.405;48.9348;1.92295;48.9587;1.85429;48.911;1.99161;13
15:16:56.728;48.9348;1.9245;48.9587;1.85583;48.911;1.99315;13
15:16:56.743;48.9348;1.93033;48.9587;1.86167;48.911;1.99899;13
15:16:56.781;48.9348;1.94853;48.9587;1.87986;48.911;2.01719;13
15:16:56.798;48.9348;1.96037;48.9587;1.89171;48.911;2.02903;13
15:16:56.798;48.9347;1.97187;48.9586;1.90321;48.9109;2.04053;13
15:16:56.814;48.9343;1.97874;48.9581;1.91008;48.9104;2.0474;13
15:16:56.819;48.9341;1.98338;48.9579;1.91471;48.9102;2.05203;13
15:16:56.841;48.9337;1.98715;48.9576;1.91849;48.9099;2.05581;13
15:16:56.856;48.9337;1.99041;48.9576;1.92175;48.9099;2.05907;13
15:16:56.856;48.9336;1.9923;48.9575;1.92364;48.9098;2.06096;13
15:16:57.805;48.9336;1.9923;48.9575;1.92364;48.9098;2.06096;13
15:16:58.115;48.9336;1.9923;48.9575;1.92364;48.9098;2.06096;13
15:16:58.399;48.9336;1.9923;48.9575;1.92364;48.9098;2.06096;13
15:16:59.340;48.9336;1.9923;48.9575;1.92364;48.9098;2.06096;13
15:16:59.793;48.9336;1.9923;48.9575;1.92364;48.9098;2.06096;13
15:17:00.084;48.9336;1.9923;48.9575;1.92364;48.9098;2.06096;13
15:17:01.028;48.9336;1.9923;48.9575;1.92364;48.9098;2.06096;13
15:17:02.803;48.9336;1.9923;50.4368;-2.40223;47.3838;6.38683;7
15:17:03.192;48.9336;2.04723;50.4368;-2.3473;47.3838;6.44176;7
15:17:03.193;48.9336;2.13512;50.4368;-2.25941;47.3838;6.52965;7
15:17:03.208;48.9336;2.25597;50.4368;-2.13856;47.3838;6.6505;7
15:17:03.209;48.9336;2.3988;50.4368;-1.99574;47.3838;6.79332;7
15:17:03.226;48.9336;2.77233;50.4368;-1.6222;47.3838;7.16686;7
15:17:03.250;48.9336;3.35461;50.4368;-1.03992;47.3838;7.74913;7
15:17:03.297;48.9336;4.14562;50.4368;-0.24891;47.3838;8.54015;7
15:17:03.298;48.8469;5.06847;50.3527;0.67394;47.2944;9.463;7
15:17:03.323;48.8325;5.16735;50.3387;0.77282;47.2795;9.56188;7
15:17:03.325;48.8108;5.27721;50.3177;0.88268;47.2572;9.67174;7
15:17:03.631;48.8108;5.2882;50.3177;0.89367;47.2572;9.68273;7
15:17:03.646;48.8108;5.34313;50.3177;0.9486;47.2572;9.73766;7
15:17:03.662;48.8108;5.57384;50.3177;1.17931;47.2572;9.96837;7
15:17:03.675;48.8108;6.05724;50.3177;1.66271;47.2572;10.4518;7
15:17:03.689;48.7963;6.67248;50.3036;2.27795;47.2422;11.067;7
15:17:03.758;48.6659;7.49645;50.1772;3.10192;47.1078;11.891;7
15:17:03.759;48.5205;9.17736;50.0363;4.78283;46.958;13.5719;7
15:17:03.828;48.5205;9.45202;50.0363;5.05749;46.958;13.8465;7
15:17:04.100;48.5205;9.53991;50.0363;5.14538;46.958;13.9344;7
15:17:04.174;48.5205;9.75964;50.0363;5.3651;46.958;14.1542;7
15:17:04.198;48.5424;11.869;50.0574;7.47448;46.9805;16.2635;7
15:17:04.209;48.5496;12.3524;50.0645;7.95788;46.988;16.7469;7
15:17:04.223;48.5496;12.5172;50.0645;8.12267;46.988;16.9117;7
15:17:04.223;48.5496;12.671;50.0645;8.27648;46.988;17.0655;7
15:17:04.246;48.5496;12.7479;50.0645;8.35339;46.988;17.1424;7
15:17:04.247;48.5496;12.7809;50.0645;8.38634;46.988;17.1754;7
15:17:04.258;48.5496;12.8138;50.0645;8.4193;46.988;17.2084;7
15:17:04.259;48.5496;12.8248;50.0645;8.43029;46.988;17.2194;7
15:17:04.280;48.5496;12.8358;50.0645;8.44128;46.988;17.2303;7
15:17:04.342;48.5496;12.8138;50.0645;8.4193;46.988;17.2084;7
15:17:04.688;48.5496;12.7589;50.0645;8.36437;46.988;17.1534;7
15:17:04.688;48.5496;12.704;50.0645;8.30944;46.988;17.0985;7
15:17:04.688;48.5496;12.5392;50.0645;8.14465;46.988;16.9337;7
15:17:04.688;48.5496;12.2645;50.0645;7.86999;46.988;16.659;7
15:17:04.688;48.5496;12.0008;50.0645;7.60632;46.988;16.3954;7
15:17:04.689;48.5569;11.869;50.0715;7.47448;46.9955;16.2635;7
15:17:04.689;48.6078;11.5614;50.1208;7.16686;47.048;15.9559;7
15:17:04.689;48.6731;11.2648;50.1842;6.87023;47.1153;15.6593;7
15:17:04.693;48.7528;10.9462;50.2615;6.55163;47.1975;15.3407;7
15:17:04.707;48.8397;10.7264;50.3457;6.3319;47.287;15.121;7
15:17:04.722;48.9119;10.5616;50.4158;6.16711;47.3614;14.9562;7
15:17:04.723;48.948;10.5287;50.4508;6.13415;47.3986;14.9232;7
15:17:04.737;48.9913;10.4738;50.4927;6.07922;47.4432;14.8683;7
15:17:04.753;49.0561;10.4628;50.5556;6.06823;47.5101;14.8573;7
15:17:04.765;49.0921;10.5836;50.5905;6.18908;47.5472;14.9781;7
15:17:04.786;48.948;11.1988;50.4508;6.80431;47.3986;15.5934;7
15:17:05.091;48.948;11.1879;50.4508;6.79333;47.3986;15.5824;7
15:17:05.091;48.9552;11.1219;50.4578;6.72741;47.4061;15.5165;7
15:17:05.092;49.0201;10.9132;50.5207;6.51867;47.4729;15.3077;7
15:17:05.106;49.1497;10.5397;50.6463;6.14513;47.6064;14.9342;7
15:17:05.121;49.3218;10.0673;50.8131;5.67272;47.7839;14.4618;7
15:17:05.184;49.6928;9.19933;51.1727;4.8048;48.1664;13.5939;7
15:17:05.185;49.7283;9.1444;51.2071;4.74987;48.203;13.5389;7
15:17:05.238;49.7638;9.07848;51.2416;4.68395;48.2396;13.473;7
15:17:05.238;49.7922;9.04552;51.2691;4.65099;48.2688;13.4401;7
15:17:05.239;49.8064;9.03454;51.2828;4.64001;48.2835;13.4291;7
15:17:05.504;49.8064;9.01257;51.2828;4.61803;48.2835;13.4071;7
15:17:05.506;49.8489;8.8258;51.324;4.43127;48.3273;13.2203;7
15:17:05.532;49.8914;8.661;51.3652;4.26647;48.3711;13.0555;7
15:17:05.545;50.0609;8.11169;51.5295;3.71716;48.546;12.5062;7
15:17:05.559;50.251;7.49645;51.7137;3.10192;48.742;11.891;7
15:17:05.561;50.3773;7.15588;51.836;2.76134;48.8722;11.5504;7
15:17:05.578;50.5591;6.77135;52.0122;2.37682;49.0597;11.1659;7
15:17:05.609;50.6497;6.60656;52.1;2.21203;49.1533;11.0011;7
15:17:05.623;50.7472;6.45275;52.1944;2.05822;49.2537;10.8473;7
15:17:05.624;50.7611;6.44176;52.2079;2.04723;49.2681;10.8363;7
15:17:05.625;50.7819;6.40881;52.2281;2.01427;49.2896;10.8033;7
15:17:05.651;50.7958;6.39782;52.2415;2.00329;49.3039;10.7923;7
15:17:05.668;50.8097;6.37585;52.255;1.98132;49.3182;10.7704;7
15:17:05.927;50.8166;6.36486;52.2617;1.97033;49.3254;10.7594;7
15:17:05.927;50.9068;6.18908;52.349;1.79455;49.4184;10.5836;7
15:17:05.954;51.0865;5.88146;52.5232;1.48693;49.6039;10.276;7
15:17:05.955;51.3412;5.42004;52.7698;1.02551;49.8666;9.81456;7
15:17:05.968;51.3892;5.31017;52.8163;0.91564;49.9161;9.7047;7
15:17:05.968;51.5534;5.00256;52.9754;0.60802;50.0856;9.39708;7
15:17:05.992;51.5876;4.91467;53.0084;0.52013;50.1208;9.30919;7
15:17:05.996;51.6762;4.70592;53.0943;0.31139;50.2123;9.10045;7
15:17:06.005;51.7239;4.58508;53.1404;0.19054;50.2615;8.9796;7
15:17:06.027;51.7579;4.46423;53.1734;0.06969;50.2966;8.85875;7
15:17:06.042;51.7715;4.39831;53.1865;0.00378;50.3107;8.79283;7
15:17:06.055;51.7919;4.3214;53.2063;-0.07313;50.3317;8.71593;7
15:17:06.068;51.7919;4.25549;53.2063;-0.13905;50.3317;8.65001;7
15:17:06.068;51.7919;4.23351;53.2063;-0.16102;50.3317;8.62804;7
15:17:06.093;51.7919;4.20055;53.2063;-0.19398;50.3317;8.59508;7
15:17:06.094;51.7919;4.18957;53.2063;-0.20496;50.3317;8.58409;7
15:17:06.117;51.7919;4.16759;53.2063;-0.22694;50.3317;8.56212;7
15:17:06.179;51.7851;4.16759;53.1997;-0.22694;50.3247;8.56212;7
15:17:06.229;51.7783;4.16759;53.1931;-0.22694;50.3177;8.56212;7
15:17:06.261;51.7715;4.16759;53.1865;-0.22694;50.3107;8.56212;7
15:17:06.277;51.7511;4.16759;53.1668;-0.22694;50.2896;8.56212;7
15:17:06.277;51.7035;4.23351;53.1207;-0.16102;50.2405;8.62804;7
15:17:06.304;51.5944;4.35436;53.015;-0.04017;50.1279;8.74889;7
15:17:06.305;51.4919;4.49718;52.9158;0.10265;50.0221;8.89171;7
15:17:06.322;51.4303;4.58508;52.8561;0.19054;49.9586;8.9796;7
15:17:06.322;51.396;4.62902;52.8229;0.23449;49.9232;9.02355;7
15:17:06.360;51.2931;4.77184;52.7232;0.37731;49.817;9.16637;7
15:17:06.374;51.2656;4.81579;52.6966;0.42126;49.7886;9.21031;7
15:17:06.376;51.2587;4.82677;52.69;0.43224;49.7815;9.2213;7
15:17:06.377;51.2587;4.84875;52.69;0.45422;49.7815;9.24327;7
15:17:06.396;51.2519;4.84875;52.6833;0.45422;49.7744;9.24327;7
15:17:06.397;51.2519;4.85973;52.6833;0.4652;49.7744;9.25426;7
15:17:06.409;51.2381;4.89269;52.67;0.49816;49.7603;9.28722;7
15:17:06.432;51.2243;4.93664;52.6567;0.54211;49.7461;9.33116;7
15:17:06.447;51.2037;4.99157;52.6367;0.59704;49.7248;9.3861;7
15:17:06.447;51.2037;5.02453;52.6367;0.63;49.7248;9.41905;7
15:17:06.461;51.1899;5.05749;52.6233;0.66296;49.7105;9.45201;7
15:17:06.462;51.183;5.10143;52.6166;0.7069;49.7034;9.49596;7
15:17:06.478;51.1762;5.17834;52.61;0.78381;49.6963;9.57286;7
15:17:06.489;51.1762;5.24426;52.61;0.84972;49.6963;9.63878;7
15:17:06.515;51.1762;5.27721;52.61;0.88268;49.6963;9.67174;7
15:17:06.530;51.1693;5.37609;52.6033;0.98156;49.6892;9.77062;7
15:17:06.530;51.1624;5.49694;52.5966;1.10241;49.6821;9.89147;7
15:17:06.548;51.1624;5.55187;52.5966;1.15734;49.6821;9.9464;7
15:17:06.548;51.1624;5.63976;52.5966;1.24523;49.6821;10.0343;7
15:17:06.571;51.1624;5.74963;52.5966;1.35509;49.6821;10.1441;7
15:17:06.586;51.1624;5.94738;52.5966;1.55285;49.6821;10.3419;7
15:17:06.600;51.183;6.13415;52.6166;1.73962;49.7034;10.5287;7
15:17:06.600;51.183;6.17809;52.6166;1.78356;49.7034;10.5726;7
15:17:06.601;51.1968;6.29894;52.63;1.90441;49.7177;10.6935;7
15:17:06.627;51.1968;6.37585;52.63;1.98132;49.7177;10.7704;7
15:17:06.641;51.1968;6.4967;52.63;2.10217;49.7177;10.8912;7
15:17:06.642;51.1968;6.65051;52.63;2.25597;49.7177;11.045;7
15:17:06.656;51.1968;6.7384;52.63;2.34386;49.7177;11.1329;7
15:17:06.670;51.1968;6.8153;52.63;2.42077;49.7177;11.2098;7
15:17:06.673;51.1968;6.90319;52.63;2.50866;49.7177;11.2977;7
15:17:06.673;51.1899;7.01305;52.6233;2.61852;49.7105;11.4076;7
15:17:06.705;51.183;7.15588;52.6166;2.76134;49.7034;11.5504;7
15:17:06.705;51.1762;7.27673;52.61;2.88219;49.6963;11.6713;7
15:17:06.735;51.1555;7.39758;52.59;3.00304;49.675;11.7921;7
15:17:06.737;51.1555;7.43053;52.59;3.036;49.675;11.8251;7
15:17:06.738;51.1417;7.47448;52.5766;3.07995;49.6608;11.869;7
15:17:06.753;51.121;7.5404;52.5566;3.14587;49.6395;11.9349;7
15:17:06.753;51.1072;7.59533;52.5432;3.2008;49.6252;11.9899;7
15:17:06.767;51.0865;7.65026;52.5232;3.25573;49.6039;12.0448;7
15:17:06.793;51.0382;7.73815;52.4763;3.34362;49.554;12.1327;7
15:17:06.797;51.0037;7.83703;52.4429;3.4425;49.5184;12.2316;7
15:17:06.809;50.976;7.88097;52.4161;3.48644;49.4898;12.2755;7
15:17:06.835;50.9345;7.96886;52.3759;3.57433;49.447;12.3634;7
15:17:06.850;50.9275;7.97985;52.3691;3.58532;49.4398;12.3744;7
15:17:06.851;50.886;8.05676;52.3289;3.66222;49.3969;12.4513;7
15:17:06.878;50.8444;8.12267;52.2886;3.72814;49.354;12.5172;7
15:17:06.892;50.8097;8.1776;52.255;3.78307;49.3182;12.5721;7
15:17:06.906;50.7819;8.22155;52.2281;3.82702;49.2896;12.6161;7
15:17:06.920;50.7541;8.2655;52.2011;3.87096;49.2609;12.66;7
15:17:06.924;50.7263;8.32043;52.1742;3.9259;49.2322;12.7149;7
15:17:06.948;50.7124;8.37536;52.1607;3.98083;49.2179;12.7699;7
15:17:06.962;50.6985;8.4193;52.1472;4.02477;49.2035;12.8138;7
15:17:06.976;50.6915;8.46325;52.1405;4.06872;49.1963;12.8578;7
15:17:06.989;50.6776;8.50719;52.127;4.11266;49.182;12.9017;7
15:17:07.003;50.6637;8.56213;52.1135;4.16759;49.1676;12.9566;7
15:17:07.004;50.6567;8.57311;52.1068;4.17858;49.1604;12.9676;7
15:17:07.018;50.6567;8.62804;52.1068;4.23351;49.1604;13.0226;7
15:17:07.056;50.6497;8.65002;52.1;4.25549;49.1533;13.0445;7
15:17:07.070;50.6358;8.68298;52.0865;4.28844;49.1389;13.0775;7
15:17:07.098;50.6288;8.68298;52.0798;4.28844;49.1317;13.0775;7
15:17:07.114;50.6219;8.68298;52.073;4.28844;49.1245;13.0775;7
15:17:07.154;50.6219;8.67199;52.073;4.27746;49.1245;13.0665;7
15:17:07.169;50.6219;8.661;52.073;4.26647;49.1245;13.0555;7
15:17:07.184;50.6219;8.61706;52.073;4.22253;49.1245;13.0116;7
15:17:07.184;50.6358;8.56213;52.0865;4.16759;49.1389;12.9566;7
15:17:07.197;50.6497;8.51818;52.1;4.12365;49.1533;12.9127;7
15:17:07.211;50.6637;8.48522;52.1135;4.09069;49.1676;12.8798;7
15:17:07.212;50.6846;8.43029;52.1338;4.03576;49.1892;12.8248;7
15:17:07.226;50.7332;8.32043;52.1809;3.9259;49.2394;12.7149;7
15:17:07.254;50.7749;8.24352;52.2213;3.84899;49.2824;12.6381;7
15:17:07.267;50.8166;8.16662;52.2617;3.77209;49.3254;12.5611;7
15:17:07.268;50.8305;8.13366;52.2751;3.73913;49.3397;12.5282;7
15:17:07.296;50.8582;8.08971;52.302;3.69518;49.3684;12.4842;7
15:17:07.310;50.886;8.05676;52.3289;3.66222;49.3969;12.4513;7
15:17:07.310;50.8929;8.04577;52.3356;3.65124;49.4041;12.4403;7
15:17:07.324;50.9137;8.03478;52.3557;3.64025;49.4255;12.4293;7
15:17:07.328;50.9206;8.0238;52.3624;3.62926;49.4327;12.4183;7
15:17:07.328;50.9275;8.00182;52.3691;3.60729;49.4398;12.3963;7
15:17:07.341;50.9414;8.00182;52.3826;3.60729;49.4541;12.3963;7
15:17:07.368;50.9622;7.97985;52.4027;3.58532;49.4755;12.3744;7
15:17:07.383;50.9829;7.95788;52.4228;3.56335;49.4969;12.3524;7
15:17:07.383;51.0037;7.93591;52.4429;3.54137;49.5184;12.3304;7
15:17:07.397;51.0175;7.92492;52.4563;3.53039;49.5326;12.3195;7
15:17:07.415;51.0313;7.92492;52.4697;3.53039;49.5469;12.3195;7
15:17:07.433;51.052;7.89196;52.4897;3.49743;49.5683;12.2865;7
15:17:07.447;51.0658;7.88097;52.5031;3.48644;49.5825;12.2755;7
15:17:07.467;51.0865;7.859;52.5232;3.46447;49.6039;12.2535;7
15:17:07.470;51.1072;7.83703;52.5432;3.4425;49.6252;12.2316;7
15:17:07.483;51.121;7.81506;52.5566;3.42052;49.6395;12.2096;7
15:17:07.498;51.1348;7.80407;52.5699;3.40954;49.6537;12.1986;7
15:17:07.519;51.1762;7.76012;52.61;3.36559;49.6963;12.1546;7
15:17:07.519;51.1899;7.72717;52.6233;3.33263;49.7105;12.1217;7
15:17:07.531;51.2175;7.69421;52.65;3.29967;49.739;12.0887;7
15:17:07.558;51.2519;7.65026;52.6833;3.25573;49.7744;12.0448;7
15:17:07.559;51.2725;7.59533;52.7033;3.2008;49.7957;11.9899;7
15:17:07.574;51.2862;7.58434;52.7166;3.18981;49.8099;11.9789;7
15:17:07.576;51.3;7.55138;52.7299;3.15685;49.8241;11.9459;7
15:17:07.592;51.3068;7.52941;52.7365;3.13488;49.8312;11.9239;7
15:17:07.592;51.3206;7.50744;52.7499;3.11291;49.8453;11.902;7
15:17:07.621;51.3343;7.45251;52.7631;3.05798;49.8595;11.847;7
15:17:07.622;51.348;7.43053;52.7764;3.036;49.8737;11.8251;7
15:17:07.624;51.3549;7.39758;52.7831;3.00304;49.8807;11.7921;7
15:17:07.639;51.3618;7.3756;52.7897;2.98107;49.8878;11.7701;7
15:17:07.655;51.3686;7.34264;52.7964;2.94811;49.8949;11.7372;7
15:17:07.656;51.3755;7.32067;52.803;2.92614;49.902;11.7152;7
15:17:07.671;51.3823;7.30968;52.8097;2.91515;49.9091;11.7042;7
15:17:07.672;51.3823;7.28771;52.8097;2.89318;49.9091;11.6822;7
15:17:07.687;51.3823;7.27673;52.8097;2.88219;49.9091;11.6713;7
15:17:07.687;51.3892;7.26574;52.8163;2.87121;49.9161;11.6603;7
15:17:07.703;51.3892;7.25475;52.8163;2.86022;49.9161;11.6493;7
15:17:07.703;51.3892;7.24377;52.8163;2.84924;49.9161;11.6383;7
15:17:07.730;51.3892;7.23278;52.8163;2.83825;49.9161;11.6273;7
15:17:07.732;51.3892;7.22179;52.8163;2.82726;49.9161;11.6163;7
15:17:07.747;51.3892;7.21081;52.8163;2.81628;49.9161;11.6053;7
15:17:07.782;51.3892;7.19982;52.8163;2.80529;49.9161;11.5943;7
15:17:07.803;51.3823;7.18884;52.8097;2.7943;49.9091;11.5834;7
15:17:07.805;51.3755;7.18884;52.803;2.7943;49.902;11.5834;7
15:17:07.822;51.3686;7.17785;52.7964;2.78332;49.8949;11.5724;7
15:17:07.836;51.3618;7.17785;52.7897;2.78332;49.8878;11.5724;7
15:17:07.838;51.3549;7.16686;52.7831;2.77233;49.8807;11.5614;7
15:17:07.839;51.348;7.15588;52.7764;2.76134;49.8737;11.5504;7
15:17:07.856;51.3412;7.14489;52.7698;2.75036;49.8666;11.5394;7
15:17:07.856;51.3343;7.12292;52.7631;2.72839;49.8595;11.5174;7
15:17:07.872;51.3137;7.10094;52.7432;2.70641;49.8383;11.4955;7
15:17:07.885;51.3068;7.07897;52.7365;2.68444;49.8312;11.4735;7
15:17:07.886;51.2931;7.057;52.7232;2.66247;49.817;11.4515;7
15:17:07.900;51.2794;7.04601;52.7099;2.65148;49.8028;11.4405;7
15:17:07.902;51.2656;7.01305;52.6966;2.61852;49.7886;11.4076;7
15:17:07.907;51.2519;7.00207;52.6833;2.60754;49.7744;11.3966;7
15:17:07.920;51.2381;6.98009;52.67;2.58556;49.7603;11.3746;7
15:17:07.920;51.2312;6.96911;52.6633;2.57458;49.7532;11.3636;7
15:17:07.935;51.2175;6.94714;52.65;2.5526;49.739;11.3417;7
15:17:07.936;51.2106;6.94714;52.6433;2.5526;49.7319;11.3417;7
15:17:07.951;51.1968;6.94714;52.63;2.5526;49.7177;11.3417;7
15:17:07.951;51.1899;6.94714;52.6233;2.5526;49.7105;11.3417;7
15:17:07.965;51.183;6.94714;52.6166;2.5526;49.7034;11.3417;7
15:17:07.993;51.1762;6.94714;52.61;2.5526;49.6963;11.3417;7
15:17:07.994;51.1624;6.95812;52.5966;2.56359;49.6821;11.3526;7
15:17:08.023;51.1555;7.01305;52.59;2.61852;49.675;11.4076;7
15:17:08.024;51.1417;7.057;52.5766;2.66247;49.6608;11.4515;7
15:17:08.040;51.1348;7.10094;52.5699;2.70641;49.6537;11.4955;7
15:17:08.040;51.1348;7.12292;52.5699;2.72839;49.6537;11.5174;7
15:17:08.054;51.121;7.19982;52.5566;2.80529;49.6395;11.5943;7
15:17:08.084;51.1072;7.26574;52.5432;2.87121;49.6252;11.6603;7
15:17:08.084;51.1072;7.2987;52.5432;2.90417;49.6252;11.6932;7
15:17:08.110;51.0934;7.35363;52.5299;2.9591;49.611;11.7482;7
15:17:08.125;51.0865;7.40856;52.5232;3.01403;49.6039;11.8031;7
15:17:08.145;51.0865;7.44152;52.5232;3.04699;49.6039;11.8361;7
15:17:08.145;51.0865;7.45251;52.5232;3.05798;49.6039;11.847;7
15:17:08.145;51.0796;7.47448;52.5165;3.07995;49.5967;11.869;7
15:17:08.160;51.0796;7.48547;52.5165;3.09093;49.5967;11.88;7
15:17:08.160;51.0796;7.49645;52.5165;3.10192;49.5967;11.891;7
15:17:08.184;51.0796;7.51842;52.5165;3.12389;49.5967;11.9129;7
15:17:08.198;51.0727;7.5404;52.5098;3.14587;49.5896;11.9349;7
15:17:08.212;51.0727;7.58434;52.5098;3.18981;49.5896;11.9789;7
15:17:08.226;51.0589;7.62829;52.4964;3.23376;49.5754;12.0228;7
15:17:08.230;51.0589;7.63927;52.4964;3.24474;49.5754;12.0338;7
15:17:08.230;51.0589;7.66125;52.4964;3.26672;49.5754;12.0558;7
15:17:08.248;51.052;7.68322;52.4897;3.28869;49.5683;12.0778;7
15:17:08.248;51.052;7.69421;52.4897;3.29967;49.5683;12.0887;7
15:17:08.260;51.052;7.71618;52.4897;3.32165;49.5683;12.1107;7
15:17:08.261;51.052;7.72717;52.4897;3.33263;49.5683;12.1217;7
15:17:08.288;51.052;7.74914;52.4897;3.35461;49.5683;12.1437;7
15:17:08.289;51.0382;7.7821;52.4763;3.38757;49.554;12.1766;7
15:17:08.318;51.0313;7.82604;52.4697;3.43151;49.5469;12.2206;7
15:17:08.318;51.0106;7.89196;52.4496;3.49743;49.5255;12.2865;7
15:17:08.335;51.0106;7.91393;52.4496;3.5194;49.5255;12.3085;7
15:17:08.336;50.9967;7.93591;52.4362;3.54137;49.5112;12.3304;7
15:17:08.348;50.9967;7.95788;52.4362;3.56335;49.5112;12.3524;7
15:17:08.348;50.9898;7.97985;52.4295;3.58532;49.5041;12.3744;7
15:17:08.375;50.9898;8.00182;52.4295;3.60729;49.5041;12.3963;7
15:17:08.389;50.9829;8.03478;52.4228;3.64025;49.4969;12.4293;7
15:17:08.404;50.9691;8.07873;52.4094;3.6842;49.4827;12.4733;7
15:17:08.404;50.9691;8.08971;52.4094;3.69518;49.4827;12.4842;7
15:17:08.418;50.9622;8.1007;52.4027;3.70617;49.4755;12.4952;7
15:17:08.422;50.9552;8.12267;52.396;3.72814;49.4684;12.5172;7
15:17:08.433;50.9483;8.15563;52.3893;3.7611;49.4613;12.5502;7
15:17:08.460;50.9414;8.16662;52.3826;3.77209;49.4541;12.5611;7
15:17:08.474;50.9414;8.18859;52.3826;3.79406;49.4541;12.5831;7
15:17:08.488;50.9414;8.19958;52.3826;3.80505;49.4541;12.5941;7
15:17:08.542;50.9414;8.21056;52.3826;3.81603;49.4541;12.6051;7
15:17:08.543;50.9483;8.21056;52.3893;3.81603;49.4613;12.6051;7
15:17:08.567;50.9552;8.21056;52.396;3.81603;49.4684;12.6051;7
15:17:08.581;50.9691;8.21056;52.4094;3.81603;49.4827;12.6051;7
15:17:08.595;50.976;8.21056;52.4161;3.81603;49.4898;12.6051;7
15:17:08.597;50.9967;8.21056;52.4362;3.81603;49.5112;12.6051;7
15:17:08.624;51.0037;8.19958;52.4429;3.80505;49.5184;12.5941;7
15:17:08.625;51.0106;8.18859;52.4496;3.79406;49.5255;12.5831;7
15:17:08.652;51.0175;8.16662;52.4563;3.77209;49.5326;12.5611;7
15:17:08.667;51.0244;8.14465;52.463;3.75011;49.5397;12.5392;7
15:17:08.667;51.0244;8.13366;52.463;3.73913;49.5397;12.5282;7
15:17:08.668;51.0244;8.12267;52.463;3.72814;49.5397;12.5172;7
15:17:08.698;51.0313;8.11169;52.4697;3.71716;49.5469;12.5062;7
15:17:08.698;51.0451;8.07873;52.483;3.6842;49.5611;12.4733;7
15:17:08.724;51.0658;8.03478;52.5031;3.64025;49.5825;12.4293;7
15:17:08.738;51.0865;8.00182;52.5232;3.60729;49.6039;12.3963;7
15:17:08.739;51.1003;7.99084;52.5365;3.59631;49.6181;12.3854;7
15:17:08.741;51.1072;7.96886;52.5432;3.57433;49.6252;12.3634;7
15:17:08.755;51.121;7.95788;52.5566;3.56335;49.6395;12.3524;7
15:17:08.782;51.1348;7.92492;52.5699;3.53039;49.6537;12.3195;7
15:17:08.800;51.1555;7.90295;52.59;3.50842;49.675;12.2975;7
15:17:08.800;51.1693;7.88097;52.6033;3.48644;49.6892;12.2755;7
15:17:08.829;51.1762;7.86999;52.61;3.47546;49.6963;12.2645;7
15:17:08.830;51.1899;7.84801;52.6233;3.45348;49.7105;12.2425;7
15:17:08.861;51.2106;7.82604;52.6433;3.43151;49.7319;12.2206;7
15:17:08.877;51.2243;7.82604;52.6567;3.43151;49.7461;12.2206;7
15:17:08.890;51.245;7.80407;52.6766;3.40954;49.7673;12.1986;7
15:17:08.904;51.2519;7.79308;52.6833;3.39855;49.7744;12.1876;7
15:17:08.905;51.2656;7.7821;52.6966;3.38757;49.7886;12.1766;7
15:17:08.932;51.2794;7.76012;52.7099;3.36559;49.8028;12.1546;7
15:17:08.935;51.3;7.72717;52.7299;3.33263;49.8241;12.1217;7
15:17:08.949;51.3137;7.72717;52.7432;3.33263;49.8383;12.1217;7
15:17:08.949;51.3206;7.71618;52.7499;3.32165;49.8453;12.1107;7
15:17:08.976;51.3274;7.70519;52.7565;3.31066;49.8524;12.0997;7
15:17:08.977;51.3412;7.68322;52.7698;3.28869;49.8666;12.0778;7
15:17:09.004;51.348;7.67223;52.7764;3.2777;49.8737;12.0668;7
15:17:09.018;51.3618;7.67223;52.7897;3.2777;49.8878;12.0668;7
15:17:09.022;51.3618;7.66125;52.7897;3.26672;49.8878;12.0558;7
15:17:09.022;51.3755;7.65026;52.803;3.25573;49.902;12.0448;7
15:17:09.049;51.3823;7.65026;52.8097;3.25573;49.9091;12.0448;7
15:17:09.051;51.3823;7.62829;52.8097;3.23376;49.9091;12.0228;7
15:17:09.078;51.396;7.6173;52.8229;3.22277;49.9232;12.0118;7
15:17:09.092;51.4166;7.59533;52.8428;3.2008;49.9444;11.9899;7
15:17:09.108;51.4303;7.58434;52.8561;3.18981;49.9586;11.9789;7
15:17:09.108;51.4371;7.56237;52.8628;3.16784;49.9656;11.9569;7
15:17:09.110;51.4509;7.56237;52.876;3.16784;49.9798;11.9569;7
15:17:09.126;51.4577;7.5404;52.8826;3.14587;49.9868;11.9349;7
15:17:09.126;51.4645;7.5404;52.8893;3.14587;49.9939;11.9349;7
15:17:09.140;51.4714;7.51842;52.8959;3.12389;50.0009;11.9129;7
15:17:09.154;51.4851;7.50744;52.9092;3.11291;50.0151;11.902;7
15:17:09.157;51.4919;7.48547;52.9158;3.09093;50.0221;11.88;7
15:17:09.157;51.5056;7.46349;52.929;3.06896;50.0363;11.858;7
15:17:09.173;51.5193;7.43053;52.9423;3.036;50.0504;11.8251;7
15:17:09.173;51.5261;7.39758;52.9489;3.00304;50.0574;11.7921;7
15:17:09.188;51.5398;7.3756;52.9621;2.98107;50.0715;11.7701;7
15:17:09.189;51.5466;7.34264;52.9688;2.94811;50.0786;11.7372;7
15:17:09.216;51.5603;7.2987;52.982;2.90417;50.0927;11.6932;7
15:17:09.219;51.5739;7.23278;52.9952;2.83825;50.1068;11.6273;7
15:17:09.219;51.5739;7.16686;52.9952;2.77233;50.1068;11.5614;7
15:17:09.250;51.5876;7.06799;53.0084;2.67345;50.1208;11.4625;7
15:17:09.253;51.5876;7.01305;53.0084;2.61852;50.1208;11.4076;7
15:17:09.253;51.5944;6.98009;53.015;2.58556;50.1279;11.3746;7
15:17:09.281;51.5944;6.83727;53.015;2.44274;50.1279;11.2318;7
15:17:09.284;51.5944;6.78234;53.015;2.38781;50.1279;11.1769;7
15:17:09.284;51.5944;6.7384;53.015;2.34386;50.1279;11.1329;7
15:17:09.299;51.5944;6.67248;53.015;2.27795;50.1279;11.067;7
15:17:09.325;51.5944;6.59557;53.015;2.20104;50.1279;10.9901;7
15:17:09.340;51.5944;6.51867;53.015;2.12414;50.1279;10.9132;7
15:17:09.340;51.5876;6.47472;53.0084;2.08019;50.1208;10.8693;7
15:17:09.365;51.5739;6.44176;52.9952;2.04723;50.1068;10.8363;7
15:17:09.379;51.5603;6.38683;52.982;1.9923;50.0927;10.7814;7
15:17:09.393;51.5466;6.3319;52.9688;1.93737;50.0786;10.7264;7
15:17:09.395;51.5329;6.29894;52.9555;1.90441;50.0645;10.6935;7
15:17:09.395;51.5193;6.27697;52.9423;1.88244;50.0504;10.6715;7
15:17:09.409;51.5124;6.24401;52.9356;1.84948;50.0433;10.6385;7
15:17:09.422;51.4987;6.22204;52.9224;1.82751;50.0292;10.6166;7
15:17:09.436;51.4919;6.20007;52.9158;1.80553;50.0221;10.5946;7
15:17:09.451;51.4577;6.13415;52.8826;1.73962;49.9868;10.5287;7
15:17:09.464;51.4371;6.10119;52.8628;1.70666;49.9656;10.4957;7
15:17:09.466;51.4235;6.07922;52.8495;1.68468;49.9515;10.4737;7
15:17:09.466;51.4098;6.05724;52.8362;1.66271;49.9374;10.4518;7
15:17:09.495;51.396;6.04626;52.8229;1.65173;49.9232;10.4408;7
15:17:09.495;51.3686;6.0133;52.7964;1.61877;49.8949;10.4078;7
15:17:09.522;51.3549;6.00231;52.7831;1.60778;49.8807;10.3968;7
15:17:09.523;51.348;6.00231;52.7764;1.60778;49.8737;10.3968;7
15:17:09.523;51.3412;6.00231;52.7698;1.60778;49.8666;10.3968;7
15:17:09.539;51.3343;6.00231;52.7631;1.60778;49.8595;10.3968;7
15:17:09.539;51.3274;6.00231;52.7565;1.60778;49.8524;10.3968;7
15:17:09.553;51.3137;6.00231;52.7432;1.60778;49.8383;10.3968;7
15:17:09.580;51.3068;6.0133;52.7365;1.61877;49.8312;10.4078;7
15:17:09.580;51.2931;6.05724;52.7232;1.66271;49.817;10.4518;7
15:17:09.608;51.2794;6.0902;52.7099;1.69567;49.8028;10.4847;7
15:17:09.612;51.2519;6.17809;52.6833;1.78356;49.7744;10.5726;7
15:17:09.623;51.2037;6.28796;52.6367;1.89342;49.7248;10.6825;7
15:17:09.650;51.1624;6.39782;52.5966;2.00329;49.6821;10.7923;7
15:17:09.651;51.1555;6.41979;52.59;2.02526;49.675;10.8143;7
15:17:09.651;51.121;6.4967;52.5566;2.10217;49.6395;10.8912;7
15:17:09.667;51.1141;6.50768;52.5499;2.11315;49.6323;10.9022;7
15:17:09.667;51.0865;6.5736;52.5232;2.17907;49.6039;10.9681;7
15:17:09.697;51.0796;6.59557;52.5165;2.20104;49.5967;10.9901;7
15:17:09.699;51.052;6.66149;52.4897;2.26696;49.5683;11.056;7
15:17:09.699;51.0382;6.69445;52.4763;2.29992;49.554;11.089;7
15:17:09.725;51.0244;6.71642;52.463;2.32189;49.5397;11.111;7
15:17:09.739;50.9898;6.8153;52.4295;2.42077;49.5041;11.2098;7
15:17:09.756;50.9622;6.88122;52.4027;2.48669;49.4755;11.2757;7
15:17:09.756;50.9345;6.95812;52.3759;2.56359;49.447;11.3526;7
15:17:09.770;50.9206;7.00207;52.3624;2.60754;49.4327;11.3966;7
15:17:09.771;50.9137;7.02404;52.3557;2.62951;49.4255;11.4186;7
15:17:09.798;50.8998;7.057;52.3423;2.66247;49.4113;11.4515;7
15:17:09.814;50.8721;7.14489;52.3154;2.75036;49.3826;11.5394;7
15:17:09.814;50.8582;7.21081;52.302;2.81628;49.3684;11.6053;7
15:17:09.840;50.8444;7.26574;52.2886;2.87121;49.354;11.6603;7
15:17:09.856;50.8444;7.28771;52.2886;2.89318;49.354;11.6822;7
15:17:09.856;50.8374;7.33166;52.2819;2.93713;49.3469;11.7262;7
15:17:09.870;50.8374;7.35363;52.2819;2.9591;49.3469;11.7482;7
15:17:09.884;50.8305;7.39758;52.2751;3.00304;49.3397;11.7921;7
15:17:09.900;50.8305;7.46349;52.2751;3.06896;49.3397;11.858;7
15:17:09.900;50.8305;7.52941;52.2751;3.13488;49.3397;11.9239;7
15:17:09.926;50.8305;7.59533;52.2751;3.2008;49.3397;11.9899;7
15:17:09.927;50.8305;7.68322;52.2751;3.28869;49.3397;12.0778;7
15:17:09.942;50.8305;7.74914;52.2751;3.35461;49.3397;12.1437;7
15:17:09.969;50.8305;7.84801;52.2751;3.45348;49.3397;12.2425;7
15:17:09.969;50.8305;7.89196;52.2751;3.49743;49.3397;12.2865;7
15:17:09.983;50.8305;7.93591;52.2751;3.54137;49.3397;12.3304;7
15:17:10.000;50.8305;7.96886;52.2751;3.57433;49.3397;12.3634;7
15:17:10.000;50.8305;8.05676;52.2751;3.66222;49.3397;12.4513;7
15:17:10.024;50.8305;8.11169;52.2751;3.71716;49.3397;12.5062;7
15:17:10.026;50.8305;8.12267;52.2751;3.72814;49.3397;12.5172;7
15:17:10.026;50.8305;8.14465;52.2751;3.75011;49.3397;12.5392;7
15:17:10.040;50.8305;8.16662;52.2751;3.77209;49.3397;12.5611;7
15:17:10.068;50.8305;8.19958;52.2751;3.80505;49.3397;12.5941;7
15:17:10.068;50.8305;8.23254;52.2751;3.83801;49.3397;12.6271;7
15:17:10.082;50.8305;8.24352;52.2751;3.84899;49.3397;12.6381;7
15:17:10.086;50.8374;8.2655;52.2819;3.87096;49.3469;12.66;7
15:17:10.109;50.8374;8.27648;52.2819;3.88195;49.3469;12.671;7
15:17:10.123;50.8444;8.29845;52.2886;3.90392;49.354;12.693;7
15:17:10.137;50.8513;8.30944;52.2953;3.91491;49.3612;12.704;7
15:17:10.151;50.8582;8.32043;52.302;3.9259;49.3684;12.7149;7
15:17:10.165;50.8652;8.33141;52.3087;3.93688;49.3755;12.7259;7
15:17:10.179;50.879;8.33141;52.3222;3.93688;49.3898;12.7259;7
15:17:10.194;50.886;8.33141;52.3289;3.93688;49.3969;12.7259;7
15:17:10.195;50.8929;8.33141;52.3356;3.93688;49.4041;12.7259;7
15:17:10.195;50.8998;8.33141;52.3423;3.93688;49.4113;12.7259;7
15:17:10.211;50.9068;8.33141;52.349;3.93688;49.4184;12.7259;7
15:17:10.211;50.9137;8.33141;52.3557;3.93688;49.4255;12.7259;7
15:17:10.225;50.9206;8.33141;52.3624;3.93688;49.4327;12.7259;7
15:17:10.252;50.9275;8.33141;52.3691;3.93688;49.4398;12.7259;7
15:17:10.267;50.9483;8.33141;52.3893;3.93688;49.4613;12.7259;7
15:17:10.284;50.9691;8.33141;52.4094;3.93688;49.4827;12.7259;7
15:17:10.284;50.9898;8.33141;52.4295;3.93688;49.5041;12.7259;7
15:17:10.297;50.9967;8.33141;52.4362;3.93688;49.5112;12.7259;7
15:17:10.314;51.0382;8.33141;52.4763;3.93688;49.554;12.7259;7
15:17:10.315;51.052;8.3424;52.4897;3.94787;49.5683;12.7369;7
15:17:10.316;51.0796;8.35339;52.5165;3.95885;49.5967;12.7479;7
15:17:10.330;51.1003;8.35339;52.5365;3.95885;49.6181;12.7479;7
15:17:10.331;51.1279;8.36437;52.5633;3.96984;49.6466;12.7589;7
15:17:10.357;51.1486;8.36437;52.5833;3.96984;49.6679;12.7589;7
15:17:10.372;51.1899;8.36437;52.6233;3.96984;49.7105;12.7589;7
15:17:10.385;51.2243;8.36437;52.6567;3.96984;49.7461;12.7589;7
15:17:10.390;51.2587;8.36437;52.69;3.96984;49.7815;12.7589;7
15:17:10.403;51.2725;8.36437;52.7033;3.96984;49.7957;12.7589;7
15:17:10.403;51.2931;8.36437;52.7232;3.96984;49.817;12.7589;7
15:17:10.429;51.3;8.36437;52.7299;3.96984;49.8241;12.7589;7
15:17:10.445;51.3343;8.36437;52.7631;3.96984;49.8595;12.7589;7
15:17:10.452;51.3755;8.35339;52.803;3.95885;49.902;12.7479;7
15:17:10.478;51.4166;8.33141;52.8428;3.93688;49.9444;12.7259;7
15:17:10.478;51.4645;8.29845;52.8893;3.90392;49.9939;12.693;7
15:17:10.506;51.5056;8.27648;52.929;3.88195;50.0363;12.671;7
15:17:10.507;51.5466;8.23254;52.9688;3.83801;50.0786;12.6271;7
15:17:10.523;51.5671;8.22155;52.9886;3.82702;50.0997;12.6161;7
15:17:10.523;51.5876;8.19958;53.0084;3.80505;50.1208;12.5941;7
15:17:10.539;51.6012;8.18859;53.0216;3.79406;50.1349;12.5831;7
15:17:10.539;51.6217;8.1776;53.0415;3.78307;50.1561;12.5721;7
15:17:10.555;51.6353;8.15563;53.0547;3.7611;50.1701;12.5502;7
15:17:10.556;51.6558;8.14465;53.0745;3.75011;50.1912;12.5392;7
15:17:10.572;51.6694;8.12267;53.0877;3.72814;50.2053;12.5172;7
15:17:10.572;51.683;8.11169;53.1009;3.71716;50.2194;12.5062;7
15:17:10.588;51.7035;8.08971;53.1207;3.69518;50.2405;12.4842;7
15:17:10.588;51.7103;8.07873;53.1273;3.6842;50.2475;12.4733;7
15:17:10.605;51.7307;8.05676;53.147;3.66222;50.2686;12.4513;7
15:17:10.605;51.7511;8.03478;53.1668;3.64025;50.2896;12.4293;7
15:17:10.634;51.7715;8.00182;53.1865;3.60729;50.3107;12.3963;7
15:17:10.653;51.8123;7.94689;53.226;3.55236;50.3527;12.3414;7
15:17:10.656;51.8462;7.88097;53.2589;3.48644;50.3878;12.2755;7
15:17:10.659;51.8801;7.82604;53.2917;3.43151;50.4228;12.2206;7
15:17:10.690;51.9208;7.73815;53.3311;3.34362;50.4648;12.1327;7
15:17:10.692;51.9682;7.62829;53.377;3.23376;50.5137;12.0228;7
15:17:10.720;52.0088;7.5404;53.4163;3.14587;50.5556;11.9349;7
15:17:10.738;52.0426;7.43053;53.4491;3.036;50.5905;11.8251;7
15:17:10.738;52.0696;7.36462;53.4752;2.97009;50.6184;11.7591;7
15:17:10.751;52.0831;7.32067;53.4883;2.92614;50.6323;11.7152;7
15:17:10.766;52.1169;7.16686;53.521;2.77233;50.6671;11.5614;7
15:17:10.772;52.1371;7.08996;53.5406;2.69543;50.688;11.4845;7
15:17:10.773;52.1506;7.01305;53.5536;2.61852;50.702;11.4076;7
15:17:10.798;52.1776;6.85925;53.5797;2.46471;50.7298;11.2538;7
15:17:10.801;52.1776;6.80431;53.5797;2.40978;50.7298;11.1988;7
15:17:10.802;52.191;6.70544;53.5928;2.31091;50.7437;11.1;7
15:17:10.816;52.1978;6.62853;53.5993;2.234;50.7506;11.0231;7
15:17:10.817;52.1978;6.55163;53.5993;2.1571;50.7506;10.9461;7
15:17:10.847;52.1978;6.40881;53.5993;2.01427;50.7506;10.8033;7
15:17:10.848;52.1978;6.35387;53.5993;1.95934;50.7506;10.7484;7
15:17:10.848;52.1978;6.32092;53.5993;1.92638;50.7506;10.7154;7
15:17:10.862;52.1978;6.22204;53.5993;1.82751;50.7506;10.6166;7
15:17:10.888;52.191;6.07922;53.5928;1.68468;50.7437;10.4737;7
15:17:10.892;52.1776;5.98034;53.5797;1.58581;50.7298;10.3749;7
15:17:10.903;52.1641;5.88146;53.5667;1.48693;50.7159;10.276;7
15:17:10.904;52.1573;5.81554;53.5601;1.42101;50.7089;10.2101;7
15:17:10.930;52.1439;5.73864;53.5471;1.34411;50.695;10.1332;7
15:17:10.944;52.1169;5.6068;53.521;1.21227;50.6671;10.0013;7
15:17:10.960;52.0899;5.46398;53.4948;1.06945;50.6393;9.85851;7
15:17:10.960;52.0696;5.39806;53.4752;1.00353;50.6184;9.79259;7
15:17:10.986;52.0359;5.2882;53.4425;0.89367;50.5835;9.68273;7
15:17:10.987;51.9953;5.16735;53.4032;0.77282;50.5416;9.56188;7
15:17:11.013;51.9479;5.0465;53.3574;0.65197;50.4927;9.44103;7
15:17:11.027;51.9344;5.02453;53.3442;0.63;50.4788;9.41905;7
15:17:11.029;51.8801;4.93664;53.2917;0.54211;50.4228;9.33116;7
15:17:11.055;51.8462;4.90368;53.2589;0.50915;50.3878;9.2982;7
15:17:11.062;51.8055;4.87072;53.2194;0.47619;50.3457;9.26525;7
15:17:11.085;51.7851;4.85973;53.1997;0.4652;50.3247;9.25426;7
15:17:11.097;51.7239;4.83776;53.1404;0.44323;50.2615;9.23229;7
15:17:11.111;51.6422;4.83776;53.0613;0.44323;50.1772;9.23229;7
15:17:11.113;51.5876;4.83776;53.0084;0.44323;50.1208;9.23229;7
15:17:11.113;51.4919;4.83776;52.9158;0.44323;50.0221;9.23229;7
15:17:11.140;51.444;4.84875;52.8694;0.45422;49.9727;9.24327;7
15:17:11.154;51.3;4.88171;52.7299;0.48717;49.8241;9.27623;7
15:17:11.154;51.1762;4.92565;52.61;0.53112;49.6963;9.32018;7
15:17:11.168;51.121;4.93664;52.5566;0.54211;49.6395;9.33116;7
15:17:11.172;51.0934;4.94762;52.5299;0.55309;49.611;9.34215;7
15:17:11.195;51.0589;4.95861;52.4964;0.56408;49.5754;9.35314;7
15:17:11.210;50.9552;5.00256;52.396;0.60802;49.4684;9.39708;7
15:17:11.224;50.886;5.0465;52.3289;0.65197;49.3969;9.44103;7
15:17:11.225;50.8513;5.06847;52.2953;0.67394;49.3612;9.463;7
15:17:11.238;50.8027;5.09045;52.2482;0.69592;49.3111;9.48497;7
15:17:11.242;50.7611;5.11242;52.2079;0.71789;49.2681;9.50695;7
15:17:11.242;50.7193;5.14538;52.1674;0.75085;49.2251;9.5399;7
15:17:11.266;50.6846;5.17834;52.1338;0.78381;49.1892;9.57286;7
15:17:11.267;50.6079;5.27721;52.0595;0.88268;49.1101;9.67174;7
15:17:11.294;50.5521;5.37609;52.0054;0.98156;49.0526;9.77062;7
15:17:11.297;50.5242;5.44201;51.9784;1.04748;49.0237;9.83653;7
15:17:11.297;50.5032;5.50793;51.9581;1.1134;49.0021;9.90245;7
15:17:11.330;50.4892;5.57384;51.9445;1.17931;48.9877;9.96837;7
15:17:11.330;50.4543;5.72765;51.9106;1.33312;48.9516;10.1222;7
15:17:11.330;50.4403;5.81554;51.8971;1.42101;48.9372;10.2101;7
15:17:11.355;50.4263;5.89245;51.8835;1.49792;48.9228;10.287;7
15:17:11.373;50.4053;6.05724;51.8632;1.66271;48.9011;10.4518;7
15:17:11.389;50.3773;6.22204;51.836;1.82751;48.8722;10.6166;7
15:17:11.389;50.3633;6.35387;51.8225;1.95934;48.8578;10.7484;7
15:17:11.425;50.3282;6.55163;51.7885;2.1571;48.8216;10.9461;7
15:17:11.439;50.3142;6.67248;51.7749;2.27795;48.8072;11.067;7
15:17:11.442;50.3072;6.71642;51.7681;2.32189;48.7999;11.111;7
15:17:11.442;50.3072;6.77135;51.7681;2.37682;48.7999;11.1659;7
15:17:11.469;50.3001;6.83727;51.7613;2.44274;48.7927;11.2318;7
15:17:11.487;50.2931;6.94714;51.7545;2.5526;48.7854;11.3417;7
15:17:11.492;50.2931;7.03503;51.7545;2.6405;48.7854;11.4296;7
15:17:11.492;50.2931;7.08996;51.7545;2.69543;48.7854;11.4845;7
15:17:11.520;50.2931;7.1339;51.7545;2.73937;48.7854;11.5284;7
15:17:11.534;50.2861;7.23278;51.7477;2.83825;48.7782;11.6273;7
15:17:11.548;50.2861;7.27673;51.7477;2.88219;48.7782;11.6713;7
15:17:11.562;50.2861;7.35363;51.7477;2.9591;48.7782;11.7482;7
15:17:11.578;50.2861;7.41955;51.7477;3.02502;48.7782;11.8141;7
15:17:11.578;50.3001;7.49645;51.7613;3.10192;48.7927;11.891;7
15:17:11.603;50.3142;7.58434;51.7749;3.18981;48.8072;11.9789;7
15:17:11.604;50.3142;7.6173;51.7749;3.22277;48.8072;12.0118;7
15:17:11.619;50.3212;7.69421;51.7817;3.29967;48.8144;12.0887;7
15:17:11.644;50.3212;7.7821;51.7817;3.38757;48.8144;12.1766;7
15:17:11.646;50.3212;7.80407;51.7817;3.40954;48.8144;12.1986;7
15:17:11.647;50.3212;7.83703;51.7817;3.4425;48.8144;12.2316;7
15:17:11.673;50.3212;7.86999;51.7817;3.47546;48.8144;12.2645;7
15:17:11.688;50.3212;7.91393;51.7817;3.5194;48.8144;12.3085;7
15:17:11.688;50.3212;7.96886;51.7817;3.57433;48.8144;12.3634;7
15:17:11.702;50.3142;7.97985;51.7749;3.58532;48.8072;12.3744;7
15:17:11.705;50.3142;8.00182;51.7749;3.60729;48.8072;12.3963;7
15:17:11.729;50.3072;8.01281;51.7681;3.61828;48.7999;12.4073;7
15:17:11.743;50.3072;8.04577;51.7681;3.65124;48.7999;12.4403;7
15:17:11.756;50.3001;8.06774;51.7613;3.67321;48.7927;12.4623;7
15:17:11.760;50.3001;8.07873;51.7613;3.6842;48.7927;12.4733;7
15:17:11.760;50.2931;8.07873;51.7545;3.6842;48.7854;12.4733;7
15:17:11.785;50.2931;8.08971;51.7545;3.69518;48.7854;12.4842;7
15:17:11.799;50.2931;8.1007;51.7545;3.70617;48.7854;12.4952;7
15:17:11.813;50.2931;8.11169;51.7545;3.71716;48.7854;12.5062;7
15:17:11.827;50.2931;8.12267;51.7545;3.72814;48.7854;12.5172;7
15:17:11.909;50.3001;8.12267;51.7613;3.72814;48.7927;12.5172;7
15:17:11.910;50.3072;8.12267;51.7681;3.72814;48.7999;12.5172;7
15:17:11.934;50.3142;8.12267;51.7749;3.72814;48.8072;12.5172;7
15:17:11.955;50.3212;8.11169;51.7817;3.71716;48.8144;12.5062;7
15:17:11.968;50.3212;8.1007;51.7817;3.70617;48.8144;12.4952;7
15:17:11.982;50.3282;8.08971;51.7885;3.69518;48.8216;12.4842;7
15:17:11.996;50.3282;8.06774;51.7885;3.67321;48.8216;12.4623;7
15:17:11.998;50.3352;8.04577;51.7953;3.65124;48.8288;12.4403;7
15:17:11.999;50.3422;8.03478;51.8021;3.64025;48.8361;12.4293;7
15:17:12.015;50.3422;8.0238;51.8021;3.62926;48.8361;12.4183;7
15:17:12.015;50.3492;8.00182;51.8089;3.60729;48.8433;12.3963;7
15:17:12.029;50.3563;7.99084;51.8157;3.59631;48.8505;12.3854;7
15:17:12.055;50.3703;7.93591;51.8293;3.54137;48.865;12.3304;7
15:17:12.056;50.3843;7.89196;51.8428;3.49743;48.8795;12.2865;7
15:17:12.070;50.3983;7.84801;51.8564;3.45348;48.8939;12.2425;7
15:17:12.096;50.4263;7.76012;51.8835;3.36559;48.9228;12.1546;7
15:17:12.110;50.4473;7.71618;51.9039;3.32165;48.9444;12.1107;7
15:17:12.124;50.4753;7.63927;51.931;3.24474;48.9733;12.0338;7
15:17:12.125;50.4823;7.6173;51.9378;3.22277;48.9805;12.0118;7
15:17:12.151;50.5032;7.56237;51.9581;3.16784;49.0021;11.9569;7
15:17:12.165;50.5242;7.49645;51.9784;3.10192;49.0237;11.891;7
15:17:12.167;50.5381;7.47448;51.9919;3.07995;49.0382;11.869;7
15:17:12.167;50.5451;7.45251;51.9987;3.05798;49.0453;11.847;7
15:17:12.193;50.5591;7.41955;52.0122;3.02502;49.0597;11.8141;7
15:17:12.208;50.573;7.36462;52.0257;2.97009;49.0742;11.7591;7
15:17:12.208;50.594;7.30968;52.046;2.91515;49.0957;11.7042;7
15:17:12.222;50.6079;7.28771;52.0595;2.89318;49.1101;11.6822;7
15:17:12.225;50.6149;7.26574;52.0663;2.87121;49.1173;11.6603;7
15:17:12.249;50.6288;7.24377;52.0798;2.84924;49.1317;11.6383;7
15:17:12.263;50.6497;7.19982;52.1;2.80529;49.1533;11.5943;7
15:17:12.279;50.6706;7.14489;52.1203;2.75036;49.1748;11.5394;7
15:17:12.280;50.6776;7.12292;52.127;2.72839;49.182;11.5174;7
15:17:12.280;50.6985;7.07897;52.1472;2.68444;49.2035;11.4735;7
15:17:12.305;50.7054;7.06799;52.154;2.67345;49.2107;11.4625;7
15:17:12.319;50.7332;7.00207;52.1809;2.60754;49.2394;11.3966;7
15:17:12.334;50.7541;6.94714;52.2011;2.5526;49.2609;11.3417;7
15:17:12.335;50.7819;6.8922;52.2281;2.49767;49.2896;11.2867;7
15:17:12.349;50.7958;6.85925;52.2415;2.46471;49.3039;11.2538;7
15:17:12.350;50.8097;6.83727;52.255;2.44274;49.3182;11.2318;7
15:17:12.367;50.8305;6.79333;52.2751;2.3988;49.3397;11.1878;7
15:17:12.391;50.8652;6.72741;52.3087;2.33288;49.3755;11.1219;7
15:17:12.405;50.9068;6.62853;52.349;2.234;49.4184;11.0231;7
15:17:12.406;50.9206;6.61755;52.3624;2.22301;49.4327;11.0121;7
15:17:12.407;50.9414;6.56261;52.3826;2.16808;49.4541;10.9571;7
15:17:12.435;50.9691;6.51867;52.4094;2.12414;49.4827;10.9132;7
15:17:12.435;51.0037;6.46374;52.4429;2.06921;49.5184;10.8583;7
15:17:12.465;51.0589;6.37585;52.4964;1.98132;49.5754;10.7704;7
15:17:12.480;51.1003;6.30993;52.5365;1.9154;49.6181;10.7044;7
15:17:12.480;51.1486;6.24401;52.5833;1.84948;49.6679;10.6385;7
15:17:12.499;51.1899;6.18908;52.6233;1.79455;49.7105;10.5836;7
15:17:12.529;51.2243;6.14513;52.6567;1.7506;49.7461;10.5397;7
15:17:12.529;51.2587;6.10119;52.69;1.70666;49.7815;10.4957;7
15:17:12.554;51.2794;6.0902;52.7099;1.69567;49.8028;10.4847;7
15:17:12.567;51.3;6.06823;52.7299;1.6737;49.8241;10.4628;7
15:17:12.581;51.3343;6.05724;52.7631;1.66271;49.8595;10.4518;7
15:17:12.596;51.3686;6.04626;52.7964;1.65173;49.8949;10.4408;7
15:17:12.598;51.3823;6.04626;52.8097;1.65173;49.9091;10.4408;7
15:17:12.612;51.4029;6.04626;52.8296;1.65173;49.9303;10.4408;7
15:17:12.616;51.4166;6.04626;52.8428;1.65173;49.9444;10.4408;7
15:17:12.639;51.4645;6.04626;52.8893;1.65173;49.9939;10.4408;7
15:17:12.654;51.5261;6.10119;52.9489;1.70666;50.0574;10.4957;7
15:17:12.655;51.5603;6.14513;52.982;1.7506;50.0927;10.5397;7
15:17:12.655;51.5944;6.20007;53.015;1.80553;50.1279;10.5946;7
15:17:12.681;51.6558;6.28796;53.0745;1.89342;50.1912;10.6825;7
15:17:12.685;51.7511;6.44176;53.1668;2.04723;50.2896;10.8363;7
15:17:12.709;51.8326;6.59557;53.2458;2.20104;50.3738;10.9901;7
15:17:12.711;51.914;6.79333;53.3246;2.3988;50.4578;11.1878;7
15:17:12.728;51.9614;6.8922;53.3705;2.49767;50.5067;11.2867;7
15:17:12.728;51.9953;6.99108;53.4032;2.59655;50.5416;11.3856;7
15:17:12.759;52.0561;7.17785;53.4621;2.78332;50.6044;11.5724;7
15:17:12.761;52.1034;7.35363;53.5079;2.9591;50.6532;11.7482;7
15:17:12.793;52.1304;7.50744;53.534;3.11291;50.6811;11.902;7
15:17:12.795;52.1506;7.63927;53.5536;3.24474;50.702;12.0338;7
15:17:12.823;52.1573;7.76012;53.5601;3.36559;50.7089;12.1546;7
15:17:12.839;52.1641;7.859;53.5667;3.46447;50.7159;12.2535;7
15:17:12.856;52.1641;7.97985;53.5667;3.58532;50.7159;12.3744;7
15:17:12.869;52.1641;8.08971;53.5667;3.69518;50.7159;12.4842;7
15:17:12.885;52.1236;8.24352;53.5275;3.84899;50.6741;12.6381;7
15:17:12.889;52.0899;8.30944;53.4948;3.91491;50.6393;12.704;7
15:17:12.889;52.0561;8.37536;53.4621;3.98083;50.6044;12.7699;7
15:17:12.917;51.975;8.52917;53.3836;4.13464;50.5207;12.9237;7
15:17:12.921;51.9479;8.56213;53.3574;4.16759;50.4927;12.9566;7
15:17:12.921;51.9208;8.61706;53.3311;4.22253;50.4648;13.0116;7
15:17:12.937;51.8869;8.65002;53.2983;4.25549;50.4298;13.0445;7
15:17:12.937;51.8666;8.68298;53.2786;4.28844;50.4088;13.0775;7
15:17:12.965;51.8191;8.72692;53.2326;4.33239;50.3597;13.1215;7
15:17:12.968;51.7851;8.73791;53.1997;4.34338;50.3247;13.1324;7
15:17:12.998;51.7511;8.74889;53.1668;4.35436;50.2896;13.1434;7
15:17:13.013;51.6762;8.77087;53.0943;4.37634;50.2123;13.1654;7
15:17:13.028;51.6353;8.77087;53.0547;4.37634;50.1701;13.1654;7
15:17:13.031;51.6149;8.77087;53.0349;4.37634;50.149;13.1654;7
15:17:13.031;51.5739;8.77087;52.9952;4.37634;50.1068;13.1654;7
15:17:13.047;51.5534;8.77087;52.9754;4.37634;50.0856;13.1654;7
15:17:13.047;51.5193;8.75988;52.9423;4.36535;50.0504;13.1544;7
15:17:13.074;51.4851;8.73791;52.9092;4.34338;50.0151;13.1324;7
15:17:13.092;51.3892;8.661;52.8163;4.26647;49.9161;13.0555;7
15:17:13.094;51.3137;8.5841;52.7432;4.18957;49.8383;12.9786;7
15:17:13.095;51.2725;8.55114;52.7033;4.15661;49.7957;12.9457;7
15:17:13.124;51.245;8.50719;52.6766;4.11266;49.7673;12.9017;7
15:17:13.124;51.1624;8.40832;52.5966;4.01379;49.6821;12.8028;7
15:17:13.150;51.0934;8.29845;52.5299;3.90392;49.611;12.693;7
15:17:13.164;51.0244;8.15563;52.463;3.7611;49.5397;12.5502;7
15:17:13.179;50.9552;8.00182;52.396;3.60729;49.4684;12.3963;7
15:17:13.180;50.9275;7.92492;52.3691;3.53039;49.4398;12.3195;7
15:17:13.181;50.8998;7.82604;52.3423;3.43151;49.4113;12.2206;7
15:17:13.210;50.879;7.74914;52.3222;3.35461;49.3898;12.1437;7
15:17:13.210;50.8236;7.57336;52.2684;3.17883;49.3326;11.9679;7
15:17:13.236;50.7958;7.39758;52.2415;3.00304;49.3039;11.7921;7
15:17:13.236;50.7819;7.32067;52.2281;2.92614;49.2896;11.7152;7
15:17:13.250;50.7749;7.24377;52.2213;2.84924;49.2824;11.6383;7
15:17:13.253;50.768;7.15588;52.2146;2.76134;49.2752;11.5504;7
15:17:13.253;50.7611;7.07897;52.2079;2.68444;49.2681;11.4735;7
15:17:13.281;50.7472;6.90319;52.1944;2.50866;49.2537;11.2977;7
15:17:13.298;50.7402;6.8153;52.1877;2.42077;49.2466;11.2098;7
15:17:13.312;50.7332;6.62853;52.1809;2.234;49.2394;11.0231;7
15:17:13.326;50.7332;6.45275;52.1809;2.05822;49.2394;10.8473;7
15:17:13.334;50.7332;6.28796;52.1809;1.89342;49.2394;10.6825;7
15:17:13.342;50.7541;6.12316;52.2011;1.72863;49.2609;10.5177;7
15:17:13.355;50.7819;6.03527;52.2281;1.64074;49.2896;10.4298;7
15:17:13.369;50.8582;5.81554;52.302;1.42101;49.3684;10.2101;7
15:17:13.383;50.9622;5.61779;52.4027;1.22326;49.4755;10.0123;7
15:17:13.413;51.0865;5.42004;52.5232;1.02551;49.6039;9.81456;7
15:17:13.426;51.183;5.26623;52.6166;0.8717;49.7034;9.66075;7
15:17:13.428;51.245;5.18932;52.6766;0.79479;49.7673;9.58385;7
15:17:13.428;51.3137;5.11242;52.7432;0.71789;49.8383;9.50695;7
15:17:13.459;51.4509;4.98058;52.876;0.58605;49.9798;9.37511;7
15:17:13.473;51.6217;4.84875;53.0415;0.45422;50.1561;9.24327;7
15:17:13.487;51.683;4.81579;53.1009;0.42126;50.2194;9.21031;7
15:17:13.488;51.853;4.7279;53.2655;0.33337;50.3948;9.12242;7
15:17:13.504;52.0291;4.68395;53.436;0.28942;50.5765;9.07848;7
15:17:13.530;52.1776;4.65099;53.5797;0.25646;50.7298;9.04552;7
15:17:13.544;52.2449;4.65099;53.6449;0.25646;50.7993;9.04552;7
15:17:13.545;52.3054;4.65099;53.7035;0.25646;50.8617;9.04552;7
15:17:13.572;52.3993;4.65099;53.7944;0.25646;50.9587;9.04552;7
15:17:13.573;52.4328;4.68395;53.8269;0.28942;50.9933;9.07848;7
15:17:13.586;52.4596;4.7279;53.8528;0.33337;51.0209;9.12242;7
15:17:13.600;52.4931;4.78283;53.8852;0.3883;51.0555;9.17736;7
15:17:13.613;52.5532;4.91467;53.9434;0.52013;51.1176;9.30919;7
15:17:13.628;52.62;5.12341;54.008;0.72887;51.1865;9.51793;7
15:17:13.628;52.64;5.22228;54.0274;0.82775;51.2071;9.61681;7
15:17:13.642;52.6733;5.34313;54.0596;0.9486;51.2416;9.73766;7
15:17:13.655;52.6866;5.453;54.0725;1.05846;51.2553;9.84752;7
15:17:13.659;52.7199;5.76061;54.1048;1.36608;51.2897;10.1551;7
15:17:13.683;52.7199;6.04626;54.1048;1.65173;51.2897;10.4408;7
15:17:13.684;52.7133;6.20007;54.0983;1.80553;51.2828;10.5946;7
15:17:13.685;52.68;6.35387;54.0661;1.95934;51.2484;10.7484;7
15:17:13.712;52.6333;6.55163;54.0209;2.1571;51.2003;10.9461;7
15:17:13.714;52.5265;6.92516;53.9175;2.53063;51.09;11.3197;7
15:17:13.734;52.3993;7.27673;53.7944;2.88219;50.9587;11.6713;7
15:17:13.734;52.3658;7.34264;53.762;2.94811;50.9241;11.7372;7
15:17:13.752;52.2651;7.56237;53.6644;3.16784;50.8201;11.9569;7
15:17:13.752;52.2314;7.6173;53.6319;3.22277;50.7854;12.0118;7
15:17:13.786;52.0696;7.86999;53.4752;3.47546;50.6184;12.2645;7
15:17:13.788;51.914;8.01281;53.3246;3.61828;50.4578;12.4073;7
15:17:13.790;51.8123;8.07873;53.226;3.6842;50.3527;12.4733;7
15:17:13.805;51.7443;8.12267;53.1602;3.72814;50.2826;12.5172;7
15:17:13.806;51.6626;8.16662;53.0811;3.77209;50.1983;12.5611;7
15:17:13.838;51.5603;8.22155;52.982;3.82702;50.0927;12.6161;7
15:17:13.853;51.444;8.25451;52.8694;3.85998;49.9727;12.649;7
15:17:13.867;51.3823;8.25451;52.8097;3.85998;49.9091;12.649;7
15:17:13.870;51.2931;8.23254;52.7232;3.83801;49.817;12.6271;7
15:17:13.900;51.2175;8.16662;52.65;3.77209;49.739;12.5611;7
15:17:13.900;51.1762;8.12267;52.61;3.72814;49.6963;12.5172;7
15:17:13.913;51.0796;8.03478;52.5165;3.64025;49.5967;12.4293;7
15:17:13.942;50.9829;7.91393;52.4228;3.5194;49.4969;12.3085;7
15:17:13.942;50.9068;7.80407;52.349;3.40954;49.4184;12.1986;7
15:17:13.960;50.8652;7.72717;52.3087;3.33263;49.3755;12.1217;7
15:17:13.960;50.8236;7.63927;52.2684;3.24474;49.3326;12.0338;7
15:17:13.971;50.7958;7.56237;52.2415;3.16784;49.3039;11.9569;7
15:17:13.972;50.768;7.47448;52.2146;3.07995;49.2752;11.869;7
15:17:13.998;50.7332;7.3756;52.1809;2.98107;49.2394;11.7701;7
15:17:13.999;50.6846;7.18884;52.1338;2.7943;49.1892;11.5834;7
15:17:14.030;50.6567;7.00207;52.1068;2.60754;49.1604;11.3966;7
15:17:14.030;50.6428;6.82629;52.0933;2.43176;49.1461;11.2208;7
15:17:14.048;50.6428;6.66149;52.0933;2.26696;49.1461;11.056;7
15:17:14.060;50.6567;6.56261;52.1068;2.16808;49.1604;10.9571;7
15:17:14.061;50.6846;6.48571;52.1338;2.09118;49.1892;10.8802;7
15:17:14.088;50.7124;6.39782;52.1607;2.00329;49.2179;10.7923;7
15:17:14.101;50.7958;6.23302;52.2415;1.83849;49.3039;10.6276;7
15:17:14.102;50.9137;6.0133;52.3557;1.61877;49.4255;10.4078;7
15:17:14.116;50.976;5.92541;52.4161;1.53088;49.4898;10.3199;7
15:17:14.117;51.052;5.83752;52.4897;1.44299;49.5683;10.232;7
15:17:14.146;51.2106;5.66174;52.6433;1.2672;49.7319;10.0563;7
15:17:14.148;51.3137;5.55187;52.7432;1.15734;49.8383;9.9464;7
15:17:14.165;51.4029;5.453;52.8296;1.05846;49.9303;9.84752;7
15:17:14.179;51.6149;5.24426;53.0349;0.84972;50.149;9.63878;7
15:17:14.194;51.8598;5.06847;53.272;0.67394;50.4018;9.463;7
15:17:14.194;52.0156;4.95861;53.4229;0.56408;50.5626;9.35314;7
15:17:14.221;52.3457;4.74987;53.7425;0.35534;50.9033;9.1444;7
15:17:14.234;52.5666;4.64001;53.9563;0.24548;51.1314;9.03453;7
15:17:14.235;52.6866;4.5631;54.0725;0.16857;51.2553;8.95763;7
15:17:14.250;52.7997;4.51916;54.182;0.12463;51.3721;8.91368;7
15:17:14.252;52.8395;4.49718;54.2205;0.10265;51.4132;8.89171;7
15:17:14.252;52.9125;4.47521;54.2911;0.08068;51.4885;8.86974;7
15:17:14.278;52.9654;4.46423;54.3424;0.06969;51.5432;8.85875;7
15:17:14.290;53.0646;4.46423;54.4384;0.06969;51.6456;8.85875;7
15:17:14.294;53.1108;4.47521;54.4831;0.08068;51.6933;8.86974;7
15:17:14.306;53.1371;4.51916;54.5086;0.12463;51.7205;8.91368;7
15:17:14.306;53.1503;4.57409;54.5213;0.17956;51.7341;8.96861;7
15:17:14.331;53.1701;4.64001;54.5405;0.24548;51.7545;9.03453;7
15:17:14.345;53.2096;4.8048;54.5787;0.41027;51.7953;9.19933;7
15:17:14.345;53.2227;4.89269;54.5914;0.49816;51.8089;9.28722;7
15:17:14.372;53.2425;5.11242;54.6105;0.71789;51.8293;9.50695;7
15:17:14.374;53.249;5.32116;54.6169;0.92663;51.836;9.71569;7
15:17:14.387;53.249;5.44201;54.6169;1.04748;51.836;9.83653;7
15:17:14.387;53.249;5.56286;54.6169;1.16833;51.836;9.95738;7
15:17:14.399;53.249;5.73864;54.6169;1.34411;51.836;10.1332;7
15:17:14.414;53.2227;5.95837;54.5914;1.56384;51.8089;10.3529;7
15:17:14.521;52.8594;6.99108;54.2398;2.59655;51.4337;11.3856;7
15:17:14.524;52.6267;7.27673;54.0145;2.88219;51.1934;11.6713;7
15:17:14.539;52.5799;7.33166;53.9693;2.93713;51.1452;11.7262;7
15:17:14.569;52.5532;7.35363;53.9434;2.9591;51.1176;11.7482;7
15:17:14.571;52.4194;7.46349;53.8139;3.06896;50.9795;11.858;7
15:17:14.588;52.3926;7.48547;53.7879;3.09093;50.9518;11.88;7
15:17:14.589;52.3792;7.48547;53.7749;3.09093;50.9379;11.88;7
15:17:14.605;52.3524;7.48547;53.749;3.09093;50.9102;11.88;7
15:17:14.605;52.3322;7.49645;53.7295;3.10192;50.8894;11.891;7
15:17:14.633;52.2718;7.51842;53.6709;3.12389;50.827;11.9129;7
15:17:14.635;52.2382;7.51842;53.6384;3.12389;50.7923;11.9129;7
15:17:14.637;52.218;7.52941;53.6188;3.13488;50.7715;11.9239;7
15:17:14.653;52.1573;7.5404;53.5601;3.14587;50.7089;11.9349;7
15:17:14.654;52.1439;7.5404;53.5471;3.14587;50.695;11.9349;7
15:17:14.685;52.0831;7.55138;53.4883;3.15685;50.6323;11.9459;7
15:17:14.707;52.0291;7.56237;53.436;3.16784;50.5765;11.9569;7
15:17:14.709;51.9344;7.60632;53.3442;3.21178;50.4788;12.0008;7
15:17:14.738;51.8462;7.62829;53.2589;3.23376;50.3878;12.0228;7
15:17:14.740;51.7987;7.62829;53.2129;3.23376;50.3387;12.0228;7
15:17:14.741;51.7443;7.63927;53.1602;3.24474;50.2826;12.0338;7
15:17:14.769;51.6694;7.63927;53.0877;3.24474;50.2053;12.0338;7
15:17:14.772;51.6285;7.63927;53.0481;3.24474;50.1631;12.0338;7
15:17:14.772;51.5944;7.63927;53.015;3.24474;50.1279;12.0338;7
15:17:14.788;51.5671;7.63927;52.9886;3.24474;50.0997;12.0338;7
15:17:14.793;51.5466;7.63927;52.9688;3.24474;50.0786;12.0338;7
15:17:14.817;51.4987;7.63927;52.9224;3.24474;50.0292;12.0338;7
15:17:14.820;51.4782;7.63927;52.9025;3.24474;50.008;12.0338;7
15:17:14.820;51.4509;7.6173;52.876;3.22277;49.9798;12.0118;7
15:17:14.835;51.4235;7.59533;52.8495;3.2008;49.9515;11.9899;7
15:17:14.836;51.3892;7.56237;52.8163;3.16784;49.9161;11.9569;7
15:17:14.851;51.3549;7.50744;52.7831;3.11291;49.8807;11.902;7
15:17:14.851;51.3206;7.46349;52.7499;3.06896;49.8453;11.858;7
15:17:14.867;51.2862;7.40856;52.7166;3.01403;49.8099;11.8031;7
15:17:14.867;51.2725;7.3756;52.7033;2.98107;49.7957;11.7701;7
15:17:14.898;51.2243;7.2987;52.6567;2.90417;49.7461;11.6932;7
15:17:14.900;51.1968;7.24377;52.63;2.84924;49.7177;11.6383;7
15:17:14.918;51.183;7.21081;52.6166;2.81628;49.7034;11.6053;7
15:17:14.949;51.1762;7.18884;52.61;2.7943;49.6963;11.5834;7
15:17:14.950;51.1624;7.15588;52.5966;2.76134;49.6821;11.5504;7
15:17:14.965;51.1555;7.11193;52.59;2.7174;49.675;11.5065;7
15:17:14.988;51.1417;7.06799;52.5766;2.67345;49.6608;11.4625;7
15:17:14.988;51.1348;7.03503;52.5699;2.6405;49.6537;11.4296;7
15:17:15.006;51.1279;7.00207;52.5633;2.60754;49.6466;11.3966;7
15:17:15.006;51.121;6.96911;52.5566;2.57458;49.6395;11.3636;7
15:17:15.018;51.1141;6.93615;52.5499;2.54162;49.6323;11.3307;7
15:17:15.019;51.1072;6.91418;52.5432;2.51965;49.6252;11.3087;7
15:17:15.045;51.0934;6.87023;52.5299;2.4757;49.611;11.2648;7
15:17:15.047;51.0865;6.8153;52.5232;2.42077;49.6039;11.2098;7
15:17:15.076;51.0727;6.77135;52.5098;2.37682;49.5896;11.1659;7
15:17:15.088;51.0658;6.70544;52.5031;2.31091;49.5825;11.1;7
15:17:15.089;51.0589;6.68346;52.4964;2.28893;49.5754;11.078;7
15:17:15.090;51.052;6.65051;52.4897;2.25597;49.5683;11.045;7
15:17:15.117;51.052;6.62853;52.4897;2.234;49.5683;11.0231;7
15:17:15.117;51.0451;6.56261;52.483;2.16808;49.5611;10.9571;7
15:17:15.145;51.0451;6.4967;52.483;2.10217;49.5611;10.8912;7
15:17:15.145;51.0451;6.47472;52.483;2.08019;49.5611;10.8693;7
15:17:15.146;51.0451;6.43078;52.483;2.03625;49.5611;10.8253;7
15:17:15.173;51.0451;6.39782;52.483;2.00329;49.5611;10.7923;7
15:17:15.186;51.0451;6.30993;52.483;1.9154;49.5611;10.7044;7
15:17:15.201;51.052;6.23302;52.4897;1.83849;49.5683;10.6276;7
15:17:15.201;51.0658;6.16711;52.5031;1.77258;49.5825;10.5616;7
15:17:15.215;51.0727;6.14513;52.5098;1.7506;49.5896;10.5397;7
15:17:15.216;51.0796;6.11217;52.5165;1.71764;49.5967;10.5067;7
15:17:15.233;51.1003;6.03527;52.5365;1.64074;49.6181;10.4298;7
15:17:15.244;51.121;5.98034;52.5566;1.58581;49.6395;10.3749;7
15:17:15.259;51.1279;5.95837;52.5633;1.56384;49.6466;10.3529;7
15:17:15.259;51.1417;5.90343;52.5766;1.5089;49.6608;10.298;7
15:17:15.272;51.1555;5.87048;52.59;1.47594;49.675;10.265;7
15:17:15.288;51.183;5.7716;52.6166;1.37707;49.7034;10.1661;7
15:17:15.303;51.2312;5.66174;52.6633;1.2672;49.7532;10.0563;7
15:17:15.327;51.2794;5.55187;52.7099;1.15734;49.8028;9.9464;7
15:17:15.329;51.3068;5.49694;52.7365;1.10241;49.8312;9.89147;7
15:17:15.356;51.3549;5.42004;52.7831;1.02551;49.8807;9.81456;7
15:17:15.356;51.4029;5.32116;52.8296;0.92663;49.9303;9.71569;7
15:17:15.370;51.4166;5.29919;52.8428;0.90466;49.9444;9.69371;7
15:17:15.370;51.4371;5.26623;52.8628;0.8717;49.9656;9.66075;7
15:17:15.386;51.4577;5.25524;52.8826;0.86071;49.9868;9.64977;7
15:17:15.386;51.4645;5.23327;52.8893;0.83874;49.9939;9.62779;7
15:17:15.412;51.4782;5.2113;52.9025;0.81676;50.008;9.60582;7
15:17:15.413;51.4987;5.18932;52.9224;0.79479;50.0292;9.58385;7
15:17:15.442;51.5261;5.16735;52.9489;0.77282;50.0574;9.56188;7
15:17:15.442;51.5329;5.15636;52.9555;0.76183;50.0645;9.55089;7
15:17:15.469;51.5534;5.14538;52.9754;0.75085;50.0856;9.5399;7
15:17:15.469;51.5876;5.12341;53.0084;0.72887;50.1208;9.51793;7
15:17:15.496;51.6217;5.10143;53.0415;0.7069;50.1561;9.49596;7
15:17:15.497;51.6422;5.10143;53.0613;0.7069;50.1772;9.49596;7
15:17:15.498;51.6762;5.10143;53.0943;0.7069;50.2123;9.49596;7
15:17:15.512;51.7103;5.10143;53.1273;0.7069;50.2475;9.49596;7
15:17:15.539;51.7851;5.10143;53.1997;0.7069;50.3247;9.49596;7
15:17:15.539;51.853;5.10143;53.2655;0.7069;50.3948;9.49596;7
15:17:15.554;51.8734;5.12341;53.2852;0.72887;50.4158;9.51793;7
15:17:15.554;51.914;5.15636;53.3246;0.76183;50.4578;9.55089;7
15:17:15.567;51.9411;5.2113;53.3508;0.81676;50.4857;9.60582;7
15:17:15.594;51.9885;5.32116;53.3967;0.92663;50.5346;9.71569;7
15:17:15.595;52.0291;5.49694;53.436;1.10241;50.5765;9.89147;7
15:17:15.609;52.0426;5.6068;53.4491;1.21227;50.5905;10.0013;7
15:17:15.610;52.0629;5.70568;53.4687;1.31115;50.6114;10.1002;7
15:17:15.636;52.0764;5.82653;53.4818;1.432;50.6254;10.2211;7
15:17:15.640;52.0966;6.05724;53.5014;1.66271;50.6463;10.4518;7
15:17:15.664;52.1034;6.29894;53.5079;1.90441;50.6532;10.6935;7
15:17:15.678;52.1034;6.40881;53.5079;2.01427;50.6532;10.8033;7
15:17:15.692;52.1034;6.66149;53.5079;2.26696;50.6532;11.056;7
15:17:15.708;52.1034;6.90319;53.5079;2.50866;50.6532;11.2977;7
15:17:15.722;52.1034;7.06799;53.5079;2.67345;50.6532;11.4625;7
15:17:15.725;52.1034;7.2987;53.5079;2.90417;50.6532;11.6932;7
15:17:15.742;52.1034;7.3756;53.5079;2.98107;50.6532;11.7701;7
15:17:15.743;52.1034;7.46349;53.5079;3.06896;50.6532;11.858;7
15:17:15.769;52.0966;7.62829;53.5014;3.23376;50.6463;12.0228;7
15:17:15.784;52.0764;7.7821;53.4818;3.38757;50.6254;12.1766;7
15:17:15.789;52.0629;7.859;53.4687;3.46447;50.6114;12.2535;7
15:17:15.789;52.0426;7.93591;53.4491;3.54137;50.5905;12.3304;7
15:17:15.816;51.9885;8.11169;53.3967;3.71716;50.5346;12.5062;7
15:17:15.821;51.9614;8.18859;53.3705;3.79406;50.5067;12.5831;7
15:17:15.821;51.9547;8.22155;53.3639;3.82702;50.4997;12.6161;7
15:17:15.848;51.914;8.30944;53.3246;3.91491;50.4578;12.704;7
15:17:15.865;51.8869;8.36437;53.2983;3.96984;50.4298;12.7589;7
15:17:15.879;51.853;8.4193;53.2655;4.02477;50.3948;12.8138;7
15:17:15.896;51.8191;8.46325;53.2326;4.06872;50.3597;12.8578;7
15:17:15.897;51.7987;8.48522;53.2129;4.09069;50.3387;12.8798;7
15:17:15.914;51.7715;8.50719;53.1865;4.11266;50.3107;12.9017;7
15:17:15.914;51.7375;8.55114;53.1536;4.15661;50.2756;12.9457;7
15:17:15.942;51.6967;8.59509;53.1141;4.20055;50.2334;12.9896;7
15:17:15.945;51.683;8.60607;53.1009;4.21154;50.2194;13.0006;7
15:17:15.946;51.6694;8.61706;53.0877;4.22253;50.2053;13.0116;7
15:17:15.961;51.649;8.62804;53.0679;4.23351;50.1842;13.0226;7
15:17:15.962;51.6422;8.62804;53.0613;4.23351;50.1772;13.0226;7
15:17:15.977;51.6353;8.62804;53.0547;4.23351;50.1701;13.0226;7
15:17:15.978;51.6149;8.63903;53.0349;4.2445;50.149;13.0336;7
15:17:16.007;51.5807;8.65002;53.0018;4.25549;50.1138;13.0445;7
15:17:16.009;51.5603;8.661;52.982;4.26647;50.0927;13.0555;7
15:17:16.010;51.5261;8.67199;52.9489;4.27746;50.0574;13.0665;7
15:17:16.040;51.4714;8.68298;52.8959;4.28844;50.0009;13.0775;7
15:17:16.040;51.4303;8.68298;52.8561;4.28844;49.9586;13.0775;7
15:17:16.057;51.3618;8.69396;52.7897;4.29943;49.8878;13.0885;7
15:17:16.057;51.3412;8.69396;52.7698;4.29943;49.8666;13.0885;7
15:17:16.073;51.3206;8.70495;52.7499;4.31042;49.8453;13.0995;7
15:17:16.073;51.3068;8.70495;52.7365;4.31042;49.8312;13.0995;7
15:17:16.089;51.3;8.70495;52.7299;4.31042;49.8241;13.0995;7
15:17:16.089;51.2931;8.70495;52.7232;4.31042;49.817;13.0995;7
15:17:16.117;51.2794;8.70495;52.7099;4.31042;49.8028;13.0995;7
15:17:16.117;51.2519;8.70495;52.6833;4.31042;49.7744;13.0995;7
15:17:16.132;51.1762;8.70495;52.61;4.31042;49.6963;13.0995;7
15:17:16.158;51.0589;8.68298;52.4964;4.28844;49.5754;13.0775;7
15:17:16.161;50.9898;8.661;52.4295;4.26647;49.5041;13.0555;7
15:17:16.161;50.9275;8.61706;52.3691;4.22253;49.4398;13.0116;7
15:17:16.188;50.8652;8.5841;52.3087;4.18957;49.3755;12.9786;7
15:17:16.189;50.7472;8.50719;52.1944;4.11266;49.2537;12.9017;7
15:17:16.218;50.6428;8.39733;52.0933;4.0028;49.1461;12.7919;7
15:17:16.232;50.5451;8.29845;51.9987;3.90392;49.0453;12.693;7
15:17:16.246;50.5032;8.22155;51.9581;3.82702;49.0021;12.6161;7
15:17:16.248;50.4753;8.18859;51.931;3.79406;48.9733;12.5831;7
15:17:16.262;50.4543;8.14465;51.9106;3.75011;48.9516;12.5392;7
15:17:16.265;50.4403;8.08971;51.8971;3.69518;48.9372;12.4842;7
15:17:16.265;50.4193;8.05676;51.8768;3.66222;48.9156;12.4513;7
15:17:16.285;50.3913;7.95788;51.8496;3.56335;48.8867;12.3524;7
15:17:16.320;50.3773;7.859;51.836;3.46447;48.8722;12.2535;7
15:17:16.322;50.3563;7.69421;51.8157;3.29967;48.8505;12.0887;7
15:17:16.335;50.3492;7.63927;51.8089;3.24474;48.8433;12.0338;7
15:17:16.336;50.3422;7.5404;51.8021;3.14587;48.8361;11.9349;7
15:17:16.353;50.3422;7.48547;51.8021;3.09093;48.8361;11.88;7
15:17:16.377;50.3422;7.3756;51.8021;2.98107;48.8361;11.7701;7
15:17:16.378;50.3492;7.2987;51.8089;2.90417;48.8433;11.6932;7
15:17:16.392;50.3703;7.23278;51.8293;2.83825;48.865;11.6273;7
15:17:16.393;50.3913;7.17785;51.8496;2.78332;48.8867;11.5724;7
15:17:16.425;50.4403;7.06799;51.8971;2.67345;48.9372;11.4625;7
15:17:16.425;50.4823;6.96911;51.9378;2.57458;48.9805;11.3636;7
15:17:16.457;50.5312;6.85925;51.9851;2.46471;49.0309;11.2538;7
15:17:16.458;50.573;6.78234;52.0257;2.38781;49.0742;11.1769;7
15:17:16.474;50.6288;6.66149;52.0798;2.26696;49.1317;11.056;7
15:17:16.504;50.6706;6.58459;52.1203;2.19006;49.1748;10.9791;7
15:17:16.505;50.7332;6.4967;52.1809;2.10217;49.2394;10.8912;7
15:17:16.519;50.7611;6.45275;52.2079;2.05822;49.2681;10.8473;7
15:17:16.520;50.7819;6.44176;52.2281;2.04723;49.2896;10.8363;7
15:17:16.534;50.8027;6.39782;52.2482;2.00329;49.3111;10.7923;7
15:17:16.561;50.8652;6.3319;52.3087;1.93737;49.3755;10.7264;7
15:17:16.565;50.9414;6.26598;52.3826;1.87145;49.4541;10.6605;7
15:17:16.577;50.9622;6.24401;52.4027;1.84948;49.4755;10.6385;7
15:17:16.577;50.9898;6.21105;52.4295;1.81652;49.5041;10.6056;7
15:17:16.604;51.0037;6.21105;52.4429;1.81652;49.5184;10.6056;7
15:17:16.605;51.0589;6.16711;52.4964;1.77258;49.5754;10.5616;7
15:17:16.636;51.1003;6.14513;52.5365;1.7506;49.6181;10.5397;7
15:17:16.637;51.1555;6.11217;52.59;1.71764;49.675;10.5067;7
15:17:16.660;51.1899;6.0902;52.6233;1.69567;49.7105;10.4847;7
15:17:16.660;51.2106;6.0902;52.6433;1.69567;49.7319;10.4847;7
15:17:16.684;51.2312;6.07922;52.6633;1.68468;49.7532;10.4737;7
15:17:16.698;51.2587;6.07922;52.69;1.68468;49.7815;10.4737;7
15:17:16.699;51.2862;6.07922;52.7166;1.68468;49.8099;10.4737;7
15:17:16.716;51.3068;6.07922;52.7365;1.68468;49.8312;10.4737;7
15:17:16.729;51.3412;6.07922;52.7698;1.68468;49.8666;10.4737;7
15:17:16.759;51.3686;6.10119;52.7964;1.70666;49.8949;10.4957;7
15:17:16.773;51.4029;6.13415;52.8296;1.73962;49.9303;10.5287;7
15:17:16.774;51.4166;6.15612;52.8428;1.76159;49.9444;10.5506;7
15:17:16.804;51.4509;6.20007;52.876;1.80553;49.9798;10.5946;7
15:17:16.804;51.4714;6.23302;52.8959;1.83849;50.0009;10.6276;7
15:17:16.830;51.4919;6.27697;52.9158;1.88244;50.0221;10.6715;7
15:17:16.831;51.4987;6.29894;52.9224;1.90441;50.0292;10.6935;7
15:17:16.832;51.5124;6.32092;52.9356;1.92638;50.0433;10.7154;7
15:17:16.847;51.5124;6.34289;52.9356;1.94836;50.0433;10.7374;7
15:17:16.873;51.5329;6.38683;52.9555;1.9923;50.0645;10.7814;7
15:17:16.874;51.5398;6.41979;52.9621;2.02526;50.0715;10.8143;7
15:17:16.889;51.5466;6.43078;52.9688;2.03625;50.0786;10.8253;7
15:17:16.889;51.5466;6.44176;52.9688;2.04723;50.0786;10.8363;7
15:17:16.917;51.5466;6.45275;52.9688;2.05822;50.0786;10.8473;7
15:17:16.918;51.5534;6.46374;52.9754;2.06921;50.0856;10.8583;7
15:17:16.947;51.5603;6.48571;52.982;2.09118;50.0927;10.8802;7
15:17:16.947;51.5671;6.51867;52.9886;2.12414;50.0997;10.9132;7
15:17:16.961;51.5739;6.52966;52.9952;2.13512;50.1068;10.9242;7
15:17:16.961;51.5807;6.54064;53.0018;2.14611;50.1138;10.9352;7
15:17:16.988;51.5876;6.56261;53.0084;2.16808;50.1208;10.9571;7
15:17:16.988;51.6012;6.5736;53.0216;2.17907;50.1349;10.9681;7
15:17:17.015;51.6081;6.58459;53.0283;2.19006;50.142;10.9791;7
15:17:17.016;51.6217;6.58459;53.0415;2.19006;50.1561;10.9791;7
15:17:17.031;51.6285;6.58459;53.0481;2.19006;50.1631;10.9791;7
15:17:17.031;51.6353;6.58459;53.0547;2.19006;50.1701;10.9791;7
15:17:17.057;51.6422;6.58459;53.0613;2.19006;50.1772;10.9791;7
15:17:17.074;51.6626;6.58459;53.0811;2.19006;50.1983;10.9791;7
15:17:17.074;51.7103;6.51867;53.1273;2.12414;50.2475;10.9132;7
15:17:17.100;51.7851;6.43078;53.1997;2.03625;50.3247;10.8253;7
15:17:17.100;51.8191;6.39782;53.2326;2.00329;50.3597;10.7923;7
15:17:17.128;51.8869;6.27697;53.2983;1.88244;50.4298;10.6715;7
15:17:17.132;51.9208;6.21105;53.3311;1.81652;50.4648;10.6056;7
15:17:17.143;51.975;6.0902;53.3836;1.69567;50.5207;10.4847;7
15:17:17.170;51.9885;6.03527;53.3967;1.64074;50.5346;10.4298;7
15:17:17.184;52.0088;5.89245;53.4163;1.49792;50.5556;10.287;7
15:17:17.197;52.0156;5.80456;53.4229;1.41003;50.5626;10.1991;7
15:17:17.211;52.0223;5.67272;53.4294;1.27819;50.5696;10.0673;7
15:17:17.212;52.0223;5.61779;53.4294;1.22326;50.5696;10.0123;7
15:17:17.239;52.0223;5.49694;53.4294;1.10241;50.5696;9.89147;7
15:17:17.239;52.0223;5.38708;53.4294;0.99255;50.5696;9.7816;7
15:17:17.254;52.0156;5.32116;53.4229;0.92663;50.5626;9.71569;7
15:17:17.254;52.002;5.25524;53.4098;0.86071;50.5486;9.64977;7
15:17:17.280;51.9885;5.18932;53.3967;0.79479;50.5346;9.58385;7
15:17:17.294;51.9682;5.09045;53.377;0.69592;50.5137;9.48497;7
15:17:17.308;51.9411;4.9696;53.3508;0.57507;50.4857;9.36412;7
15:17:17.309;51.9276;4.93664;53.3377;0.54211;50.4718;9.33116;7
15:17:17.336;51.9005;4.85973;53.3114;0.4652;50.4438;9.25426;7
15:17:17.349;51.8666;4.79382;53.2786;0.39928;50.4088;9.18834;7
15:17:17.350;51.8326;4.76086;53.2458;0.36633;50.3738;9.15538;7
15:17:17.377;51.8055;4.7279;53.2194;0.33337;50.3457;9.12242;7
15:17:17.378;51.7239;4.71691;53.1404;0.32238;50.2615;9.11144;7
15:17:17.392;51.6558;4.70592;53.0745;0.31139;50.1912;9.10045;7
15:17:17.405;51.5944;4.70592;53.015;0.31139;50.1279;9.10045;7
15:17:17.419;51.5398;4.70592;52.9621;0.31139;50.0715;9.10045;7
15:17:17.435;51.4782;4.70592;52.9025;0.31139;50.008;9.10045;7
15:17:17.435;51.3618;4.7279;52.7897;0.33337;49.8878;9.12242;7
15:17:17.463;51.2243;4.83776;52.6567;0.44323;49.7461;9.23229;7
15:17:17.464;51.0727;4.95861;52.5098;0.56408;49.5896;9.35314;7
15:17:17.478;50.9829;5.03551;52.4228;0.64098;49.4969;9.43004;7
15:17:17.504;50.8374;5.16735;52.2819;0.77282;49.3469;9.56188;7
15:17:17.518;50.6846;5.31017;52.1338;0.91564;49.1892;9.7047;7
15:17:17.519;50.6706;5.34313;52.1203;0.9486;49.1748;9.73766;7
15:17:17.533;50.6288;5.39806;52.0798;1.00353;49.1317;9.79259;7
15:17:17.549;50.587;5.453;52.0392;1.05846;49.0885;9.84752;7
15:17:17.549;50.5451;5.5299;51.9987;1.13537;49.0453;9.92443;7
15:17:17.550;50.5242;5.58483;51.9784;1.1903;49.0237;9.97936;7
15:17:17.552;50.5102;5.63976;51.9648;1.24523;49.0093;10.0343;7
15:17:17.567;50.4962;5.70568;51.9513;1.31115;48.9949;10.1002;7
15:17:17.585;50.4753;5.85949;51.931;1.46496;48.9733;10.254;7
15:17:17.585;50.4683;5.94738;51.9242;1.55285;48.9661;10.3419;7
15:17:17.602;50.4473;6.13415;51.9039;1.73962;48.9444;10.5287;7
15:17:17.614;50.4403;6.23302;51.8971;1.83849;48.9372;10.6276;7
15:17:17.615;50.4403;6.32092;51.8971;1.92638;48.9372;10.7154;7
15:17:17.641;50.4403;6.40881;51.8971;2.01427;48.9372;10.8033;7
15:17:17.657;50.4403;6.5736;51.8971;2.17907;48.9372;10.9681;7
15:17:17.657;50.4403;6.72741;51.8971;2.33288;48.9372;11.1219;7
15:17:17.672;50.4543;6.91418;51.9106;2.51965;48.9516;11.3087;7
15:17:17.702;50.4683;7.08996;51.9242;2.69543;48.9661;11.4845;7
15:17:17.703;50.4823;7.2987;51.9378;2.90417;48.9805;11.6932;7
15:17:17.733;50.5032;7.47448;51.9581;3.07995;49.0021;11.869;7
15:17:17.734;50.5242;7.57336;51.9784;3.17883;49.0237;11.9679;7
15:17:17.735;50.5451;7.65026;51.9987;3.25573;49.0453;12.0448;7
15:17:17.748;50.5591;7.72717;52.0122;3.33263;49.0597;12.1217;7
15:17:17.762;50.58;7.82604;52.0325;3.43151;49.0813;12.2206;7
15:17:17.789;50.594;7.94689;52.046;3.55236;49.0957;12.3414;7
15:17:17.792;50.6079;8.04577;52.0595;3.65124;49.1101;12.4403;7
15:17:17.817;50.6079;8.08971;52.0595;3.69518;49.1101;12.4842;7
15:17:17.818;50.6219;8.19958;52.073;3.80505;49.1245;12.5941;7
15:17:17.845;50.6288;8.25451;52.0798;3.85998;49.1317;12.649;7
15:17:17.847;50.6428;8.33141;52.0933;3.93688;49.1461;12.7259;7
15:17:17.861;50.6497;8.35339;52.1;3.95885;49.1533;12.7479;7
15:17:17.887;50.6567;8.40832;52.1068;4.01379;49.1604;12.8028;7
15:17:17.901;50.6706;8.47424;52.1203;4.0797;49.1748;12.8688;7
15:17:17.903;50.6776;8.49621;52.127;4.10168;49.182;12.8907;7
15:17:17.903;50.6846;8.52917;52.1338;4.13464;49.1892;12.9237;7
15:17:17.932;50.6915;8.55114;52.1405;4.15661;49.1963;12.9457;7
15:17:17.932;50.7054;8.5841;52.154;4.18957;49.2107;12.9786;7
15:17:17.959;50.7263;8.61706;52.1742;4.22253;49.2322;13.0116;7
15:17:17.959;50.7472;8.65002;52.1944;4.25549;49.2537;13.0445;7
15:17:17.973;50.7541;8.65002;52.2011;4.25549;49.2609;13.0445;7
15:17:17.974;50.768;8.661;52.2146;4.26647;49.2752;13.0555;7
15:17:18.005;50.7819;8.661;52.2281;4.26647;49.2896;13.0555;7
15:17:18.007;50.8374;8.67199;52.2819;4.27746;49.3469;13.0665;7
15:17:18.034;50.8721;8.68298;52.3154;4.28844;49.3826;13.0775;7
15:17:18.034;50.9275;8.70495;52.3691;4.31042;49.4398;13.0995;7
15:17:18.052;50.9967;8.73791;52.4362;4.34338;49.5112;13.1324;7
15:17:18.084;51.1072;8.77087;52.5432;4.37634;49.6252;13.1654;7
15:17:18.097;51.2037;8.80383;52.6367;4.40929;49.7248;13.1983;7
15:17:18.101;51.2725;8.83678;52.7033;4.44225;49.7957;13.2313;7
15:17:18.121;51.348;8.88073;52.7764;4.4862;49.8737;13.2753;7
15:17:18.121;51.3755;8.89172;52.803;4.49718;49.902;13.2862;7
15:17:18.149;51.4235;8.9027;52.8495;4.50817;49.9515;13.2972;7
15:17:18.152;51.4371;8.9027;52.8628;4.50817;49.9656;13.2972;7
15:17:18.153;51.4577;8.9027;52.8826;4.50817;49.9868;13.2972;7
15:17:18.170;51.4782;8.91369;52.9025;4.51916;50.008;13.3082;7
15:17:18.183;51.4987;8.91369;52.9224;4.51916;50.0292;13.3082;7
15:17:18.183;51.5056;8.91369;52.929;4.51916;50.0363;13.3082;7
15:17:18.199;51.5329;8.92467;52.9555;4.53014;50.0645;13.3192;7
15:17:18.199;51.5534;8.92467;52.9754;4.53014;50.0856;13.3192;7
15:17:18.214;51.5739;8.92467;52.9952;4.53014;50.1068;13.3192;7
15:17:18.215;51.6012;8.92467;53.0216;4.53014;50.1349;13.3192;7
15:17:18.231;51.6217;8.92467;53.0415;4.53014;50.1561;13.3192;7
15:17:18.232;51.6422;8.92467;53.0613;4.53014;50.1772;13.3192;7
15:17:18.247;51.6626;8.92467;53.0811;4.53014;50.1983;13.3192;7
15:17:18.248;51.6762;8.92467;53.0943;4.53014;50.2123;13.3192;7
15:17:18.263;51.6967;8.92467;53.1141;4.53014;50.2334;13.3192;7
15:17:18.264;51.7103;8.92467;53.1273;4.53014;50.2475;13.3192;7
15:17:18.291;51.7579;8.92467;53.1734;4.53014;50.2966;13.3192;7
15:17:18.307;51.8055;8.92467;53.2194;4.53014;50.3457;13.3192;7
15:17:18.310;51.8259;8.92467;53.2392;4.53014;50.3668;13.3192;7
15:17:18.310;51.8666;8.92467;53.2786;4.53014;50.4088;13.3192;7
15:17:18.325;51.8801;8.92467;53.2917;4.53014;50.4228;13.3192;7
15:17:18.339;51.914;8.91369;53.3246;4.51916;50.4578;13.3082;7
15:17:18.354;51.9547;8.9027;53.3639;4.50817;50.4997;13.2972;7
15:17:18.359;51.975;8.89172;53.3836;4.49718;50.5207;13.2862;7
15:17:18.359;51.9885;8.88073;53.3967;4.4862;50.5346;13.2753;7
15:17:18.386;52.0156;8.85876;53.4229;4.46423;50.5626;13.2533;7
15:17:18.390;52.0291;8.84777;53.436;4.45324;50.5765;13.2423;7
15:17:18.390;52.0426;8.83678;53.4491;4.44225;50.5905;13.2313;7
15:17:18.405;52.0494;8.81481;53.4556;4.42028;50.5975;13.2093;7
15:17:18.420;52.0629;8.79284;53.4687;4.39831;50.6114;13.1874;7
15:17:18.436;52.0899;8.71593;53.4948;4.3214;50.6393;13.1105;7
15:17:18.439;52.1101;8.65002;53.5144;4.25549;50.6602;13.0445;7
15:17:18.440;52.1236;8.5841;53.5275;4.18957;50.6741;12.9786;7
15:17:18.472;52.1573;8.40832;53.5601;4.01379;50.7089;12.8028;7
15:17:18.472;52.191;8.22155;53.5928;3.82702;50.7437;12.6161;7
15:17:18.488;52.2112;8.13366;53.6123;3.73913;50.7645;12.5282;7
15:17:18.488;52.2247;8.0238;53.6254;3.62926;50.7784;12.4183;7
15:17:18.516;52.2516;7.82604;53.6514;3.43151;50.8062;12.2206;7
15:17:18.531;52.2651;7.60632;53.6644;3.21178;50.8201;12.0008;7
15:17:18.536;52.2718;7.50744;53.6709;3.11291;50.827;11.902;7
15:17:18.537;52.2785;7.39758;53.6774;3.00304;50.834;11.7921;7
15:17:18.564;52.2852;7.18884;53.6839;2.7943;50.8409;11.5834;7
15:17:18.579;52.2852;6.92516;53.6839;2.53063;50.8409;11.3197;7
15:17:18.596;52.2852;6.69445;53.6839;2.29992;50.8409;11.089;7
15:17:18.609;52.2785;6.43078;53.6774;2.03625;50.834;10.8253;7
15:17:18.623;52.2516;6.24401;53.6514;1.84948;50.8062;10.6385;7
15:17:18.640;52.2112;6.03527;53.6123;1.64074;50.7645;10.4298;7
15:17:18.640;52.1439;5.69469;53.5471;1.30016;50.695;10.0892;7
15:17:18.668;52.1034;5.48595;53.5079;1.09142;50.6532;9.88048;7
15:17:18.688;52.0359;5.13439;53.4425;0.73986;50.5835;9.52892;7
15:17:18.692;52.0088;4.93664;53.4163;0.54211;50.5556;9.33116;7
15:17:18.703;52.0088;4.81579;53.4163;0.42126;50.5556;9.21031;7
