15:35:18.508;48.8547;2.34661;48.9502;2.07195;48.7591;2.62126;11
15:35:18.508;48.8547;2.34661;48.9502;2.07195;48.7591;2.62126;11
15:35:18.890;48.8547;2.34661;48.9025;2.20928;48.8069;2.48393;12
15:35:18.890;48.8547;2.34661;48.9025;2.20928;48.8069;2.48393;12
15:35:19.525;48.8547;2.34661;48.8786;2.27795;48.8308;2.41527;13
15:35:19.526;48.8547;2.34661;48.8786;2.27795;48.8308;2.41527;13
15:35:19.540;48.8547;2.34661;48.8667;2.31228;48.8428;2.38094;14
15:35:19.540;48.8547;2.34661;48.8667;2.31228;48.8428;2.38094;14
15:35:20.104;48.8548;2.34618;48.8668;2.31185;48.8429;2.38051;14
15:35:20.116;48.8553;2.34481;48.8672;2.31048;48.8433;2.37914;14
15:35:20.118;48.8557;2.34386;48.8676;2.30953;48.8437;2.37819;14
15:35:20.118;48.856;2.34335;48.8679;2.30902;48.844;2.37768;14
15:35:20.151;48.8564;2.34275;48.8684;2.30842;48.8445;2.37708;14
15:35:20.159;48.8573;2.3418;48.8692;2.30747;48.8453;2.37613;14
15:35:20.176;48.8583;2.34086;48.8702;2.30653;48.8463;2.37519;14
15:35:20.190;48.8594;2.33992;48.8713;2.30558;48.8475;2.37424;14
15:35:20.210;48.8607;2.33871;48.8726;2.30438;48.8488;2.37304;14
15:35:20.211;48.8621;2.33743;48.874;2.30309;48.8501;2.37175;14
15:35:20.225;48.8627;2.33691;48.8747;2.30258;48.8508;2.37124;14
15:35:20.242;48.8636;2.33631;48.8755;2.30198;48.8516;2.37064;14
15:35:20.242;48.865;2.33528;48.8769;2.30095;48.8531;2.36961;14
15:35:20.267;48.8665;2.33442;48.8785;2.30009;48.8546;2.36875;14
15:35:20.268;48.8673;2.33417;48.8792;2.29983;48.8554;2.36849;14
15:35:20.310;48.8678;2.33391;48.8797;2.29958;48.8558;2.36823;14
15:35:20.323;48.8709;2.33348;48.8829;2.29915;48.859;2.36781;14
15:35:20.326;48.8714;2.33348;48.8834;2.29915;48.8595;2.36781;14
15:35:20.327;48.8718;2.33356;48.8838;2.29923;48.8599;2.36789;14
15:35:20.345;48.8727;2.33459;48.8846;2.30026;48.8607;2.36892;14
15:35:20.372;48.8732;2.33631;48.8852;2.30198;48.8613;2.37064;14
15:35:20.385;48.8737;2.33871;48.8856;2.30438;48.8618;2.37304;14
15:35:20.402;48.8737;2.34026;48.8857;2.30593;48.8618;2.37459;14
15:35:20.415;48.8739;2.34421;48.8858;2.30988;48.862;2.37853;14
15:35:20.434;48.8739;2.34876;48.8858;2.31442;48.862;2.38308;14
15:35:20.449;48.8738;2.35391;48.8857;2.31957;48.8619;2.38823;14
15:35:20.449;48.8733;2.35846;48.8853;2.32412;48.8614;2.39278;14
15:35:20.497;48.8728;2.36258;48.8848;2.32824;48.8609;2.3969;14
15:35:20.510;48.8714;2.36918;48.8834;2.33485;48.8595;2.40351;14
15:35:20.527;48.8705;2.36936;48.8824;2.33502;48.8585;2.40368;14
15:35:20.540;48.8699;2.36936;48.8818;2.33502;48.8579;2.40368;14
15:35:20.558;48.8692;2.36936;48.8812;2.33502;48.8573;2.40368;14
15:35:20.572;48.8689;2.36936;48.8808;2.33502;48.8569;2.40368;14
15:35:20.573;48.8684;2.36936;48.8804;2.33502;48.8565;2.40368;14
15:35:20.588;48.8683;2.36936;48.8803;2.33502;48.8564;2.40368;14
15:35:20.589;48.8683;2.36936;48.8802;2.33502;48.8563;2.40368;14
15:35:20.615;48.8682;2.36936;48.8801;2.33502;48.8562;2.40368;14
15:35:20.615;48.8681;2.36936;48.88;2.33502;48.8562;2.40368;14
15:35:20.616;48.868;2.36936;48.8799;2.33502;48.856;2.40368;14
15:35:20.642;48.8679;2.36936;48.8799;2.33502;48.856;2.40368;14
15:35:20.656;48.8679;2.36936;48.8798;2.33502;48.8559;2.40368;14
15:35:20.658;48.8678;2.36936;48.8798;2.33502;48.8559;2.40368;14
15:35:20.659;48.8678;2.36936;48.8797;2.33502;48.8558;2.40368;14
15:35:20.673;48.8677;2.36936;48.8796;2.33502;48.8558;2.40368;14
15:35:20.700;48.8676;2.36927;48.8795;2.33494;48.8557;2.4036;14
15:35:20.701;48.8674;2.3691;48.8794;2.33477;48.8555;2.40343;14
15:35:20.731;48.8672;2.36876;48.8792;2.33442;48.8553;2.40308;14
15:35:20.731;48.8671;2.36858;48.879;2.33425;48.8551;2.40291;14
15:35:20.747;48.8667;2.36781;48.8786;2.33348;48.8548;2.40214;14
15:35:20.763;48.8666;2.36764;48.8785;2.33331;48.8546;2.40197;14
15:35:20.763;48.8664;2.36721;48.8783;2.33288;48.8545;2.40154;14
15:35:20.790;48.8662;2.36687;48.8781;2.33253;48.8542;2.40119;14
15:35:20.806;48.8658;2.36601;48.8778;2.33168;48.8539;2.40034;14
15:35:20.806;48.8655;2.36506;48.8774;2.33073;48.8535;2.39939;14
15:35:20.832;48.8651;2.36378;48.877;2.32944;48.8532;2.3981;14
15:35:20.833;48.8649;2.36292;48.8769;2.32859;48.853;2.39725;14
15:35:20.834;48.8648;2.36197;48.8768;2.32764;48.8529;2.3963;14
15:35:20.851;48.8647;2.35957;48.8767;2.32524;48.8528;2.3939;14
15:35:20.882;48.8647;2.35837;48.8767;2.32404;48.8528;2.3927;14
15:35:20.886;48.8654;2.35468;48.8773;2.32035;48.8535;2.38901;14
15:35:20.910;48.8665;2.35202;48.8785;2.31769;48.8546;2.38635;14
15:35:20.924;48.8669;2.3515;48.8788;2.31717;48.8549;2.38583;14
15:35:20.939;48.8684;2.3491;48.8804;2.31477;48.8565;2.38343;14
15:35:20.952;48.8693;2.34824;48.8813;2.31391;48.8574;2.38257;14
15:35:20.969;48.8705;2.34713;48.8824;2.31279;48.8585;2.38145;14
15:35:20.969;48.8716;2.34644;48.8835;2.31211;48.8597;2.38077;14
15:35:21.003;48.8727;2.34584;48.8846;2.31151;48.8607;2.38017;14
15:35:21.004;48.8734;2.34558;48.8853;2.31125;48.8615;2.37991;14
15:35:21.031;48.8741;2.34532;48.8861;2.31099;48.8622;2.37965;14
15:35:21.032;48.8744;2.34524;48.8863;2.31091;48.8624;2.37956;14
15:35:21.046;48.8746;2.34515;48.8866;2.31082;48.8627;2.37948;14
15:35:21.047;48.8748;2.34515;48.8868;2.31082;48.8629;2.37948;14
15:35:21.073;48.8751;2.34507;48.887;2.31073;48.8632;2.37939;14
15:35:21.074;48.8753;2.34507;48.8873;2.31073;48.8634;2.37939;14
15:35:21.088;48.8756;2.34498;48.8876;2.31065;48.8637;2.37931;14
15:35:21.088;48.8758;2.34498;48.8877;2.31065;48.8638;2.37931;14
15:35:21.115;48.8759;2.34481;48.8879;2.31048;48.864;2.37914;14
15:35:21.115;48.8763;2.34455;48.8883;2.31022;48.8644;2.37888;14
15:35:21.142;48.8767;2.34438;48.8886;2.31005;48.8647;2.37871;14
15:35:21.155;48.8769;2.34421;48.8888;2.30988;48.865;2.37853;14
15:35:21.169;48.8771;2.34404;48.8891;2.3097;48.8652;2.37836;14
15:35:21.183;48.8774;2.34386;48.8894;2.30953;48.8655;2.37819;14
15:35:21.185;48.8775;2.34378;48.8895;2.30945;48.8656;2.37811;14
15:35:21.199;48.8776;2.34361;48.8896;2.30927;48.8657;2.37793;14
15:35:21.211;48.8778;2.34361;48.8897;2.30927;48.8658;2.37793;14
15:35:21.224;48.878;2.34335;48.8899;2.30902;48.866;2.37768;14
15:35:21.238;48.8781;2.34318;48.89;2.30885;48.8661;2.3775;14
15:35:21.252;48.8782;2.34309;48.8901;2.30876;48.8662;2.37742;14
15:35:21.268;48.8782;2.34301;48.8901;2.30867;48.8663;2.37733;14
15:35:21.268;48.8783;2.34283;48.8902;2.3085;48.8663;2.37716;14
15:35:21.294;48.8784;2.34266;48.8903;2.30833;48.8664;2.37699;14
15:35:21.294;48.8784;2.34249;48.8903;2.30816;48.8664;2.37682;14
15:35:21.308;48.8784;2.34241;48.8904;2.30807;48.8665;2.37673;14
15:35:21.322;48.8785;2.34223;48.8904;2.3079;48.8666;2.37656;14
15:35:21.326;48.8786;2.34189;48.8905;2.30756;48.8667;2.37622;14
15:35:21.349;48.8787;2.34155;48.8907;2.30721;48.8668;2.37587;14
15:35:21.365;48.8788;2.34129;48.8907;2.30696;48.8668;2.37562;14
15:35:21.379;48.8788;2.34112;48.8908;2.30679;48.8669;2.37544;14
15:35:21.401;48.8788;2.34103;48.8908;2.3067;48.8669;2.37536;14
15:35:21.401;48.8789;2.34086;48.8908;2.30653;48.867;2.37519;14
15:35:21.796;48.8789;2.34086;48.8909;2.30653;48.867;2.37519;14
15:35:21.810;48.8794;2.34086;48.8913;2.30653;48.8675;2.37519;14
15:35:21.812;48.8796;2.34086;48.8915;2.30653;48.8677;2.37519;14
15:35:21.812;48.88;2.34086;48.8919;2.30653;48.8681;2.37519;14
15:35:21.839;48.8804;2.34086;48.8923;2.30653;48.8685;2.37519;14
15:35:21.852;48.8811;2.34086;48.8931;2.30653;48.8692;2.37519;14
15:35:21.867;48.8816;2.34086;48.8936;2.30653;48.8697;2.37519;14
15:35:21.868;48.8819;2.34086;48.8939;2.30653;48.87;2.37519;14
15:35:21.868;48.8822;2.34086;48.8941;2.30653;48.8702;2.37519;14
15:35:21.899;48.8825;2.34086;48.8945;2.30653;48.8706;2.37519;14
15:35:21.920;48.8827;2.34086;48.8947;2.30653;48.8708;2.37519;14
15:35:21.934;48.8828;2.34086;48.8948;2.30653;48.8709;2.37519;14
15:35:21.948;48.8829;2.34077;48.8949;2.30644;48.871;2.3751;14
15:35:21.961;48.883;2.34069;48.8949;2.30636;48.8711;2.37502;14
15:35:21.976;48.883;2.3406;48.8949;2.30627;48.8711;2.37493;14
15:35:21.990;48.8831;2.34052;48.895;2.30618;48.8711;2.37484;14
15:35:22.004;48.8831;2.34035;48.8951;2.30601;48.8712;2.37467;14
15:35:22.018;48.8832;2.34009;48.8952;2.30576;48.8713;2.37441;14
15:35:22.033;48.8832;2.34;48.8952;2.30567;48.8713;2.37433;14
15:35:22.033;48.8832;2.33983;48.8952;2.3055;48.8713;2.37416;14
15:35:22.049;48.8832;2.33966;48.8952;2.30533;48.8713;2.37399;14
15:35:22.049;48.8833;2.33932;48.8952;2.30498;48.8713;2.37364;14
15:35:22.074;48.8833;2.33889;48.8952;2.30455;48.8713;2.37321;14
15:35:22.088;48.8833;2.33837;48.8953;2.30404;48.8714;2.3727;14
15:35:22.102;48.8834;2.33811;48.8953;2.30378;48.8715;2.37244;14
15:35:22.115;48.8834;2.3376;48.8954;2.30327;48.8715;2.37193;14
15:35:22.116;48.8834;2.33708;48.8954;2.30275;48.8715;2.37141;14
15:35:22.132;48.8836;2.33648;48.8955;2.30215;48.8716;2.37081;14
15:35:22.147;48.8836;2.33623;48.8955;2.30189;48.8716;2.37055;14
15:35:22.161;48.8836;2.33614;48.8956;2.30181;48.8717;2.37047;14
15:35:22.162;48.8836;2.33597;48.8956;2.30164;48.8717;2.37029;14
15:35:22.162;48.8836;2.3358;48.8956;2.30146;48.8717;2.37012;14
15:35:22.175;48.8837;2.3358;48.8956;2.30146;48.8717;2.37012;14
15:35:22.202;48.8837;2.33562;48.8956;2.30129;48.8717;2.36995;14
15:35:22.222;48.8837;2.33562;48.8957;2.30129;48.8718;2.36995;14
15:35:22.287;48.8837;2.33554;48.8957;2.30121;48.8718;2.36987;14
15:35:22.312;48.8837;2.33545;48.8957;2.30112;48.8718;2.36978;14
15:35:22.326;48.8837;2.33537;48.8957;2.30103;48.8718;2.36969;14
15:35:22.331;48.8836;2.33502;48.8956;2.30069;48.8717;2.36935;14
15:35:22.805;48.8815;2.32859;48.8934;2.29425;48.8695;2.36291;14
15:35:22.805;48.8812;2.32919;48.8932;2.29486;48.8693;2.36351;14
15:35:22.830;48.881;2.3297;48.8929;2.29537;48.869;2.36403;14
15:35:22.831;48.8807;2.33005;48.8927;2.29571;48.8688;2.36437;14
15:35:22.845;48.8802;2.3309;48.8922;2.29657;48.8683;2.36523;14
15:35:23.224;48.8803;2.3309;48.8922;2.29657;48.8684;2.36523;14
15:35:23.224;48.8807;2.33056;48.8926;2.29623;48.8688;2.36489;14
15:35:23.238;48.8809;2.33039;48.8928;2.29606;48.8689;2.36472;14
15:35:23.238;48.8813;2.32987;48.8932;2.29554;48.8694;2.3642;14
15:35:23.264;48.8815;2.3297;48.8934;2.29537;48.8695;2.36403;14
15:35:23.279;48.882;2.32902;48.894;2.29468;48.8701;2.36334;14
15:35:23.293;48.8825;2.32841;48.8944;2.29408;48.8706;2.36274;14
15:35:23.305;48.8825;2.32833;48.8945;2.294;48.8706;2.36266;14
15:35:23.319;48.883;2.32781;48.8949;2.29348;48.8711;2.36214;14
15:35:23.333;48.8832;2.32747;48.8952;2.29314;48.8713;2.3618;14
15:35:23.335;48.8834;2.32721;48.8954;2.29288;48.8715;2.36154;14
15:35:23.335;48.8836;2.32696;48.8955;2.29262;48.8716;2.36128;14
15:35:23.362;48.8837;2.32678;48.8956;2.29245;48.8717;2.36111;14
15:35:23.362;48.8839;2.32653;48.8958;2.29219;48.872;2.36085;14
15:35:23.388;48.8841;2.32618;48.8961;2.29185;48.8722;2.36051;14
15:35:23.389;48.8842;2.3261;48.8962;2.29177;48.8723;2.36042;14
15:35:23.390;48.8844;2.32593;48.8963;2.29159;48.8724;2.36025;14
15:35:23.417;48.8844;2.32584;48.8964;2.29151;48.8725;2.36017;14
15:35:23.432;48.8845;2.32567;48.8965;2.29134;48.8726;2.36;14
15:35:23.444;48.8846;2.32558;48.8966;2.29125;48.8727;2.35991;14
15:35:23.446;48.8848;2.3255;48.8967;2.29116;48.8728;2.35982;14
15:35:23.446;48.8848;2.3255;48.8967;2.29116;48.8729;2.35982;14
15:35:23.473;48.8849;2.32541;48.8968;2.29108;48.8729;2.35974;14
15:35:23.488;48.885;2.32524;48.897;2.29091;48.8731;2.35957;14
15:35:23.502;48.8852;2.32507;48.8971;2.29074;48.8733;2.35939;14
15:35:23.515;48.8854;2.3249;48.8973;2.29056;48.8734;2.35922;14
15:35:23.520;48.8855;2.32481;48.8974;2.29048;48.8736;2.35914;14
15:35:23.520;48.8855;2.32464;48.8975;2.29031;48.8736;2.35897;14
15:35:23.531;48.8857;2.32455;48.8977;2.29022;48.8738;2.35888;14
15:35:23.558;48.8859;2.3243;48.8978;2.28996;48.874;2.35862;14
15:35:23.558;48.8861;2.32395;48.898;2.28962;48.8742;2.35828;14
15:35:23.573;48.8862;2.32378;48.8982;2.28945;48.8743;2.35811;14
15:35:23.573;48.8864;2.32344;48.8983;2.2891;48.8745;2.35776;14
15:35:23.601;48.8864;2.32335;48.8984;2.28902;48.8745;2.35768;14
15:35:23.614;48.8866;2.32284;48.8985;2.2885;48.8747;2.35716;14
15:35:23.628;48.8868;2.32241;48.8988;2.28807;48.8749;2.35673;14
15:35:23.642;48.887;2.32189;48.8989;2.28756;48.875;2.35622;14
15:35:23.655;48.887;2.32163;48.8989;2.2873;48.8751;2.35596;14
15:35:23.659;48.8871;2.32112;48.899;2.28679;48.8751;2.35545;14
15:35:23.683;48.8871;2.32069;48.8991;2.28636;48.8752;2.35502;14
15:35:23.697;48.8872;2.32052;48.8991;2.28619;48.8752;2.35485;14
15:35:23.697;48.8872;2.32026;48.8991;2.28593;48.8752;2.35459;14
15:35:23.711;48.8872;2.32;48.8991;2.28567;48.8752;2.35433;14
15:35:23.724;48.8872;2.31949;48.8991;2.28516;48.8752;2.35382;14
15:35:23.728;48.8872;2.31897;48.8991;2.28464;48.8752;2.3533;14
15:35:23.836;48.8872;2.31588;48.8991;2.28155;48.8752;2.35021;14
15:35:23.837;48.8872;2.31571;48.8991;2.28138;48.8752;2.35004;14
15:35:23.853;48.8871;2.31554;48.8991;2.28121;48.8752;2.34987;14
15:35:23.879;48.8871;2.31537;48.8991;2.28104;48.8752;2.3497;14
15:35:23.893;48.8871;2.31503;48.8991;2.28069;48.8752;2.34935;14
15:35:23.906;48.8871;2.31468;48.899;2.28035;48.8751;2.34901;14
15:35:23.908;48.887;2.3146;48.8989;2.28026;48.8751;2.34892;14
15:35:23.922;48.887;2.31442;48.8989;2.28009;48.875;2.34875;14
15:35:23.922;48.887;2.31425;48.8989;2.27992;48.875;2.34858;14
15:35:23.949;48.8868;2.31391;48.8988;2.27958;48.8749;2.34824;14
15:35:23.962;48.8868;2.31357;48.8987;2.27923;48.8749;2.34789;14
15:35:23.964;48.8867;2.31348;48.8987;2.27915;48.8748;2.34781;14
15:35:23.964;48.8867;2.31331;48.8986;2.27898;48.8747;2.34764;14
15:35:23.991;48.8866;2.31322;48.8985;2.27889;48.8747;2.34755;14
15:35:23.994;48.8866;2.31305;48.8985;2.27872;48.8746;2.34738;14
15:35:24.009;48.8865;2.31305;48.8984;2.27872;48.8746;2.34738;14
15:35:24.009;48.8864;2.31297;48.8984;2.27863;48.8745;2.34729;14
15:35:24.034;48.8863;2.31279;48.8983;2.27846;48.8744;2.34712;14
15:35:24.036;48.8862;2.31271;48.8982;2.27838;48.8743;2.34703;14
15:35:24.056;48.8862;2.31254;48.8981;2.2782;48.8742;2.34686;14
15:35:24.064;48.8861;2.31254;48.898;2.2782;48.8741;2.34686;14
15:35:24.091;48.886;2.31245;48.8979;2.27812;48.8741;2.34678;14
15:35:24.110;48.8859;2.31245;48.8979;2.27812;48.874;2.34678;14
15:35:24.142;48.8859;2.31245;48.8978;2.27812;48.874;2.34678;14
15:35:24.204;48.8858;2.31254;48.8978;2.2782;48.8739;2.34686;14
15:35:24.216;48.8857;2.31262;48.8977;2.27829;48.8738;2.34695;14
15:35:24.217;48.8856;2.31279;48.8975;2.27846;48.8737;2.34712;14
15:35:24.219;48.8855;2.31297;48.8974;2.27863;48.8736;2.34729;14
15:35:24.219;48.8853;2.31322;48.8972;2.27889;48.8733;2.34755;14
15:35:24.245;48.8852;2.31331;48.8971;2.27898;48.8732;2.34764;14
15:35:24.247;48.8848;2.31374;48.8967;2.27941;48.8729;2.34806;14
15:35:24.287;48.8846;2.314;48.8965;2.27966;48.8727;2.34832;14
15:35:24.301;48.8842;2.31434;48.8962;2.28001;48.8723;2.34867;14
15:35:24.316;48.884;2.31451;48.896;2.28018;48.8721;2.34884;14
15:35:24.317;48.8839;2.3146;48.8958;2.28026;48.8719;2.34892;14
15:35:24.344;48.8837;2.31468;48.8956;2.28035;48.8717;2.34901;14
15:35:24.359;48.8836;2.31468;48.8955;2.28035;48.8716;2.34901;14
15:35:24.374;48.8834;2.31468;48.8954;2.28035;48.8715;2.34901;14
15:35:24.374;48.8834;2.31477;48.8953;2.28044;48.8715;2.34909;14
15:35:24.437;48.8833;2.31477;48.8953;2.28044;48.8714;2.34909;14
15:35:24.617;48.8834;2.31468;48.8953;2.28035;48.8715;2.34901;14
15:35:24.617;48.8835;2.31442;48.8955;2.28009;48.8716;2.34875;14
15:35:24.629;48.8837;2.31417;48.8956;2.27983;48.8717;2.34849;14
15:35:24.656;48.884;2.31365;48.896;2.27932;48.8721;2.34798;14
15:35:24.671;48.8843;2.31331;48.8962;2.27898;48.8724;2.34764;14
15:35:24.672;48.8845;2.31314;48.8964;2.2788;48.8725;2.34746;14
15:35:24.672;48.8846;2.31288;48.8966;2.27855;48.8727;2.34721;14
15:35:24.702;48.8848;2.31279;48.8967;2.27846;48.8728;2.34712;14
15:35:24.713;48.885;2.31245;48.897;2.27812;48.8731;2.34678;14
15:35:24.728;48.8852;2.31219;48.8971;2.27786;48.8733;2.34652;14
15:35:24.742;48.8853;2.31194;48.8973;2.2776;48.8734;2.34626;14
15:35:24.746;48.8854;2.31176;48.8973;2.27743;48.8734;2.34609;14
15:35:24.746;48.8855;2.31168;48.8974;2.27735;48.8736;2.346;14
15:35:24.776;48.8855;2.31142;48.8975;2.27709;48.8736;2.34575;14
15:35:24.776;48.8857;2.31116;48.8976;2.27683;48.8737;2.34549;14
15:35:24.790;48.8857;2.31099;48.8977;2.27666;48.8738;2.34532;14
15:35:24.791;48.8857;2.31082;48.8977;2.27649;48.8738;2.34515;14
15:35:24.807;48.8858;2.31065;48.8977;2.27632;48.8738;2.34497;14
15:35:24.807;48.8858;2.31048;48.8978;2.27614;48.8739;2.3448;14
15:35:24.838;48.8859;2.31013;48.8978;2.2758;48.874;2.34446;14
15:35:24.852;48.8859;2.30988;48.8978;2.27554;48.874;2.3442;14
15:35:24.854;48.8859;2.3097;48.8978;2.27537;48.874;2.34403;14
15:35:24.868;48.8859;2.30953;48.8979;2.2752;48.874;2.34386;14
15:35:24.871;48.8859;2.30945;48.8979;2.27511;48.874;2.34377;14
15:35:24.871;48.8859;2.30927;48.8979;2.27494;48.874;2.3436;14
15:35:24.899;48.8859;2.3091;48.8979;2.27477;48.874;2.34343;14
15:35:24.903;48.8859;2.30893;48.8979;2.2746;48.874;2.34326;14
15:35:24.914;48.8859;2.30876;48.8979;2.27443;48.874;2.34309;14
15:35:24.928;48.8859;2.30842;48.8979;2.27408;48.874;2.34274;14
15:35:24.942;48.8859;2.30807;48.8979;2.27374;48.874;2.3424;14
15:35:24.957;48.8859;2.30773;48.8979;2.2734;48.874;2.34206;14
15:35:24.972;48.8859;2.30739;48.8979;2.27305;48.874;2.34171;14
15:35:24.988;48.8859;2.3073;48.8979;2.27297;48.874;2.34163;14
15:35:24.988;48.8858;2.30696;48.8978;2.27262;48.8739;2.34128;14
15:35:25.015;48.8858;2.30679;48.8977;2.27245;48.8738;2.34111;14
15:35:25.029;48.8857;2.30661;48.8977;2.27228;48.8738;2.34094;14
15:35:25.044;48.8856;2.30644;48.8975;2.27211;48.8737;2.34077;14
15:35:25.047;48.8856;2.30636;48.8975;2.27202;48.8737;2.34068;14
15:35:25.047;48.8855;2.30627;48.8975;2.27194;48.8736;2.3406;14
15:35:25.061;48.8855;2.30627;48.8974;2.27194;48.8736;2.3406;14
15:35:25.063;48.8854;2.30618;48.8974;2.27185;48.8735;2.34051;14
15:35:25.092;48.8853;2.30618;48.8973;2.27185;48.8734;2.34051;14
15:35:25.094;48.8853;2.3061;48.8972;2.27177;48.8733;2.34043;14
15:35:25.095;48.8852;2.3061;48.8971;2.27177;48.8733;2.34043;14
15:35:25.112;48.8851;2.30601;48.897;2.27168;48.8732;2.34034;14
15:35:25.112;48.885;2.30601;48.8969;2.27168;48.873;2.34034;14
15:35:25.139;48.8849;2.30593;48.8968;2.2716;48.8729;2.34025;14
15:35:25.140;48.8846;2.30593;48.8966;2.2716;48.8727;2.34025;14
15:35:25.167;48.8845;2.30584;48.8964;2.27151;48.8725;2.34017;14
15:35:25.168;48.8843;2.30576;48.8962;2.27142;48.8724;2.34008;14
15:35:25.196;48.8842;2.30576;48.8962;2.27142;48.8723;2.34008;14
15:35:25.212;48.8842;2.30567;48.8961;2.27134;48.8722;2.34;14
15:35:25.225;48.8841;2.30567;48.8961;2.27134;48.8722;2.34;14
15:35:25.240;48.884;2.30558;48.896;2.27125;48.8721;2.33991;14
15:35:25.254;48.8839;2.30558;48.8958;2.27125;48.872;2.33991;14
15:35:25.268;48.8837;2.30558;48.8956;2.27125;48.8717;2.33991;14
15:35:25.282;48.8835;2.30558;48.8955;2.27125;48.8716;2.33991;14
15:35:25.285;48.8834;2.30558;48.8953;2.27125;48.8715;2.33991;14
15:35:25.285;48.8833;2.30558;48.8952;2.27125;48.8713;2.33991;14
15:35:25.302;48.8832;2.3055;48.8952;2.27117;48.8713;2.33983;14
15:35:25.302;48.8831;2.3055;48.8951;2.27117;48.8712;2.33983;14
15:35:25.329;48.883;2.3055;48.8949;2.27117;48.8711;2.33983;14
15:35:25.343;48.8829;2.30541;48.8948;2.27108;48.8709;2.33974;14
15:35:25.358;48.8827;2.30533;48.8947;2.27099;48.8708;2.33965;14
15:35:25.374;48.8824;2.30524;48.8944;2.27091;48.8705;2.33957;14
15:35:25.374;48.8823;2.30524;48.8942;2.27091;48.8703;2.33957;14
15:35:25.402;48.882;2.30515;48.8939;2.27082;48.87;2.33948;14
15:35:25.403;48.8818;2.30515;48.8937;2.27082;48.8699;2.33948;14
15:35:25.418;48.8817;2.30507;48.8936;2.27074;48.8698;2.3394;14
15:35:25.419;48.8815;2.30507;48.8935;2.27074;48.8696;2.3394;14
15:35:25.437;48.8812;2.30498;48.8931;2.27065;48.8693;2.33931;14
15:35:25.470;48.8811;2.30481;48.893;2.27048;48.8691;2.33914;14
15:35:25.472;48.881;2.30481;48.8929;2.27048;48.869;2.33914;14
15:35:25.499;48.8809;2.30473;48.8928;2.27039;48.869;2.33905;14
15:35:25.503;48.8808;2.30464;48.8927;2.27031;48.8689;2.33897;14
15:35:25.520;48.8807;2.30455;48.8926;2.27022;48.8688;2.33888;14
15:35:25.532;48.8806;2.30447;48.8925;2.27014;48.8686;2.3388;14
15:35:25.533;48.8806;2.30438;48.8925;2.27005;48.8686;2.33871;14
15:35:25.548;48.8805;2.3043;48.8925;2.26996;48.8686;2.33862;14
15:35:25.548;48.8805;2.30421;48.8924;2.26988;48.8685;2.33854;14
15:35:25.563;48.8804;2.30421;48.8923;2.26988;48.8685;2.33854;14
15:35:25.563;48.8803;2.30404;48.8923;2.26971;48.8684;2.33837;14
15:35:25.578;48.8803;2.30395;48.8922;2.26962;48.8684;2.33828;14
15:35:25.579;48.8802;2.30378;48.8922;2.26945;48.8683;2.33811;14
15:35:25.606;48.8802;2.3037;48.8921;2.26936;48.8682;2.33802;14
15:35:25.620;48.8801;2.30335;48.892;2.26902;48.8681;2.33768;14
15:35:25.634;48.88;2.30309;48.8919;2.26876;48.868;2.33742;14
15:35:25.649;48.8798;2.30267;48.8917;2.26833;48.8679;2.33699;14
15:35:25.651;48.8797;2.30258;48.8917;2.26825;48.8678;2.33691;14
15:35:25.651;48.8797;2.30232;48.8916;2.26799;48.8677;2.33665;14
15:35:25.666;48.8796;2.30224;48.8915;2.2679;48.8676;2.33656;14
15:35:25.667;48.8795;2.30198;48.8914;2.26765;48.8676;2.33631;14
15:35:25.693;48.8795;2.30189;48.8914;2.26756;48.8675;2.33622;14
15:35:25.710;48.8792;2.30146;48.8912;2.26713;48.8673;2.33579;14
15:35:25.722;48.8791;2.30129;48.891;2.26696;48.8671;2.33562;14
15:35:25.736;48.8789;2.30095;48.8908;2.26662;48.867;2.33528;14
15:35:25.739;48.8787;2.30086;48.8907;2.26653;48.8668;2.33519;14
15:35:25.739;48.8787;2.30078;48.8906;2.26645;48.8667;2.3351;14
15:35:25.754;48.8785;2.30069;48.8905;2.26636;48.8666;2.33502;14
15:35:25.755;48.8784;2.30061;48.8903;2.26627;48.8664;2.33493;14
15:35:25.784;48.8783;2.30052;48.8903;2.26619;48.8664;2.33485;14
15:35:25.784;48.8782;2.30052;48.8901;2.26619;48.8663;2.33485;14
15:35:25.810;48.8782;2.30043;48.8901;2.2661;48.8662;2.33476;14
15:35:25.825;48.8781;2.30043;48.89;2.2661;48.8661;2.33476;14
15:35:25.839;48.8781;2.30035;48.89;2.26602;48.8661;2.33468;14
15:35:25.842;48.878;2.30035;48.89;2.26602;48.8661;2.33468;14
15:35:25.843;48.878;2.30035;48.8899;2.26602;48.866;2.33468;14
15:35:25.877;48.8779;2.30035;48.8899;2.26602;48.866;2.33468;14
15:35:25.901;48.8779;2.30035;48.8898;2.26602;48.8659;2.33468;14
15:35:26.358;48.8778;2.30035;48.8897;2.26602;48.8658;2.33468;14
15:35:26.369;48.8776;2.30035;48.8896;2.26602;48.8657;2.33468;14
15:35:26.383;48.8773;2.30035;48.8892;2.26602;48.8654;2.33468;14
15:35:26.397;48.8769;2.30035;48.8888;2.26602;48.865;2.33468;14
15:35:26.399;48.8766;2.30035;48.8885;2.26602;48.8646;2.33468;14
15:35:26.399;48.8765;2.30035;48.8885;2.26602;48.8646;2.33468;14
15:35:26.417;48.8761;2.30035;48.888;2.26602;48.8641;2.33468;14
15:35:26.452;48.8757;2.30035;48.8877;2.26602;48.8638;2.33468;14
15:35:26.466;48.8754;2.30035;48.8873;2.26602;48.8634;2.33468;14
15:35:26.467;48.875;2.30035;48.887;2.26602;48.8631;2.33468;14
15:35:26.496;48.8745;2.30035;48.8865;2.26602;48.8626;2.33468;14
15:35:26.496;48.8741;2.30035;48.886;2.26602;48.8621;2.33468;14
15:35:26.510;48.874;2.30035;48.886;2.26602;48.8621;2.33468;14
15:35:26.511;48.8736;2.30035;48.8856;2.26602;48.8617;2.33468;14
15:35:26.537;48.8735;2.30035;48.8854;2.26602;48.8615;2.33468;14
15:35:26.554;48.873;2.30035;48.8849;2.26602;48.8611;2.33468;14
15:35:26.554;48.8725;2.30035;48.8844;2.26602;48.8605;2.33468;14
15:35:26.580;48.8718;2.30035;48.8838;2.26602;48.8599;2.33468;14
15:35:26.594;48.8713;2.30035;48.8832;2.26602;48.8593;2.33468;14
15:35:26.609;48.8712;2.30035;48.8831;2.26602;48.8592;2.33468;14
15:35:26.610;48.8709;2.30035;48.8829;2.26602;48.859;2.33468;14
15:35:26.623;48.8708;2.30026;48.8827;2.26593;48.8588;2.33459;14
15:35:26.640;48.8705;2.30018;48.8824;2.26584;48.8585;2.3345;14
15:35:26.642;48.8703;2.30009;48.8822;2.26576;48.8584;2.33442;14
15:35:26.657;48.8703;2.3;48.8822;2.26567;48.8584;2.33433;14
15:35:26.683;48.8702;2.3;48.8822;2.26567;48.8583;2.33433;14
15:35:26.697;48.8702;2.29992;48.8822;2.26559;48.8583;2.33425;14
15:35:26.770;48.8704;2.29992;48.8823;2.26559;48.8584;2.33425;14
15:35:26.785;48.8704;2.29992;48.8824;2.26559;48.8585;2.33425;14
15:35:26.799;48.8705;2.29992;48.8825;2.26559;48.8586;2.33425;14
15:35:26.815;48.8708;2.29992;48.8827;2.26559;48.8588;2.33425;14
15:35:26.827;48.8712;2.3;48.8831;2.26567;48.8592;2.33433;14
15:35:26.829;48.8714;2.30018;48.8833;2.26584;48.8594;2.3345;14
15:35:26.829;48.8717;2.30026;48.8837;2.26593;48.8598;2.33459;14
15:35:26.843;48.8719;2.30026;48.8838;2.26593;48.8599;2.33459;14
15:35:26.844;48.8721;2.30035;48.884;2.26602;48.8602;2.33468;14
15:35:26.873;48.8724;2.30043;48.8843;2.2661;48.8605;2.33476;14
15:35:26.885;48.873;2.30061;48.8849;2.26627;48.8611;2.33493;14
15:35:26.900;48.8735;2.30078;48.8854;2.26645;48.8615;2.3351;14
15:35:26.900;48.874;2.30095;48.8859;2.26662;48.862;2.33528;14
15:35:26.915;48.8743;2.30103;48.8862;2.2667;48.8624;2.33536;14
15:35:26.916;48.8744;2.30103;48.8864;2.2667;48.8625;2.33536;14
15:35:26.943;48.8746;2.30112;48.8865;2.26679;48.8627;2.33545;14
15:35:26.943;48.8748;2.30121;48.8867;2.26687;48.8628;2.33553;14
15:35:26.956;48.8749;2.30129;48.8868;2.26696;48.8629;2.33562;14
15:35:26.970;48.875;2.30138;48.887;2.26705;48.8631;2.33571;14
15:35:26.984;48.8752;2.30138;48.8871;2.26705;48.8632;2.33571;14
15:35:27.001;48.8752;2.30138;48.8871;2.26705;48.8633;2.33571;14
15:35:27.013;48.8753;2.30138;48.8872;2.26705;48.8633;2.33571;14
15:35:27.027;48.8754;2.30138;48.8873;2.26705;48.8634;2.33571;14
15:35:27.042;48.8756;2.30146;48.8876;2.26713;48.8637;2.33579;14
15:35:27.042;48.8757;2.30155;48.8877;2.26722;48.8638;2.33588;14
15:35:27.043;48.8758;2.30155;48.8878;2.26722;48.8639;2.33588;14
15:35:27.060;48.8761;2.30155;48.8881;2.26722;48.8642;2.33588;14
15:35:27.074;48.8762;2.30155;48.8881;2.26722;48.8642;2.33588;14
15:35:27.075;48.8762;2.30155;48.8882;2.26722;48.8643;2.33588;14
15:35:27.101;48.8763;2.30164;48.8882;2.2673;48.8643;2.33596;14
15:35:27.119;48.8764;2.30164;48.8883;2.2673;48.8645;2.33596;14
15:35:27.121;48.8764;2.30172;48.8884;2.26739;48.8645;2.33605;14
15:35:27.135;48.8766;2.30172;48.8886;2.26739;48.8647;2.33605;14
15:35:27.161;48.8769;2.30189;48.8888;2.26756;48.8649;2.33622;14
15:35:27.175;48.8771;2.30198;48.8891;2.26765;48.8652;2.33631;14
15:35:27.190;48.8773;2.30215;48.8892;2.26782;48.8654;2.33648;14
15:35:27.190;48.8774;2.30215;48.8894;2.26782;48.8655;2.33648;14
15:35:27.222;48.8775;2.30215;48.8894;2.26782;48.8655;2.33648;14
15:35:27.235;48.8775;2.30224;48.8894;2.2679;48.8655;2.33656;14
15:35:27.261;48.8775;2.30232;48.8895;2.26799;48.8656;2.33665;14
15:35:27.275;48.8775;2.30241;48.8895;2.26808;48.8656;2.33674;14
15:35:27.291;48.8776;2.30249;48.8895;2.26816;48.8657;2.33682;14
15:35:27.303;48.8777;2.30275;48.8896;2.26842;48.8658;2.33708;14
15:35:27.305;48.8777;2.30292;48.8896;2.26859;48.8658;2.33725;14
15:35:27.305;48.8778;2.30318;48.8897;2.26885;48.8658;2.33751;14
15:35:27.321;48.8778;2.30352;48.8898;2.26919;48.8659;2.33785;14
15:35:27.378;48.8778;2.30387;48.8898;2.26954;48.8659;2.33819;14
15:35:27.378;48.8779;2.3043;48.8898;2.26996;48.8659;2.33862;14
15:35:27.379;48.8779;2.3049;48.8898;2.27057;48.8659;2.33922;14
15:35:27.379;48.8779;2.30567;48.8898;2.27134;48.8659;2.34;14
15:35:27.379;48.8779;2.30644;48.8898;2.27211;48.8659;2.34077;14
15:35:27.404;48.8779;2.30679;48.8898;2.27245;48.8659;2.34111;14
15:35:27.405;48.8779;2.30739;48.8898;2.27305;48.8659;2.34171;14
15:35:27.435;48.8778;2.30807;48.8898;2.27374;48.8659;2.3424;14
15:35:27.449;48.8778;2.30867;48.8897;2.27434;48.8658;2.343;14
15:35:27.450;48.8777;2.30927;48.8896;2.27494;48.8658;2.3436;14
15:35:27.465;48.8776;2.30953;48.8896;2.2752;48.8657;2.34386;14
15:35:27.465;48.8776;2.30979;48.8895;2.27546;48.8657;2.34412;14
15:35:27.494;48.8775;2.31005;48.8895;2.27571;48.8656;2.34437;14
15:35:27.494;48.8775;2.31039;48.8895;2.27606;48.8656;2.34472;14
15:35:27.507;48.8775;2.31082;48.8894;2.27649;48.8655;2.34515;14
15:35:27.535;48.8774;2.31116;48.8893;2.27683;48.8654;2.34549;14
15:35:27.535;48.8774;2.31142;48.8893;2.27709;48.8654;2.34575;14
15:35:27.536;48.8774;2.31168;48.8893;2.27735;48.8654;2.346;14
15:35:27.552;48.8772;2.31185;48.8892;2.27752;48.8653;2.34618;14
15:35:27.553;48.8772;2.31202;48.8891;2.27769;48.8652;2.34635;14
15:35:27.577;48.8772;2.31228;48.8891;2.27795;48.8652;2.34661;14
15:35:27.591;48.877;2.31262;48.889;2.27829;48.8651;2.34695;14
15:35:27.605;48.8769;2.31314;48.8888;2.2788;48.865;2.34746;14
15:35:27.606;48.8768;2.31339;48.8887;2.27906;48.8649;2.34772;14
15:35:27.607;48.8767;2.31357;48.8887;2.27923;48.8648;2.34789;14
15:35:27.621;48.8766;2.31382;48.8886;2.27949;48.8647;2.34815;14
15:35:27.634;48.8766;2.31417;48.8885;2.27983;48.8646;2.34849;14
15:35:27.648;48.8764;2.31451;48.8883;2.28018;48.8645;2.34884;14
15:35:27.649;48.8762;2.31511;48.8882;2.28078;48.8643;2.34944;14
15:35:27.676;48.8761;2.31588;48.888;2.28155;48.8641;2.35021;14
15:35:27.690;48.8759;2.31614;48.8879;2.28181;48.864;2.35047;14
15:35:27.690;48.8757;2.317;48.8877;2.28267;48.8638;2.35133;14
15:35:27.720;48.8755;2.31769;48.8875;2.28335;48.8636;2.35201;14
15:35:27.742;48.8753;2.31854;48.8872;2.28421;48.8633;2.35287;14
15:35:27.753;48.875;2.31915;48.887;2.28481;48.8631;2.35347;14
15:35:27.767;48.8747;2.31992;48.8866;2.28559;48.8628;2.35424;14
15:35:27.780;48.8745;2.32052;48.8864;2.28619;48.8625;2.35485;14
15:35:27.782;48.8744;2.32069;48.8863;2.28636;48.8624;2.35502;14
15:35:27.782;48.8743;2.32095;48.8862;2.28662;48.8624;2.35527;14
15:35:27.811;48.8742;2.32121;48.8861;2.28687;48.8623;2.35553;14
15:35:27.811;48.874;2.32155;48.8859;2.28722;48.862;2.35588;14
15:35:27.837;48.8737;2.32206;48.8856;2.28773;48.8618;2.35639;14
15:35:27.851;48.8735;2.32232;48.8855;2.28799;48.8616;2.35665;14
15:35:27.864;48.8735;2.32258;48.8854;2.28825;48.8615;2.35691;14
15:35:27.868;48.8733;2.32284;48.8852;2.2885;48.8614;2.35716;14
15:35:27.892;48.8731;2.32318;48.8851;2.28885;48.8612;2.35751;14
15:35:27.906;48.873;2.32344;48.8849;2.2891;48.861;2.35776;14
15:35:27.920;48.8728;2.32361;48.8848;2.28928;48.8609;2.35794;14
15:35:27.934;48.8726;2.32387;48.8845;2.28953;48.8607;2.35819;14
15:35:27.938;48.8723;2.3243;48.8842;2.28996;48.8603;2.35862;14
15:35:27.961;48.8721;2.32455;48.884;2.29022;48.8601;2.35888;14
15:35:27.975;48.872;2.32481;48.8839;2.29048;48.8601;2.35914;14
15:35:27.991;48.8719;2.32498;48.8838;2.29065;48.8599;2.35931;14
15:35:28.002;48.8717;2.32515;48.8836;2.29082;48.8597;2.35948;14
15:35:28.004;48.8716;2.32524;48.8835;2.29091;48.8597;2.35957;14
15:35:28.004;48.8713;2.32541;48.8833;2.29108;48.8594;2.35974;14
15:35:28.030;48.8713;2.3255;48.8832;2.29116;48.8593;2.35982;14
15:35:28.044;48.871;2.32567;48.8829;2.29134;48.859;2.36;14
15:35:28.061;48.8706;2.32584;48.8826;2.29151;48.8587;2.36017;14
15:35:28.063;48.8704;2.32601;48.8824;2.29168;48.8585;2.36034;14
15:35:28.078;48.8704;2.32601;48.8823;2.29168;48.8584;2.36034;14
15:35:28.079;48.8703;2.32601;48.8822;2.29168;48.8584;2.36034;14
15:35:28.107;48.8702;2.32601;48.8821;2.29168;48.8582;2.36034;14
15:35:28.108;48.8701;2.32601;48.8821;2.29168;48.8582;2.36034;14
15:35:28.108;48.87;2.32601;48.882;2.29168;48.8581;2.36034;14
15:35:28.138;48.87;2.32601;48.8819;2.29168;48.858;2.36034;14
15:35:28.138;48.8699;2.32601;48.8818;2.29168;48.858;2.36034;14
15:35:28.152;48.8699;2.32601;48.8818;2.29168;48.8579;2.36034;14
15:35:28.178;48.8698;2.32601;48.8817;2.29168;48.8578;2.36034;14
15:35:28.179;48.8697;2.32601;48.8817;2.29168;48.8578;2.36034;14
15:35:28.205;48.8696;2.32593;48.8815;2.29159;48.8576;2.36025;14
15:35:28.207;48.8692;2.32584;48.8811;2.29151;48.8572;2.36017;14
15:35:28.233;48.8685;2.32567;48.8804;2.29134;48.8566;2.36;14
15:35:28.235;48.8683;2.32558;48.8802;2.29125;48.8563;2.35991;14
15:35:28.235;48.8679;2.3255;48.8799;2.29116;48.856;2.35982;14
15:35:28.262;48.8676;2.32541;48.8795;2.29108;48.8557;2.35974;14
15:35:28.275;48.867;2.32515;48.879;2.29082;48.8551;2.35948;14
15:35:28.276;48.8666;2.32498;48.8785;2.29065;48.8546;2.35931;14
15:35:28.303;48.8663;2.3249;48.8782;2.29056;48.8544;2.35922;14
15:35:28.317;48.8661;2.32481;48.8781;2.29048;48.8542;2.35914;14
15:35:28.332;48.866;2.32464;48.8779;2.29031;48.8541;2.35897;14
15:35:28.345;48.8659;2.32447;48.8778;2.29013;48.854;2.35879;14
15:35:28.359;48.8658;2.32438;48.8777;2.29005;48.8538;2.35871;14
15:35:28.383;48.8657;2.32438;48.8777;2.29005;48.8538;2.35871;14
15:35:28.578;48.8658;2.32455;48.8777;2.29022;48.8538;2.35888;14
15:35:28.578;48.8658;2.32455;48.8778;2.29022;48.8539;2.35888;14
15:35:28.578;48.8658;2.32464;48.8778;2.29031;48.8539;2.35897;14
15:35:28.591;48.866;2.32472;48.8779;2.29039;48.854;2.35905;14
15:35:28.605;48.866;2.3249;48.8779;2.29056;48.854;2.35922;14
15:35:28.619;48.8661;2.32498;48.878;2.29065;48.8541;2.35931;14
15:35:28.633;48.8662;2.32515;48.8781;2.29082;48.8542;2.35948;14
15:35:28.634;48.8663;2.32541;48.8783;2.29108;48.8544;2.35974;14
15:35:28.664;48.8665;2.3255;48.8785;2.29116;48.8546;2.35982;14
15:35:28.665;48.8667;2.32567;48.8786;2.29134;48.8548;2.36;14
15:35:28.682;48.8667;2.32575;48.8787;2.29142;48.8548;2.36008;14
15:35:28.682;48.8669;2.32575;48.8788;2.29142;48.855;2.36008;14
15:35:28.707;48.8671;2.32575;48.879;2.29142;48.8551;2.36008;14
15:35:28.708;48.8674;2.32584;48.8793;2.29151;48.8554;2.36017;14
15:35:28.736;48.8678;2.32584;48.8797;2.29151;48.8558;2.36017;14
15:35:28.737;48.8681;2.32593;48.88;2.29159;48.8562;2.36025;14
15:35:28.752;48.8683;2.32593;48.8802;2.29159;48.8563;2.36025;14
15:35:28.777;48.8686;2.32593;48.8806;2.29159;48.8567;2.36025;14
15:35:28.779;48.8688;2.32593;48.8808;2.29159;48.8569;2.36025;14
15:35:28.805;48.8691;2.32593;48.8811;2.29159;48.8572;2.36025;14
15:35:28.820;48.8692;2.32593;48.8812;2.29159;48.8573;2.36025;14
15:35:28.834;48.8693;2.32593;48.8813;2.29159;48.8574;2.36025;14
15:35:28.846;48.8696;2.32593;48.8816;2.29159;48.8577;2.36025;14
15:35:28.861;48.8697;2.32584;48.8816;2.29151;48.8577;2.36017;14
15:35:28.861;48.8699;2.32575;48.8818;2.29142;48.858;2.36008;14
15:35:28.862;48.87;2.32558;48.8819;2.29125;48.858;2.35991;14
15:35:28.863;48.8701;2.32558;48.882;2.29125;48.8581;2.35991;14
15:35:28.876;48.8703;2.32541;48.8822;2.29108;48.8584;2.35974;14
15:35:28.904;48.8704;2.32515;48.8824;2.29082;48.8585;2.35948;14
15:35:28.904;48.8708;2.32481;48.8828;2.29048;48.8589;2.35914;14
15:35:28.917;48.871;2.32455;48.8829;2.29022;48.859;2.35888;14
15:35:28.930;48.871;2.32447;48.883;2.29013;48.8591;2.35879;14
15:35:28.944;48.8713;2.32404;48.8833;2.28971;48.8594;2.35836;14
15:35:28.958;48.8717;2.32344;48.8836;2.2891;48.8597;2.35776;14
15:35:28.959;48.8721;2.32284;48.884;2.2885;48.8601;2.35716;14
15:35:28.985;48.8722;2.32258;48.8841;2.28825;48.8602;2.35691;14
15:35:28.999;48.8726;2.32181;48.8845;2.28747;48.8606;2.35613;14
15:35:29.012;48.873;2.32112;48.8849;2.28679;48.861;2.35545;14
15:35:29.014;48.873;2.32095;48.8849;2.28662;48.8611;2.35527;14
15:35:29.014;48.8732;2.32052;48.8852;2.28619;48.8613;2.35485;14
15:35:29.042;48.8733;2.32035;48.8853;2.28601;48.8614;2.35467;14
15:35:29.042;48.8737;2.31966;48.8857;2.28533;48.8618;2.35399;14
15:35:29.068;48.874;2.31906;48.886;2.28473;48.8621;2.35339;14
15:35:29.070;48.8742;2.31872;48.8861;2.28438;48.8623;2.35304;14
15:35:29.071;48.8743;2.31846;48.8862;2.28413;48.8624;2.35279;14
15:35:29.101;48.8746;2.31794;48.8865;2.28361;48.8627;2.35227;14
15:35:29.102;48.8749;2.31734;48.8868;2.28301;48.8629;2.35167;14
15:35:29.129;48.875;2.31726;48.8869;2.28292;48.863;2.35158;14
15:35:29.142;48.8753;2.31657;48.8872;2.28224;48.8633;2.3509;14
15:35:29.146;48.8755;2.31606;48.8875;2.28172;48.8636;2.35038;14
15:35:29.158;48.8757;2.31563;48.8877;2.28129;48.8638;2.34995;14
15:35:29.159;48.8759;2.3152;48.8878;2.28086;48.8639;2.34952;14
15:35:29.184;48.8759;2.31511;48.8879;2.28078;48.864;2.34944;14
15:35:29.185;48.8762;2.31451;48.8882;2.28018;48.8643;2.34884;14
15:35:29.214;48.8765;2.314;48.8885;2.27966;48.8646;2.34832;14
15:35:29.214;48.8767;2.31365;48.8886;2.27932;48.8647;2.34798;14
15:35:29.240;48.8767;2.31348;48.8887;2.27915;48.8648;2.34781;14
15:35:29.253;48.877;2.31314;48.8889;2.2788;48.865;2.34746;14
15:35:29.254;48.8771;2.31279;48.889;2.27846;48.8651;2.34712;14
15:35:29.286;48.8772;2.31236;48.8892;2.27803;48.8653;2.34669;14
15:35:29.300;48.8774;2.31202;48.8894;2.27769;48.8655;2.34635;14
15:35:29.314;48.8775;2.31142;48.8894;2.27709;48.8655;2.34575;14
15:35:29.318;48.8776;2.31108;48.8895;2.27674;48.8657;2.3454;14
15:35:29.329;48.8777;2.31039;48.8896;2.27606;48.8658;2.34472;14
15:35:29.356;48.8778;2.30945;48.8897;2.27511;48.8658;2.34377;14
15:35:29.357;48.8778;2.30902;48.8897;2.27468;48.8658;2.34334;14
15:35:29.358;48.8778;2.30867;48.8897;2.27434;48.8658;2.343;14
15:35:29.373;48.8778;2.30807;48.8897;2.27374;48.8658;2.3424;14
15:35:29.373;48.8778;2.30739;48.8897;2.27305;48.8658;2.34171;14
15:35:29.387;48.8778;2.30696;48.8897;2.27262;48.8658;2.34128;14
15:35:29.413;48.8778;2.3061;48.8897;2.27177;48.8658;2.34043;14
15:35:29.427;48.8778;2.30515;48.8898;2.27082;48.8659;2.33948;14
15:35:29.444;48.8779;2.30421;48.8898;2.26988;48.8659;2.33854;14
15:35:29.444;48.8779;2.30378;48.8898;2.26945;48.8659;2.33811;14
15:35:29.444;48.8779;2.30318;48.8899;2.26885;48.866;2.33751;14
15:35:29.462;48.8779;2.30292;48.8899;2.26859;48.866;2.33725;14
15:35:29.462;48.878;2.30249;48.8899;2.26816;48.866;2.33682;14
15:35:29.473;48.878;2.30206;48.8899;2.26773;48.866;2.33639;14
15:35:29.475;48.878;2.30172;48.8899;2.26739;48.866;2.33605;14
15:35:29.505;48.878;2.30095;48.8899;2.26662;48.866;2.33528;14
15:35:29.519;48.878;2.30043;48.8899;2.2661;48.866;2.33476;14
15:35:29.520;48.878;2.30018;48.8899;2.26584;48.866;2.3345;14
15:35:29.548;48.878;2.29966;48.8899;2.26533;48.866;2.33399;14
15:35:29.549;48.878;2.29897;48.8899;2.26464;48.866;2.3333;14
15:35:29.566;48.878;2.2982;48.8899;2.26387;48.866;2.33253;14
15:35:29.578;48.878;2.29803;48.8899;2.2637;48.866;2.33236;14
15:35:29.579;48.8779;2.29769;48.8899;2.26336;48.866;2.33201;14
15:35:29.595;48.8779;2.29726;48.8898;2.26293;48.8659;2.33159;14
15:35:29.595;48.8778;2.29692;48.8898;2.26258;48.8659;2.33124;14
15:35:29.678;48.8774;2.29486;48.8893;2.26052;48.8654;2.32918;14
15:35:29.691;48.8772;2.29443;48.8891;2.26009;48.8652;2.32875;14
15:35:29.706;48.8769;2.29383;48.8888;2.25949;48.865;2.32815;14
15:35:29.708;48.8768;2.29348;48.8887;2.25915;48.8649;2.32781;14
15:35:29.708;48.8767;2.29322;48.8886;2.25889;48.8647;2.32755;14
15:35:29.737;48.8765;2.2928;48.8885;2.25846;48.8646;2.32712;14
15:35:29.737;48.8765;2.29262;48.8885;2.25829;48.8646;2.32695;14
15:35:29.738;48.8762;2.29168;48.8881;2.25735;48.8642;2.32601;14
15:35:29.753;48.876;2.29125;48.8879;2.25692;48.8641;2.32558;14
15:35:29.753;48.8759;2.29108;48.8879;2.25675;48.864;2.32541;14
15:35:29.769;48.8758;2.29056;48.8877;2.25623;48.8638;2.32489;14
15:35:29.770;48.8757;2.29005;48.8876;2.25572;48.8637;2.32438;14
15:35:29.795;48.8756;2.28953;48.8876;2.2552;48.8637;2.32386;14
15:35:29.808;48.8755;2.2885;48.8874;2.25417;48.8636;2.32283;14
15:35:29.810;48.8754;2.28747;48.8874;2.25314;48.8635;2.3218;14
15:35:29.824;48.8754;2.28687;48.8874;2.25254;48.8635;2.3212;14
15:35:29.837;48.8754;2.28627;48.8874;2.25194;48.8635;2.3206;14
15:35:29.851;48.8754;2.28567;48.8874;2.25134;48.8635;2.32;14
15:35:29.862;48.8756;2.28456;48.8876;2.25022;48.8637;2.31888;14
15:35:29.864;48.8757;2.2843;48.8876;2.24997;48.8637;2.31862;14
15:35:29.878;48.8758;2.28387;48.8877;2.24954;48.8638;2.3182;14
15:35:29.896;48.8759;2.28318;48.8879;2.24885;48.864;2.31751;14
15:35:29.898;48.8762;2.28267;48.8881;2.24833;48.8642;2.31699;14
15:35:29.924;48.8764;2.2825;48.8884;2.24816;48.8645;2.31682;14
15:35:30.465;48.8764;2.28232;48.8884;2.24799;48.8645;2.31665;14
15:35:30.466;48.8764;2.28026;48.8884;2.24593;48.8645;2.31459;14
15:35:30.491;48.8764;2.27872;48.8884;2.24439;48.8645;2.31305;14
15:35:30.507;48.8764;2.27683;48.8884;2.2425;48.8645;2.31116;14
15:35:30.510;48.8764;2.27606;48.8884;2.24173;48.8645;2.31039;14
15:35:30.510;48.8764;2.2752;48.8884;2.24087;48.8645;2.30953;14
15:35:30.557;48.8764;2.27262;48.8884;2.23829;48.8645;2.30695;14
15:35:30.558;48.8764;2.27202;48.8884;2.23769;48.8645;2.30635;14
15:35:30.586;48.8764;2.27117;48.8884;2.23683;48.8645;2.30549;14
15:35:30.588;48.8764;2.27031;48.8884;2.23598;48.8645;2.30463;14
15:35:30.602;48.8764;2.26996;48.8884;2.23563;48.8645;2.30429;14
15:35:30.616;48.8764;2.26979;48.8884;2.23546;48.8645;2.30412;14
15:35:30.619;48.8764;2.26945;48.8884;2.23512;48.8645;2.30378;14
15:35:30.620;48.8764;2.26911;48.8884;2.23477;48.8645;2.30343;14
15:35:30.635;48.8764;2.26868;48.8884;2.23434;48.8645;2.303;14
15:35:30.635;48.8764;2.26808;48.8884;2.23374;48.8645;2.3024;14
15:35:30.661;48.8764;2.2679;48.8884;2.23357;48.8645;2.30223;14
15:35:30.679;48.8764;2.26696;48.8884;2.23263;48.8645;2.30129;14
15:35:30.682;48.8766;2.26636;48.8885;2.23203;48.8646;2.30069;14
15:35:30.685;48.8766;2.26619;48.8886;2.23186;48.8647;2.30051;14
15:35:30.704;48.8768;2.2655;48.8887;2.23117;48.8649;2.29983;14
15:35:30.736;48.877;2.26404;48.889;2.22971;48.8651;2.29837;14
15:35:30.749;48.8771;2.26344;48.8891;2.22911;48.8652;2.29777;14
15:35:30.766;48.8772;2.26284;48.8892;2.22851;48.8653;2.29717;14
15:35:30.792;48.8775;2.26172;48.8894;2.22739;48.8655;2.29605;14
15:35:30.794;48.8776;2.2613;48.8895;2.22696;48.8657;2.29562;14
15:35:30.795;48.8777;2.26069;48.8896;2.22636;48.8658;2.29502;14
15:35:30.810;48.8778;2.26044;48.8898;2.2261;48.8659;2.29476;14
15:35:30.837;48.878;2.25966;48.8899;2.22533;48.866;2.29399;14
15:35:30.850;48.8783;2.25829;48.8902;2.22396;48.8663;2.29262;14
15:35:30.852;48.8784;2.25743;48.8903;2.2231;48.8664;2.29176;14
15:35:30.868;48.8784;2.257;48.8904;2.22267;48.8665;2.29133;14
15:35:30.868;48.8784;2.25666;48.8904;2.22233;48.8665;2.29099;14
15:35:30.884;48.8784;2.25632;48.8904;2.22198;48.8665;2.29064;14
15:35:30.885;48.8784;2.25615;48.8904;2.22181;48.8665;2.29047;14
15:35:30.908;48.8784;2.25589;48.8904;2.22156;48.8665;2.29021;14
15:35:30.922;48.8784;2.25546;48.8904;2.22113;48.8665;2.28979;14
15:35:30.936;48.8784;2.25529;48.8904;2.22095;48.8665;2.28961;14
15:35:30.939;48.8784;2.2552;48.8904;2.22087;48.8665;2.28953;14
15:35:30.940;48.8784;2.25512;48.8904;2.22078;48.8665;2.28944;14
15:35:30.978;48.8784;2.25503;48.8904;2.2207;48.8665;2.28936;14
15:35:30.993;48.8784;2.25494;48.8904;2.22061;48.8665;2.28927;14
15:35:31.046;48.8784;2.25486;48.8904;2.22053;48.8665;2.28918;14
15:35:31.218;48.8784;2.25477;48.8904;2.22044;48.8665;2.2891;14
15:35:31.218;48.8784;2.25443;48.8904;2.2201;48.8665;2.28876;14
15:35:31.236;48.8784;2.254;48.8904;2.21967;48.8665;2.28833;14
15:35:31.262;48.8784;2.25348;48.8904;2.21915;48.8665;2.28781;14
15:35:31.276;48.8784;2.25297;48.8904;2.21864;48.8665;2.2873;14
15:35:31.280;48.8784;2.25271;48.8904;2.21838;48.8665;2.28704;14
15:35:31.281;48.8784;2.25254;48.8904;2.21821;48.8665;2.28687;14
15:35:31.312;48.8785;2.2522;48.8904;2.21786;48.8666;2.28652;14
15:35:31.314;48.8785;2.25185;48.8904;2.21752;48.8666;2.28618;14
15:35:31.342;48.8785;2.25168;48.8905;2.21735;48.8666;2.28601;14
15:35:31.358;48.8785;2.25142;48.8905;2.21709;48.8666;2.28575;14
15:35:31.361;48.8786;2.25134;48.8905;2.21701;48.8667;2.28567;14
15:35:31.362;48.8787;2.25134;48.8906;2.21701;48.8667;2.28567;14
15:35:31.389;48.8787;2.25125;48.8906;2.21692;48.8667;2.28558;14
15:35:31.904;48.8787;2.25108;48.8906;2.21675;48.8667;2.28541;14
15:35:31.911;48.8787;2.25082;48.8906;2.21649;48.8667;2.28515;14
15:35:31.911;48.8787;2.25048;48.8906;2.21615;48.8667;2.28481;14
15:35:31.940;48.8787;2.24954;48.8906;2.2152;48.8667;2.28386;14
15:35:31.955;48.8787;2.24842;48.8906;2.21409;48.8667;2.28275;14
15:35:31.970;48.8787;2.24739;48.8906;2.21306;48.8667;2.28172;14
15:35:31.985;48.8787;2.24627;48.8907;2.21194;48.8668;2.2806;14
15:35:31.986;48.8788;2.24576;48.8907;2.21143;48.8668;2.28009;14
15:35:32.002;48.8788;2.24533;48.8907;2.211;48.8668;2.27966;14
15:35:32.016;48.8788;2.24447;48.8908;2.21014;48.8669;2.2788;14
15:35:32.017;48.8789;2.2443;48.8908;2.20997;48.867;2.27863;14
15:35:32.019;48.8789;2.2437;48.8909;2.20937;48.867;2.27803;14
15:35:32.034;48.879;2.2431;48.8909;2.20877;48.8671;2.27743;14
15:35:32.050;48.879;2.24293;48.8909;2.2086;48.8671;2.27725;14
15:35:32.050;48.879;2.24276;48.8909;2.20842;48.8671;2.27708;14
15:35:32.066;48.879;2.2425;48.8909;2.20817;48.8671;2.27683;14
15:35:32.066;48.8791;2.24233;48.891;2.20799;48.8671;2.27665;14
15:35:32.082;48.8791;2.24207;48.891;2.20774;48.8671;2.2764;14
15:35:32.082;48.8791;2.2419;48.891;2.20757;48.8671;2.27622;14
15:35:32.098;48.8791;2.24173;48.891;2.20739;48.8672;2.27605;14
15:35:32.099;48.8792;2.24155;48.8911;2.20722;48.8672;2.27588;14
15:35:32.127;48.8792;2.24113;48.8911;2.20679;48.8672;2.27545;14
15:35:32.130;48.8792;2.24095;48.8912;2.20662;48.8673;2.27528;14
15:35:32.144;48.8792;2.24078;48.8912;2.20645;48.8673;2.27511;14
15:35:32.160;48.8793;2.24027;48.8913;2.20593;48.8674;2.27459;14
15:35:32.162;48.8793;2.24018;48.8913;2.20585;48.8674;2.27451;14
15:35:32.163;48.8794;2.24001;48.8913;2.20568;48.8675;2.27434;14
15:35:32.178;48.8795;2.23975;48.8914;2.20542;48.8675;2.27408;14
15:35:32.178;48.8795;2.23958;48.8914;2.20525;48.8675;2.27391;14
15:35:32.207;48.8795;2.23949;48.8914;2.20516;48.8676;2.27382;14
15:35:32.208;48.8795;2.23932;48.8914;2.20499;48.8676;2.27365;14
15:35:32.225;48.8796;2.23889;48.8915;2.20456;48.8676;2.27322;14
15:35:32.239;48.8797;2.23846;48.8916;2.20413;48.8677;2.27279;14
15:35:32.241;48.8797;2.23812;48.8916;2.20379;48.8677;2.27245;14
15:35:32.258;48.8797;2.23786;48.8917;2.20353;48.8678;2.27219;14
15:35:32.258;48.8798;2.23769;48.8917;2.20336;48.8679;2.27202;14
15:35:32.273;48.8798;2.23752;48.8918;2.20319;48.8679;2.27185;14
15:35:32.274;48.8798;2.23726;48.8918;2.20293;48.8679;2.27159;14
15:35:32.300;48.88;2.23692;48.8919;2.20259;48.868;2.27125;14
15:35:32.302;48.88;2.23675;48.8919;2.20242;48.8681;2.27107;14
15:35:32.303;48.88;2.23658;48.8919;2.20224;48.8681;2.2709;14
15:35:32.318;48.88;2.2364;48.8919;2.20207;48.8681;2.27073;14
15:35:32.320;48.8801;2.23632;48.892;2.20199;48.8681;2.27065;14
15:35:32.334;48.8801;2.23615;48.892;2.20181;48.8681;2.27047;14
15:35:32.336;48.8801;2.23598;48.892;2.20164;48.8681;2.2703;14
15:35:32.365;48.8802;2.23572;48.8921;2.20139;48.8682;2.27004;14
15:35:32.365;48.8802;2.23563;48.8921;2.2013;48.8682;2.26996;14
15:35:32.379;48.8802;2.23555;48.8921;2.20121;48.8682;2.26987;14
15:35:32.382;48.8802;2.23537;48.8921;2.20104;48.8682;2.2697;14
15:35:32.408;48.8802;2.2352;48.8921;2.20087;48.8682;2.26953;14
15:35:32.411;48.8802;2.23503;48.8922;2.2007;48.8683;2.26936;14
15:35:32.438;48.8802;2.23477;48.8922;2.20044;48.8683;2.2691;14
15:35:32.454;48.8802;2.23469;48.8922;2.20036;48.8683;2.26901;14
15:35:32.475;48.8803;2.23469;48.8922;2.20036;48.8684;2.26901;14
15:35:32.534;48.8803;2.23477;48.8922;2.20044;48.8684;2.2691;14
15:35:32.548;48.8803;2.23572;48.8922;2.20139;48.8684;2.27004;14
15:35:32.552;48.8802;2.23615;48.8922;2.20181;48.8683;2.27047;14
15:35:32.553;48.8801;2.23675;48.8921;2.20242;48.8682;2.27107;14
15:35:32.578;48.8798;2.23761;48.8918;2.20327;48.8679;2.27193;14
15:35:32.581;48.8798;2.23795;48.8917;2.20362;48.8679;2.27228;14
15:35:32.581;48.8796;2.23838;48.8915;2.20405;48.8677;2.27271;14
15:35:32.597;48.8795;2.23881;48.8914;2.20448;48.8676;2.27313;14
15:35:32.597;48.8793;2.23907;48.8913;2.20473;48.8674;2.27339;14
15:35:32.613;48.8792;2.23958;48.8912;2.20525;48.8673;2.27391;14
15:35:32.613;48.8791;2.23992;48.891;2.20559;48.8672;2.27425;14
15:35:32.629;48.8791;2.24035;48.891;2.20602;48.8671;2.27468;14
15:35:32.629;48.8789;2.24087;48.8909;2.20654;48.867;2.27519;14
15:35:32.656;48.8789;2.24138;48.8908;2.20705;48.867;2.27571;14
15:35:32.658;48.8787;2.2425;48.8907;2.20817;48.8668;2.27683;14
15:35:32.685;48.8787;2.24319;48.8906;2.20885;48.8667;2.27751;14
15:35:32.690;48.8785;2.24413;48.8904;2.2098;48.8666;2.27846;14
15:35:32.702;48.8784;2.24473;48.8903;2.2104;48.8664;2.27906;14
15:35:32.718;48.8783;2.24516;48.8903;2.21083;48.8664;2.27949;14
15:35:32.718;48.8783;2.2455;48.8902;2.21117;48.8663;2.27983;14
15:35:32.734;48.8783;2.24576;48.8902;2.21143;48.8663;2.28009;14
15:35:32.735;48.8782;2.24636;48.8901;2.21203;48.8663;2.28069;14
15:35:32.762;48.8782;2.24713;48.8901;2.2128;48.8662;2.28146;14
15:35:32.766;48.8781;2.24748;48.89;2.21314;48.8661;2.2818;14
15:35:32.767;48.8781;2.24791;48.89;2.21357;48.8661;2.28223;14
15:35:32.783;48.878;2.24859;48.89;2.21426;48.8661;2.28292;14
15:35:32.783;48.878;2.24919;48.8899;2.21486;48.866;2.28352;14
15:35:32.800;48.8779;2.24971;48.8899;2.21538;48.866;2.28404;14
15:35:32.800;48.8779;2.24997;48.8898;2.21563;48.8659;2.28429;14
15:35:32.815;48.8776;2.25117;48.8895;2.21684;48.8657;2.28549;14
15:35:32.844;48.8774;2.25194;48.8893;2.21761;48.8654;2.28627;14
15:35:32.847;48.8772;2.25254;48.8892;2.21821;48.8653;2.28687;14
15:35:32.847;48.877;2.25323;48.889;2.21889;48.8651;2.28755;14
15:35:32.862;48.8767;2.25426;48.8887;2.21992;48.8648;2.28858;14
15:35:32.889;48.8765;2.25537;48.8885;2.22104;48.8646;2.2897;14
15:35:32.905;48.8762;2.25649;48.8882;2.22216;48.8643;2.29082;14
15:35:32.908;48.8761;2.25709;48.8881;2.22276;48.8642;2.29142;14
15:35:32.908;48.8759;2.2576;48.8879;2.22327;48.864;2.29193;14
15:35:32.923;48.8758;2.25812;48.8878;2.22379;48.8639;2.29245;14
15:35:32.925;48.8758;2.25829;48.8877;2.22396;48.8638;2.29262;14
15:35:32.953;48.8755;2.25941;48.8874;2.22507;48.8636;2.29373;14
15:35:32.970;48.8753;2.26001;48.8873;2.22568;48.8634;2.29433;14
15:35:32.970;48.8753;2.26035;48.8872;2.22602;48.8633;2.29468;14
15:35:32.972;48.8752;2.26087;48.8871;2.22653;48.8632;2.29519;14
15:35:32.987;48.8752;2.26104;48.8871;2.22671;48.8632;2.29536;14
15:35:32.988;48.875;2.26147;48.887;2.22713;48.8631;2.29579;14
15:35:33.005;48.875;2.26155;48.8869;2.22722;48.863;2.29588;14
15:35:33.005;48.875;2.26181;48.8869;2.22748;48.863;2.29614;14
15:35:33.032;48.8749;2.26224;48.8869;2.22791;48.863;2.29657;14
15:35:33.034;48.8749;2.26233;48.8868;2.22799;48.8629;2.29665;14
15:35:33.035;48.8748;2.2625;48.8868;2.22816;48.8629;2.29682;14
15:35:33.052;48.8748;2.26258;48.8868;2.22825;48.8629;2.29691;14
15:35:33.052;48.8748;2.26275;48.8867;2.22842;48.8628;2.29708;14
15:35:33.068;48.8747;2.26284;48.8866;2.22851;48.8628;2.29717;14
15:35:33.069;48.8747;2.26293;48.8866;2.22859;48.8628;2.29725;14
15:35:33.085;48.8746;2.2631;48.8866;2.22877;48.8627;2.29742;14
15:35:33.085;48.8746;2.26336;48.8865;2.22902;48.8627;2.29768;14
15:35:33.113;48.8745;2.26361;48.8864;2.22928;48.8625;2.29794;14
15:35:33.116;48.8744;2.26378;48.8864;2.22945;48.8625;2.29811;14
15:35:33.116;48.8744;2.26396;48.8864;2.22962;48.8625;2.29828;14
15:35:33.131;48.8742;2.26447;48.8862;2.23014;48.8623;2.2988;14
15:35:33.160;48.8741;2.2649;48.8861;2.23057;48.8622;2.29923;14
15:35:33.163;48.8741;2.26507;48.886;2.23074;48.8621;2.2994;14
15:35:33.163;48.874;2.26542;48.8859;2.23108;48.862;2.29974;14
15:35:33.191;48.8738;2.26593;48.8857;2.2316;48.8619;2.30026;14
15:35:33.194;48.8736;2.26627;48.8856;2.23194;48.8617;2.3006;14
15:35:33.194;48.8736;2.2667;48.8855;2.23237;48.8616;2.30103;14
15:35:33.210;48.8735;2.26722;48.8854;2.23289;48.8615;2.30154;14
15:35:33.211;48.8733;2.26748;48.8853;2.23314;48.8614;2.3018;14
15:35:33.239;48.8731;2.26851;48.885;2.23417;48.8611;2.30283;14
15:35:33.242;48.873;2.26876;48.8849;2.23443;48.8611;2.30309;14
15:35:33.242;48.8728;2.26936;48.8848;2.23503;48.8609;2.30369;14
15:35:33.269;48.8727;2.26979;48.8847;2.23546;48.8608;2.30412;14
15:35:33.274;48.8726;2.27039;48.8845;2.23606;48.8607;2.30472;14
15:35:33.274;48.8725;2.27065;48.8844;2.23632;48.8606;2.30498;14
15:35:33.291;48.8725;2.27082;48.8844;2.23649;48.8605;2.30515;14
15:35:33.292;48.8724;2.27108;48.8843;2.23675;48.8605;2.30541;14
15:35:33.305;48.8722;2.27142;48.8842;2.23709;48.8603;2.30575;14
15:35:33.309;48.8722;2.27151;48.8841;2.23718;48.8602;2.30584;14
15:35:33.322;48.8721;2.27168;48.884;2.23735;48.8601;2.30601;14
15:35:33.325;48.872;2.27177;48.8839;2.23743;48.8601;2.30609;14
15:35:33.350;48.8718;2.27194;48.8838;2.23761;48.8599;2.30627;14
15:35:33.351;48.8718;2.27194;48.8837;2.23761;48.8598;2.30627;14
15:35:33.379;48.8717;2.27194;48.8837;2.23761;48.8598;2.30627;14
15:35:33.394;48.8717;2.27194;48.8836;2.23761;48.8597;2.30627;14
15:35:33.395;48.8716;2.27194;48.8835;2.23761;48.8597;2.30627;14
15:35:33.472;48.8716;2.27185;48.8835;2.23752;48.8597;2.30618;14
15:35:33.499;48.8716;2.27177;48.8835;2.23743;48.8597;2.30609;14
15:35:33.531;48.8717;2.27177;48.8836;2.23743;48.8597;2.30609;14
15:35:33.533;48.8717;2.27177;48.8837;2.23743;48.8598;2.30609;14
15:35:33.548;48.8718;2.27168;48.8837;2.23735;48.8598;2.30601;14
15:35:33.551;48.8719;2.27168;48.8838;2.23735;48.8599;2.30601;14
15:35:33.551;48.872;2.27168;48.8839;2.23735;48.8601;2.30601;14
15:35:33.566;48.8721;2.2716;48.884;2.23726;48.8602;2.30592;14
15:35:33.593;48.8725;2.2716;48.8844;2.23726;48.8606;2.30592;14
15:35:33.608;48.873;2.27151;48.8849;2.23718;48.8611;2.30584;14
15:35:33.622;48.8737;2.27142;48.8857;2.23709;48.8618;2.30575;14
15:35:33.636;48.8743;2.27142;48.8862;2.23709;48.8624;2.30575;14
15:35:33.643;48.8747;2.27142;48.8866;2.23709;48.8628;2.30575;14
15:35:33.643;48.8749;2.27142;48.8869;2.23709;48.863;2.30575;14
15:35:33.656;48.8754;2.27134;48.8874;2.23701;48.8635;2.30566;14
15:35:33.656;48.8757;2.27134;48.8877;2.23701;48.8638;2.30566;14
15:35:33.684;48.8761;2.27134;48.888;2.23701;48.8641;2.30566;14
15:35:33.688;48.8763;2.27134;48.8883;2.23701;48.8644;2.30566;14
15:35:33.688;48.8766;2.27134;48.8885;2.23701;48.8646;2.30566;14
15:35:33.716;48.8768;2.27134;48.8887;2.23701;48.8649;2.30566;14
15:35:33.717;48.877;2.27134;48.8889;2.23701;48.865;2.30566;14
15:35:33.718;48.8771;2.27134;48.8891;2.23701;48.8652;2.30566;14
15:35:33.720;48.8772;2.27134;48.8892;2.23701;48.8653;2.30566;14
15:35:33.735;48.8774;2.27134;48.8894;2.23701;48.8655;2.30566;14
15:35:33.736;48.8775;2.27134;48.8895;2.23701;48.8656;2.30566;14
15:35:33.751;48.8776;2.27134;48.8896;2.23701;48.8657;2.30566;14
15:35:33.752;48.8777;2.27134;48.8896;2.23701;48.8658;2.30566;14
15:35:33.781;48.8779;2.27134;48.8898;2.23701;48.8659;2.30566;14
15:35:33.783;48.8779;2.27134;48.8899;2.23701;48.866;2.30566;14
15:35:33.810;48.878;2.27134;48.8899;2.23701;48.866;2.30566;14
15:35:33.895;48.8779;2.27134;48.8899;2.23701;48.866;2.30566;14
15:35:33.914;48.8779;2.27134;48.8898;2.23701;48.8659;2.30566;14
15:35:34.016;48.878;2.27134;48.8899;2.23701;48.866;2.30566;14
15:35:34.016;48.8782;2.27134;48.8901;2.23701;48.8662;2.30566;14
15:35:34.042;48.8784;2.27134;48.8904;2.23701;48.8665;2.30566;14
15:35:34.045;48.8786;2.27134;48.8905;2.23701;48.8667;2.30566;14
15:35:34.046;48.8787;2.27134;48.8907;2.23701;48.8668;2.30566;14
15:35:34.075;48.8791;2.27142;48.891;2.23709;48.8671;2.30575;14
15:35:34.078;48.8792;2.27142;48.8912;2.23709;48.8673;2.30575;14
15:35:34.078;48.8794;2.27151;48.8913;2.23718;48.8675;2.30584;14
15:35:34.105;48.8797;2.2716;48.8917;2.23726;48.8678;2.30592;14
15:35:34.108;48.8798;2.27168;48.8918;2.23735;48.8679;2.30601;14
15:35:34.108;48.88;2.27168;48.8919;2.23735;48.868;2.30601;14
15:35:34.124;48.8801;2.27177;48.892;2.23743;48.8681;2.30609;14
15:35:34.124;48.8802;2.27185;48.8921;2.23752;48.8682;2.30618;14
15:35:34.153;48.8803;2.27185;48.8922;2.23752;48.8684;2.30618;14
15:35:34.156;48.8804;2.27194;48.8923;2.23761;48.8685;2.30627;14
15:35:34.156;48.8804;2.27202;48.8923;2.23769;48.8685;2.30635;14
15:35:34.171;48.8805;2.27202;48.8925;2.23769;48.8686;2.30635;14
15:35:34.187;48.8806;2.27211;48.8925;2.23778;48.8686;2.30644;14
15:35:34.187;48.8807;2.2722;48.8926;2.23786;48.8688;2.30652;14
15:35:34.203;48.8807;2.2722;48.8927;2.23786;48.8688;2.30652;14
15:35:34.203;48.8808;2.27228;48.8927;2.23795;48.8689;2.30661;14
15:35:34.230;48.8809;2.27237;48.8928;2.23804;48.8689;2.30669;14
15:35:34.246;48.881;2.27254;48.8929;2.23821;48.869;2.30687;14
15:35:34.259;48.8811;2.27271;48.8931;2.23838;48.8692;2.30704;14
15:35:34.276;48.8813;2.27288;48.8932;2.23855;48.8694;2.30721;14
15:35:34.290;48.8814;2.27305;48.8934;2.23872;48.8695;2.30738;14
15:35:34.308;48.8816;2.27323;48.8935;2.23889;48.8697;2.30755;14
15:35:34.328;48.8817;2.2734;48.8936;2.23907;48.8698;2.30772;14
15:35:34.332;48.8818;2.27348;48.8937;2.23915;48.8698;2.30781;14
15:35:34.333;48.8818;2.27357;48.8937;2.23924;48.8698;2.3079;14
15:35:34.366;48.8818;2.27374;48.8937;2.23941;48.8698;2.30807;14
15:35:34.368;48.8818;2.27383;48.8937;2.23949;48.8698;2.30815;14
15:35:34.369;48.8818;2.27391;48.8937;2.23958;48.8698;2.30824;14
15:35:34.387;48.8818;2.274;48.8937;2.23967;48.8698;2.30833;14
15:35:34.387;48.8818;2.27417;48.8937;2.23984;48.8698;2.3085;14
15:35:34.414;48.8818;2.27426;48.8937;2.23992;48.8698;2.30858;14
15:35:34.417;48.8818;2.27443;48.8937;2.2401;48.8698;2.30875;14
15:35:34.417;48.8817;2.27451;48.8936;2.24018;48.8698;2.30884;14
15:35:34.433;48.8816;2.27468;48.8936;2.24035;48.8697;2.30901;14
15:35:34.433;48.8815;2.27477;48.8935;2.24044;48.8696;2.3091;14
15:35:34.462;48.8815;2.27494;48.8934;2.24061;48.8695;2.30927;14
15:35:34.462;48.8814;2.27511;48.8934;2.24078;48.8695;2.30944;14
15:35:34.465;48.8813;2.2752;48.8932;2.24087;48.8694;2.30953;14
15:35:34.465;48.8812;2.27546;48.8931;2.24113;48.8693;2.30978;14
15:35:34.481;48.881;2.2758;48.893;2.24147;48.8691;2.31013;14
15:35:34.498;48.8809;2.27589;48.8928;2.24155;48.869;2.31021;14
15:35:34.498;48.8808;2.27606;48.8927;2.24173;48.8689;2.31039;14
15:35:34.515;48.8806;2.27623;48.8926;2.2419;48.8687;2.31056;14
15:35:34.544;48.8805;2.2764;48.8924;2.24207;48.8685;2.31073;14
15:35:34.545;48.8804;2.27649;48.8923;2.24216;48.8685;2.31081;14
15:35:34.548;48.8803;2.27657;48.8923;2.24224;48.8684;2.3109;14
15:35:34.575;48.8802;2.27674;48.8921;2.24241;48.8682;2.31107;14
15:35:34.579;48.88;2.27692;48.8919;2.24258;48.8681;2.31124;14
15:35:34.593;48.8799;2.277;48.8918;2.24267;48.868;2.31133;14
15:35:34.593;48.8798;2.27709;48.8918;2.24276;48.8679;2.31142;14
15:35:34.610;48.8797;2.27717;48.8916;2.24284;48.8677;2.3115;14
15:35:34.625;48.8796;2.27726;48.8915;2.24293;48.8677;2.31159;14
15:35:34.626;48.8795;2.27726;48.8914;2.24293;48.8676;2.31159;14
15:35:34.641;48.8795;2.27743;48.8914;2.2431;48.8675;2.31176;14
15:35:34.641;48.8793;2.27752;48.8912;2.24319;48.8673;2.31184;14
15:35:34.657;48.8792;2.2776;48.8911;2.24327;48.8672;2.31193;14
15:35:34.657;48.8791;2.27777;48.891;2.24344;48.8671;2.3121;14
15:35:34.672;48.879;2.27786;48.8909;2.24353;48.8671;2.31219;14
15:35:34.698;48.8788;2.27803;48.8908;2.2437;48.8669;2.31236;14
15:35:34.729;48.8785;2.27829;48.8904;2.24396;48.8666;2.31262;14
15:35:34.743;48.8782;2.27872;48.8901;2.24439;48.8663;2.31305;14
15:35:34.757;48.878;2.27889;48.8899;2.24456;48.866;2.31322;14
15:35:34.759;48.8777;2.27906;48.8896;2.24473;48.8658;2.31339;14
15:35:34.775;48.8776;2.27915;48.8895;2.24482;48.8657;2.31348;14
15:35:34.775;48.8775;2.27923;48.8895;2.2449;48.8656;2.31356;14
15:35:34.791;48.8774;2.27932;48.8893;2.24499;48.8654;2.31365;14
15:35:34.791;48.8773;2.27941;48.8892;2.24507;48.8654;2.31373;14
15:35:34.820;48.8772;2.27949;48.8892;2.24516;48.8653;2.31382;14
15:35:34.833;48.8771;2.27949;48.8891;2.24516;48.8652;2.31382;14
15:35:34.847;48.877;2.27966;48.8889;2.24533;48.865;2.31399;14
15:35:34.861;48.8768;2.27966;48.8887;2.24533;48.8649;2.31399;14
15:35:34.879;48.8766;2.27975;48.8886;2.24542;48.8647;2.31408;14
15:35:34.895;48.8764;2.27983;48.8884;2.2455;48.8645;2.31416;14
15:35:34.896;48.8763;2.27983;48.8882;2.2455;48.8643;2.31416;14
15:35:34.919;48.8762;2.27983;48.8881;2.2455;48.8642;2.31416;14
15:35:34.919;48.8761;2.27983;48.8881;2.2455;48.8642;2.31416;14
15:35:34.946;48.8761;2.27983;48.888;2.2455;48.8641;2.31416;14
15:35:34.963;48.876;2.27983;48.8879;2.2455;48.8641;2.31416;14
15:35:34.965;48.8759;2.27983;48.8879;2.2455;48.864;2.31416;14
