13:44:09.937;48.8556;2.34661;49.0464;1.79729;48.6642;2.89592;10
13:44:10.062;48.8547;2.34661;49.0455;1.79729;48.6632;2.89592;10
13:44:10.093;48.8538;2.34661;49.0446;1.79729;48.6623;2.89592;10
13:44:10.093;48.8502;2.34661;49.041;1.79729;48.6587;2.89592;10
13:44:10.140;48.8484;2.34661;49.0392;1.79729;48.6569;2.89592;10
13:44:10.140;48.8466;2.34524;49.0374;1.79592;48.6551;2.89455;10
13:44:10.140;48.8448;2.34386;49.0356;1.79455;48.6533;2.89318;10
13:44:10.140;48.843;2.34112;49.0338;1.7918;48.6515;2.89043;10
13:44:10.171;48.8412;2.337;49.032;1.78768;48.6496;2.88631;10
13:44:10.171;48.8412;2.33425;49.032;1.78493;48.6496;2.88356;10
13:44:10.202;48.8412;2.3315;49.032;1.78219;48.6496;2.88082;10
13:44:10.202;48.8412;2.33013;49.032;1.78082;48.6496;2.87944;10
13:44:10.233;48.8412;2.32876;49.032;1.77944;48.6496;2.87807;10
13:44:10.249;48.8412;2.32738;49.032;1.77807;48.6496;2.8767;10
13:44:10.249;48.843;2.32601;49.0338;1.7767;48.6515;2.87532;10
13:44:10.280;48.8439;2.32601;49.0347;1.7767;48.6524;2.87532;10
13:44:10.280;48.8448;2.32601;49.0356;1.7767;48.6533;2.87532;10
13:44:10.280;48.8457;2.32601;49.0365;1.7767;48.6542;2.87532;10
13:44:10.389;48.8475;2.32601;49.0383;1.7767;48.656;2.87532;10
13:44:10.436;48.8484;2.32601;49.0392;1.7767;48.6569;2.87532;10
13:44:10.436;48.8511;2.32601;49.0419;1.7767;48.6596;2.87532;10
13:44:10.436;48.852;2.32601;49.0428;1.7767;48.6605;2.87532;10
13:44:10.436;48.8547;2.32601;49.0455;1.7767;48.6632;2.87532;10
13:44:10.436;48.8556;2.32601;49.0464;1.7767;48.6642;2.87532;10
13:44:10.436;48.8601;2.32601;49.0509;1.7767;48.6687;2.87532;10
13:44:10.436;48.8619;2.32601;49.0527;1.7767;48.6705;2.87532;10
13:44:10.530;48.8674;2.32464;49.0581;1.77532;48.6759;2.87395;10
13:44:10.530;48.8692;2.32464;49.0599;1.77532;48.6778;2.87395;10
13:44:10.530;48.8701;2.32464;49.0608;1.77532;48.6787;2.87395;10
13:44:10.530;48.8728;2.32327;49.0635;1.77395;48.6814;2.87258;10
13:44:10.545;48.8737;2.32327;49.0644;1.77395;48.6823;2.87258;10
13:44:10.545;48.8746;2.32327;49.0653;1.77395;48.6832;2.87258;10
13:44:10.545;48.8755;2.32327;49.0662;1.77395;48.6841;2.87258;10
13:44:10.592;48.8764;2.32327;49.0671;1.77395;48.685;2.87258;10
13:44:10.654;48.8773;2.32327;49.068;1.77395;48.6859;2.87258;10
13:44:10.717;48.8773;2.32601;49.068;1.7767;48.6859;2.87532;10
13:44:10.717;48.8773;2.33013;49.068;1.78082;48.6859;2.87944;10
13:44:10.717;48.8782;2.337;49.0689;1.78768;48.6868;2.88631;10
13:44:10.717;48.8782;2.34386;49.0689;1.79455;48.6868;2.89318;10
13:44:10.748;48.8791;2.3521;49.0698;1.80279;48.6877;2.90142;10
13:44:10.748;48.88;2.36034;49.0707;1.81103;48.6886;2.90965;10
13:44:10.748;48.8809;2.36721;49.0716;1.81789;48.6895;2.91652;10
13:44:10.810;48.8809;2.3782;49.0716;1.82888;48.6895;2.92751;10
13:44:10.873;48.8809;2.37957;49.0716;1.83025;48.6895;2.92888;10
13:44:10.873;48.88;2.37957;49.0707;1.83025;48.6886;2.92888;10
13:44:10.873;48.8791;2.37957;49.0698;1.83025;48.6877;2.92888;10
13:44:10.966;48.8755;2.37957;49.0662;1.83025;48.6841;2.92888;10
13:44:10.966;48.8737;2.37957;49.0644;1.83025;48.6823;2.92888;10
13:44:10.966;48.8647;2.37957;49.0554;1.83025;48.6732;2.92888;10
13:44:10.966;48.8619;2.37957;49.0527;1.83025;48.6705;2.92888;10
13:44:10.966;48.8565;2.37682;49.0473;1.82751;48.6651;2.92613;10
13:44:10.966;48.8538;2.37408;49.0446;1.82476;48.6623;2.92339;10
13:44:10.966;48.852;2.3727;49.0428;1.82339;48.6605;2.92201;10
13:44:10.966;48.8493;2.36996;49.0401;1.82064;48.6578;2.91927;10
13:44:10.998;48.8466;2.36446;49.0374;1.81515;48.6551;2.91377;10
13:44:10.998;48.8457;2.36172;49.0365;1.8124;48.6542;2.91103;10
13:44:11.044;48.8448;2.3576;49.0356;1.80828;48.6533;2.90691;10
13:44:11.044;48.8448;2.35348;49.0356;1.80416;48.6533;2.90279;10
13:44:11.044;48.8448;2.34936;49.0356;1.80004;48.6533;2.89867;10
13:44:11.044;48.8475;2.34524;49.0383;1.79592;48.656;2.89455;10
13:44:11.076;48.8511;2.34249;49.0419;1.79317;48.6596;2.8918;10
13:44:11.122;48.8574;2.33837;49.0482;1.78905;48.666;2.88768;10
13:44:11.122;48.8656;2.337;49.0563;1.78768;48.6741;2.88631;10
13:44:11.200;48.8791;2.337;49.0698;1.78768;48.6877;2.88631;10
13:44:11.200;48.8845;2.33837;49.0752;1.78905;48.6932;2.88768;10
13:44:11.200;48.8872;2.34112;49.0779;1.7918;48.6959;2.89043;10
13:44:11.200;48.8963;2.34936;49.0868;1.80004;48.7049;2.89867;10
13:44:11.200;48.8999;2.35897;49.0905;1.80965;48.7086;2.90828;10
13:44:11.200;48.9026;2.36858;49.0931;1.81927;48.7113;2.91789;10
13:44:11.216;48.9044;2.3782;49.0949;1.82888;48.7131;2.92751;10
13:44:11.216;48.9044;2.38644;49.0949;1.83712;48.7131;2.93575;10
13:44:11.278;48.9044;2.39193;49.0949;1.84261;48.7131;2.94124;10
13:44:11.310;48.9044;2.39605;49.0949;1.84673;48.7131;2.94536;10
13:44:11.310;48.9035;2.39605;49.094;1.84673;48.7122;2.94536;10
13:44:11.310;48.9017;2.39605;49.0923;1.84673;48.7104;2.94536;10
13:44:11.310;48.8981;2.39605;49.0886;1.84673;48.7068;2.94536;10
13:44:11.310;48.8963;2.39468;49.0868;1.84536;48.7049;2.94399;10
13:44:11.310;48.8954;2.3933;49.0859;1.84399;48.704;2.94261;10
13:44:11.310;48.8936;2.39193;49.0841;1.84261;48.7022;2.94124;10
13:44:11.341;48.8909;2.38781;49.0815;1.83849;48.6995;2.93712;10
13:44:11.403;48.8872;2.38094;49.0779;1.83163;48.6959;2.93025;10
13:44:16.208;48.8863;2.38094;49.077;1.83163;48.695;2.93025;10
13:44:16.255;48.8845;2.38094;49.0752;1.83163;48.6932;2.93025;10
13:44:16.255;48.8827;2.38094;49.0734;1.83163;48.6914;2.93025;10
13:44:16.255;48.8818;2.38094;49.0725;1.83163;48.6904;2.93025;10
13:44:16.255;48.8809;2.38094;49.0716;1.83163;48.6895;2.93025;10
13:44:16.255;48.8746;2.38094;49.0653;1.83163;48.6832;2.93025;10
13:44:16.317;48.871;2.38094;49.0617;1.83163;48.6796;2.93025;10
13:44:16.317;48.8665;2.38094;49.0572;1.83163;48.675;2.93025;10
13:44:16.317;48.8619;2.38094;49.0527;1.83163;48.6705;2.93025;10
13:44:16.317;48.8574;2.38094;49.0482;1.83163;48.666;2.93025;10
13:44:16.348;48.8538;2.37957;49.0446;1.83025;48.6623;2.92888;10
13:44:16.348;48.8529;2.3782;49.0437;1.82888;48.6614;2.92751;10
13:44:16.504;48.8538;2.3782;49.0446;1.82888;48.6623;2.92751;10
13:44:23.217;48.8538;2.37682;49.0446;1.82751;48.6623;2.92613;10
13:44:23.295;48.8547;2.37682;49.0455;1.82751;48.6632;2.92613;10
13:44:23.373;48.8556;2.37682;49.0464;1.82751;48.6642;2.92613;10
13:44:23.373;48.8583;2.37682;49.0491;1.82751;48.6669;2.92613;10
13:44:23.373;48.8619;2.37682;49.0527;1.82751;48.6705;2.92613;10
13:44:23.373;48.871;2.37682;49.0617;1.82751;48.6796;2.92613;10
13:44:23.373;48.8872;2.37682;49.0779;1.82751;48.6959;2.92613;10
13:44:23.436;48.8972;2.37682;49.0877;1.82751;48.7059;2.92613;10
13:44:23.467;48.9062;2.37682;49.0967;1.82751;48.7149;2.92613;10
13:44:23.467;48.9125;2.37682;49.103;1.82751;48.7213;2.92613;10
13:44:23.467;48.9134;2.37682;49.1039;1.82751;48.7222;2.92613;10
13:44:23.576;48.9125;2.37682;49.103;1.82751;48.7213;2.92613;10
13:44:23.576;48.9089;2.37682;49.0994;1.82751;48.7176;2.92613;10
13:44:23.576;48.9071;2.37682;49.0976;1.82751;48.7158;2.92613;10
13:44:23.576;48.9053;2.37682;49.0958;1.82751;48.714;2.92613;10
13:44:23.576;48.9035;2.37682;49.094;1.82751;48.7122;2.92613;10
13:44:23.576;48.9017;2.37682;49.0923;1.82751;48.7104;2.92613;10
13:44:23.576;48.9008;2.37545;49.0914;1.82613;48.7095;2.92476;10
13:44:23.607;48.8999;2.37545;49.0905;1.82613;48.7086;2.92476;10
13:44:23.654;48.899;2.37408;49.0896;1.82476;48.7077;2.92339;10
13:44:23.654;48.8981;2.37408;49.0886;1.82476;48.7068;2.92339;10
13:44:23.654;48.8972;2.3727;49.0877;1.82339;48.7059;2.92201;10
13:44:23.654;48.8954;2.3727;49.0859;1.82339;48.704;2.92201;10
13:44:23.654;48.8954;2.37133;49.0859;1.82201;48.704;2.92064;10
13:44:23.654;48.8945;2.37133;49.085;1.82201;48.7031;2.92064;10
13:44:23.732;48.8927;2.37133;49.0832;1.82201;48.7013;2.92064;10
13:44:23.732;48.8899;2.37133;49.0806;1.82201;48.6986;2.92064;10
13:44:23.763;48.889;2.37133;49.0797;1.82201;48.6977;2.92064;10
13:44:29.567;48.889;2.36858;49.0797;1.81927;48.6977;2.91789;10
13:44:29.645;48.889;2.36584;49.0797;1.81652;48.6977;2.91515;10
13:44:29.645;48.889;2.36309;49.0797;1.81377;48.6977;2.9124;10
13:44:29.645;48.889;2.35348;49.0797;1.80416;48.6977;2.90279;10
13:44:29.645;48.889;2.34112;49.0797;1.7918;48.6977;2.89043;10
13:44:29.660;48.889;2.32601;49.0797;1.7767;48.6977;2.87532;10
13:44:29.707;48.889;2.31777;49.0797;1.76846;48.6977;2.86708;10
13:44:29.707;48.889;2.31228;49.0797;1.76296;48.6977;2.86159;10
13:44:29.707;48.889;2.30541;49.0797;1.7561;48.6977;2.85472;10
13:44:29.707;48.889;2.30267;49.0797;1.75335;48.6977;2.85198;10
13:44:29.707;48.889;2.30129;49.0797;1.75198;48.6977;2.8506;10
13:44:29.801;48.889;2.30267;49.0797;1.75335;48.6977;2.85198;10
13:44:29.879;48.889;2.30404;49.0797;1.75472;48.6977;2.85335;10
13:44:29.879;48.8881;2.31091;49.0788;1.76159;48.6968;2.86022;10
13:44:29.879;48.8872;2.3164;49.0779;1.76708;48.6959;2.86571;10
13:44:29.879;48.8845;2.32464;49.0752;1.77532;48.6932;2.87395;10
13:44:29.941;48.8827;2.33288;49.0734;1.78356;48.6914;2.88219;10
13:44:29.941;48.8818;2.33562;49.0725;1.78631;48.6904;2.88494;10
13:44:29.972;48.8782;2.34524;49.0689;1.79592;48.6868;2.89455;10
13:44:29.972;48.8746;2.3521;49.0653;1.80279;48.6832;2.90142;10
13:44:29.972;48.8719;2.35348;49.0626;1.80416;48.6805;2.90279;10
13:44:30.066;48.8701;2.35348;49.0608;1.80416;48.6787;2.90279;10
13:44:30.066;48.8683;2.35348;49.059;1.80416;48.6768;2.90279;10
13:44:30.066;48.8674;2.35348;49.0581;1.80416;48.6759;2.90279;10
13:44:30.066;48.8665;2.35348;49.0572;1.80416;48.675;2.90279;10
13:44:30.066;48.8656;2.35348;49.0563;1.80416;48.6741;2.90279;10
13:44:30.081;48.8647;2.35348;49.0554;1.80416;48.6732;2.90279;10
13:44:30.175;48.8647;2.3521;49.0554;1.80279;48.6732;2.90142;10
13:44:30.175;48.8638;2.3521;49.0545;1.80279;48.6723;2.90142;10
13:44:30.175;48.8638;2.35073;49.0545;1.80141;48.6723;2.90004;10
13:44:30.269;48.8629;2.35073;49.0536;1.80141;48.6714;2.90004;10
13:44:30.269;48.861;2.35073;49.0518;1.80141;48.6696;2.90004;10
13:44:30.269;48.861;2.34936;49.0518;1.80004;48.6696;2.89867;10
13:44:30.269;48.8601;2.34936;49.0509;1.80004;48.6687;2.89867;10
13:44:30.300;48.8592;2.34936;49.05;1.80004;48.6678;2.89867;10
13:44:30.300;48.8583;2.34936;49.0491;1.80004;48.6669;2.89867;10
13:44:30.347;48.8574;2.34936;49.0482;1.80004;48.666;2.89867;10
13:44:30.487;48.8565;2.34936;49.0473;1.80004;48.6651;2.89867;10
13:44:31.158;48.8574;2.34936;49.0482;1.80004;48.666;2.89867;10
13:44:31.189;48.8583;2.34936;49.0491;1.80004;48.6669;2.89867;10
13:44:31.267;48.8592;2.34936;49.05;1.80004;48.6678;2.89867;10
13:44:31.267;48.8601;2.34936;49.0509;1.80004;48.6687;2.89867;10
13:44:31.267;48.8619;2.34936;49.0527;1.80004;48.6705;2.89867;10
13:44:31.267;48.8665;2.34936;49.0572;1.80004;48.675;2.89867;10
13:44:31.267;48.871;2.34936;49.0617;1.80004;48.6796;2.89867;10
13:44:31.329;48.8764;2.34936;49.0671;1.80004;48.685;2.89867;10
13:44:31.329;48.8791;2.34936;49.0698;1.80004;48.6877;2.89867;10
13:44:31.329;48.88;2.34936;49.0707;1.80004;48.6886;2.89867;10
13:44:31.501;48.8809;2.34936;49.0716;1.80004;48.6895;2.89867;10
13:44:31.579;48.8818;2.34936;49.0725;1.80004;48.6904;2.89867;10
13:44:31.579;48.8827;2.34936;49.0734;1.80004;48.6914;2.89867;10
13:44:31.579;48.8854;2.34936;49.0761;1.80004;48.6941;2.89867;10
13:44:31.579;48.8872;2.34936;49.0779;1.80004;48.6959;2.89867;10
13:44:31.673;48.8936;2.34936;49.0841;1.80004;48.7022;2.89867;10
13:44:31.673;48.9017;2.34936;49.0923;1.80004;48.7104;2.89867;10
13:44:31.673;48.9134;2.34661;49.1039;1.79729;48.7222;2.89592;10
13:44:31.673;48.9197;2.34524;49.1102;1.79592;48.7285;2.89455;10
13:44:31.673;48.9224;2.34524;49.1129;1.79592;48.7312;2.89455;10
13:44:31.735;48.9269;2.34386;49.1174;1.79455;48.7358;2.89318;10
13:44:31.735;48.9297;2.34249;49.1201;1.79317;48.7385;2.8918;10
13:44:31.735;48.9315;2.34249;49.1219;1.79317;48.7403;2.8918;10
13:44:31.735;48.9324;2.34249;49.1228;1.79317;48.7412;2.8918;10
13:44:31.766;48.9333;2.34249;49.1237;1.79317;48.7421;2.8918;10
13:44:31.782;48.9342;2.34249;49.1246;1.79317;48.743;2.8918;10
13:44:31.829;48.9351;2.34249;49.1255;1.79317;48.7439;2.8918;10
13:44:33.170;48.8551;2.35133;49.0458;1.80202;48.6636;2.90064;10
13:44:33.170;48.8551;2.35133;48.867;2.317;48.8431;2.38566;14
13:44:33.170;48.8551;2.35133;48.867;2.317;48.8431;2.38566;14
13:44:33.170;48.8551;2.35133;48.867;2.317;48.8431;2.38566;14
13:44:46.711;48.855;2.35133;48.8669;2.317;48.8431;2.38566;14
13:44:46.711;48.855;2.35133;48.8669;2.317;48.8431;2.38566;14
13:44:46.711;48.855;2.35133;48.8669;2.317;48.8431;2.38566;14
13:44:46.789;48.855;2.35142;48.8669;2.31709;48.8431;2.38574;14
13:44:46.789;48.855;2.35142;48.8669;2.31709;48.8431;2.38574;14
13:44:46.789;48.855;2.35142;48.8669;2.31709;48.8431;2.38574;14
13:44:46.883;48.855;2.3515;48.8669;2.31717;48.8431;2.38582;14
13:44:46.883;48.855;2.3515;48.8669;2.31717;48.8431;2.38582;14
13:44:46.883;48.855;2.3515;48.8669;2.31717;48.8431;2.38582;14
13:44:47.101;48.855;2.35159;48.8669;2.31726;48.8431;2.38592;14
13:44:47.101;48.855;2.35159;48.8669;2.31726;48.8431;2.38592;14
13:44:47.101;48.855;2.35159;48.8669;2.31726;48.8431;2.38592;14
13:44:47.475;48.855;2.35168;48.8669;2.31735;48.8431;2.38601;14
13:44:47.475;48.855;2.35168;48.8669;2.31735;48.8431;2.38601;14
13:44:47.475;48.855;2.35168;48.8669;2.31735;48.8431;2.38601;14
13:44:47.678;48.855;2.35176;48.8669;2.31743;48.8431;2.38609;14
13:44:47.678;48.855;2.35176;48.8669;2.31743;48.8431;2.38609;14
13:44:47.678;48.855;2.35176;48.8669;2.31743;48.8431;2.38609;14
13:44:47.756;48.855;2.35185;48.8669;2.31752;48.8431;2.38618;14
13:44:47.756;48.855;2.35185;48.8669;2.31752;48.8431;2.38618;14
13:44:47.756;48.855;2.35185;48.8669;2.31752;48.8431;2.38618;14
13:44:47.943;48.855;2.35193;48.8669;2.3176;48.8431;2.38626;14
13:44:47.943;48.855;2.35193;48.8669;2.3176;48.8431;2.38626;14
13:44:47.943;48.855;2.35193;48.8669;2.3176;48.8431;2.38626;14
13:44:48.084;48.855;2.35202;48.8669;2.31769;48.8431;2.38635;14
13:44:48.084;48.855;2.35202;48.8669;2.31769;48.8431;2.38635;14
13:44:48.084;48.855;2.35202;48.8669;2.31769;48.8431;2.38635;14
13:44:48.193;48.855;2.3521;48.8669;2.31777;48.8431;2.38643;14
13:44:48.193;48.855;2.3521;48.8669;2.31777;48.8431;2.38643;14
13:44:48.193;48.855;2.3521;48.8669;2.31777;48.8431;2.38643;14
13:44:48.333;48.8551;2.3521;48.867;2.31777;48.8431;2.38643;14
13:44:48.349;48.8551;2.3521;48.867;2.31777;48.8431;2.38643;14
13:44:48.349;48.8551;2.3521;48.867;2.31777;48.8431;2.38643;14
13:44:48.380;48.8551;2.35219;48.867;2.31786;48.8431;2.38652;14
13:44:48.380;48.8551;2.35219;48.867;2.31786;48.8431;2.38652;14
13:44:48.380;48.8551;2.35219;48.867;2.31786;48.8431;2.38652;14
13:44:48.380;48.8551;2.35228;48.8671;2.31795;48.8432;2.38661;14
13:44:48.380;48.8551;2.35228;48.8671;2.31795;48.8432;2.38661;14
13:44:48.380;48.8551;2.35228;48.8671;2.31795;48.8432;2.38661;14
13:44:48.505;48.8552;2.35245;48.8671;2.31812;48.8432;2.38677;14
13:44:48.505;48.8552;2.35245;48.8671;2.31812;48.8432;2.38677;14
13:44:48.505;48.8552;2.35245;48.8671;2.31812;48.8432;2.38677;14
13:44:48.801;48.8552;2.35253;48.8671;2.3182;48.8432;2.38685;14
13:44:48.801;48.8552;2.35253;48.8671;2.3182;48.8432;2.38685;14
13:44:48.801;48.8552;2.35253;48.8671;2.3182;48.8432;2.38685;14
13:44:48.957;48.8552;2.35262;48.8671;2.31829;48.8432;2.38695;14
13:44:48.957;48.8552;2.35262;48.8671;2.31829;48.8432;2.38695;14
13:44:48.957;48.8552;2.35262;48.8671;2.31829;48.8432;2.38695;14
13:44:49.035;48.8552;2.35271;48.8671;2.31838;48.8432;2.38704;14
13:44:49.035;48.8552;2.35271;48.8671;2.31838;48.8432;2.38704;14
13:44:49.035;48.8552;2.35271;48.8671;2.31838;48.8432;2.38704;14
13:44:49.160;48.8552;2.35279;48.8671;2.31846;48.8432;2.38712;14
13:44:49.160;48.8552;2.35279;48.8671;2.31846;48.8432;2.38712;14
13:44:49.160;48.8552;2.35279;48.8671;2.31846;48.8432;2.38712;14
13:44:49.238;48.8552;2.35288;48.8671;2.31855;48.8432;2.38721;14
13:44:49.238;48.8552;2.35288;48.8671;2.31855;48.8432;2.38721;14
13:44:49.238;48.8552;2.35288;48.8671;2.31855;48.8432;2.38721;14
13:44:49.332;48.8552;2.35288;48.8672;2.31855;48.8433;2.38721;14
13:44:49.332;48.8552;2.35288;48.8672;2.31855;48.8433;2.38721;14
13:44:49.332;48.8552;2.35288;48.8672;2.31855;48.8433;2.38721;14
13:44:49.363;48.8552;2.35296;48.8672;2.31863;48.8433;2.38729;14
13:44:49.363;48.8552;2.35296;48.8672;2.31863;48.8433;2.38729;14
13:44:49.363;48.8552;2.35296;48.8672;2.31863;48.8433;2.38729;14
13:44:49.441;48.8552;2.35305;48.8672;2.31872;48.8433;2.38738;14
13:44:49.441;48.8552;2.35305;48.8672;2.31872;48.8433;2.38738;14
13:44:49.441;48.8552;2.35305;48.8672;2.31872;48.8433;2.38738;14
13:44:49.566;48.8552;2.35313;48.8672;2.3188;48.8433;2.38746;14
13:44:49.566;48.8552;2.35313;48.8672;2.3188;48.8433;2.38746;14
13:44:49.566;48.8552;2.35313;48.8672;2.3188;48.8433;2.38746;14
13:44:49.925;48.8552;2.35322;48.8672;2.31889;48.8433;2.38755;14
13:44:49.940;48.8552;2.35322;48.8672;2.31889;48.8433;2.38755;14
13:44:49.940;48.8552;2.35322;48.8672;2.31889;48.8433;2.38755;14
13:44:49.956;48.8553;2.35322;48.8672;2.31889;48.8433;2.38755;14
13:44:49.956;48.8553;2.35322;48.8672;2.31889;48.8433;2.38755;14
13:44:49.956;48.8553;2.35322;48.8672;2.31889;48.8433;2.38755;14
13:44:49.956;48.8553;2.35331;48.8672;2.31898;48.8433;2.38764;14
13:44:49.956;48.8553;2.35331;48.8672;2.31898;48.8433;2.38764;14
13:44:49.956;48.8553;2.35331;48.8672;2.31898;48.8433;2.38764;14
13:44:50.096;48.8553;2.35331;48.8673;2.31898;48.8434;2.38764;14
13:44:50.096;48.8553;2.35331;48.8673;2.31898;48.8434;2.38764;14
13:44:50.096;48.8553;2.35331;48.8673;2.31898;48.8434;2.38764;14
13:44:50.205;48.8553;2.35339;48.8673;2.31906;48.8434;2.38772;14
13:44:50.205;48.8553;2.35339;48.8673;2.31906;48.8434;2.38772;14
13:44:50.205;48.8553;2.35339;48.8673;2.31906;48.8434;2.38772;14
13:44:50.377;48.8553;2.35348;48.8673;2.31915;48.8434;2.3878;14
13:44:50.377;48.8553;2.35348;48.8673;2.31915;48.8434;2.3878;14
13:44:50.377;48.8553;2.35348;48.8673;2.31915;48.8434;2.3878;14
13:44:50.471;48.8554;2.35348;48.8673;2.31915;48.8434;2.3878;14
13:44:50.471;48.8554;2.35348;48.8673;2.31915;48.8434;2.3878;14
13:44:50.471;48.8554;2.35348;48.8673;2.31915;48.8434;2.3878;14
13:44:50.751;48.8554;2.35356;48.8673;2.31923;48.8434;2.38788;14
13:44:50.751;48.8554;2.35356;48.8673;2.31923;48.8434;2.38788;14
13:44:50.751;48.8554;2.35356;48.8673;2.31923;48.8434;2.38788;14
13:44:50.829;48.8554;2.35365;48.8673;2.31932;48.8434;2.38798;14
13:44:50.829;48.8554;2.35365;48.8673;2.31932;48.8434;2.38798;14
13:44:50.829;48.8554;2.35365;48.8673;2.31932;48.8434;2.38798;14
13:44:51.063;48.8554;2.35373;48.8673;2.3194;48.8434;2.38806;14
13:44:51.063;48.8554;2.35373;48.8673;2.3194;48.8434;2.38806;14
13:44:51.063;48.8554;2.35373;48.8673;2.3194;48.8434;2.38806;14
13:44:51.266;48.8554;2.35373;48.8674;2.3194;48.8435;2.38806;14
13:44:51.266;48.8554;2.35373;48.8674;2.3194;48.8435;2.38806;14
13:44:51.266;48.8554;2.35373;48.8674;2.3194;48.8435;2.38806;14
13:44:51.500;48.8554;2.35382;48.8674;2.31949;48.8435;2.38815;14
13:44:51.500;48.8554;2.35382;48.8674;2.31949;48.8435;2.38815;14
13:44:51.500;48.8554;2.35382;48.8674;2.31949;48.8435;2.38815;14
13:44:51.547;48.8555;2.35382;48.8675;2.31949;48.8436;2.38815;14
13:44:51.547;48.8555;2.35382;48.8675;2.31949;48.8436;2.38815;14
13:44:51.547;48.8555;2.35382;48.8675;2.31949;48.8436;2.38815;14
13:44:51.547;48.8555;2.35391;48.8675;2.31958;48.8436;2.38824;14
13:44:51.547;48.8555;2.35391;48.8675;2.31958;48.8436;2.38824;14
13:44:51.547;48.8555;2.35391;48.8675;2.31958;48.8436;2.38824;14
13:44:51.703;48.8556;2.35399;48.8675;2.31966;48.8436;2.38832;14
13:44:51.703;48.8556;2.35399;48.8675;2.31966;48.8436;2.38832;14
13:44:51.703;48.8556;2.35399;48.8675;2.31966;48.8436;2.38832;14
13:44:51.781;48.8556;2.35399;48.8676;2.31966;48.8437;2.38832;14
13:44:51.781;48.8556;2.35399;48.8676;2.31966;48.8437;2.38832;14
13:44:51.781;48.8556;2.35399;48.8676;2.31966;48.8437;2.38832;14
13:44:51.906;48.8556;2.35408;48.8676;2.31975;48.8437;2.38841;14
13:44:51.906;48.8556;2.35408;48.8676;2.31975;48.8437;2.38841;14
13:44:51.906;48.8556;2.35408;48.8676;2.31975;48.8437;2.38841;14
13:44:52.062;48.8556;2.35416;48.8676;2.31983;48.8437;2.38849;14
13:44:52.062;48.8556;2.35416;48.8676;2.31983;48.8437;2.38849;14
13:44:52.062;48.8556;2.35416;48.8676;2.31983;48.8437;2.38849;14
13:44:52.155;48.8556;2.35425;48.8676;2.31992;48.8437;2.38858;14
13:44:52.155;48.8556;2.35425;48.8676;2.31992;48.8437;2.38858;14
13:44:52.155;48.8556;2.35425;48.8676;2.31992;48.8437;2.38858;14
13:44:52.233;48.8557;2.35434;48.8676;2.32001;48.8437;2.38867;14
13:44:52.233;48.8557;2.35434;48.8676;2.32001;48.8437;2.38867;14
13:44:52.233;48.8557;2.35434;48.8676;2.32001;48.8437;2.38867;14
13:44:52.327;48.8557;2.35442;48.8676;2.32009;48.8437;2.38875;14
13:44:52.327;48.8557;2.35442;48.8676;2.32009;48.8437;2.38875;14
13:44:52.327;48.8557;2.35442;48.8676;2.32009;48.8437;2.38875;14
13:44:52.483;48.8557;2.35442;48.8677;2.32009;48.8438;2.38875;14
13:44:52.483;48.8557;2.35442;48.8677;2.32009;48.8438;2.38875;14
13:44:52.483;48.8557;2.35442;48.8677;2.32009;48.8438;2.38875;14
13:44:52.483;48.8557;2.35451;48.8677;2.32018;48.8438;2.38883;14
13:44:52.483;48.8557;2.35451;48.8677;2.32018;48.8438;2.38883;14
13:44:52.483;48.8557;2.35451;48.8677;2.32018;48.8438;2.38883;14
13:44:52.655;48.8557;2.35459;48.8677;2.32026;48.8438;2.38891;14
13:44:52.655;48.8557;2.35459;48.8677;2.32026;48.8438;2.38891;14
13:44:52.655;48.8557;2.35459;48.8677;2.32026;48.8438;2.38891;14
13:44:52.686;48.8558;2.35459;48.8677;2.32026;48.8438;2.38891;14
13:44:52.686;48.8558;2.35459;48.8677;2.32026;48.8438;2.38891;14
13:44:52.686;48.8558;2.35459;48.8677;2.32026;48.8438;2.38891;14
13:44:52.826;48.8558;2.35468;48.8677;2.32035;48.8438;2.38901;14
13:44:52.826;48.8558;2.35468;48.8677;2.32035;48.8438;2.38901;14
13:44:52.826;48.8558;2.35468;48.8677;2.32035;48.8438;2.38901;14
13:44:52.951;48.8558;2.35476;48.8677;2.32043;48.8438;2.38909;14
13:44:52.951;48.8558;2.35476;48.8677;2.32043;48.8438;2.38909;14
13:44:52.951;48.8558;2.35476;48.8677;2.32043;48.8438;2.38909;14
13:44:52.998;48.8558;2.35485;48.8677;2.32052;48.8438;2.38918;14
13:44:52.998;48.8558;2.35485;48.8677;2.32052;48.8438;2.38918;14
13:44:52.998;48.8558;2.35485;48.8677;2.32052;48.8438;2.38918;14
13:44:53.091;48.8559;2.35485;48.8678;2.32052;48.8439;2.38918;14
13:44:53.091;48.8559;2.35485;48.8678;2.32052;48.8439;2.38918;14
13:44:53.091;48.8559;2.35485;48.8678;2.32052;48.8439;2.38918;14
13:44:53.169;48.8559;2.35494;48.8678;2.32061;48.8439;2.38927;14
13:44:53.169;48.8559;2.35494;48.8678;2.32061;48.8439;2.38927;14
13:44:53.169;48.8559;2.35494;48.8678;2.32061;48.8439;2.38927;14
13:44:53.294;48.8559;2.35502;48.8678;2.32069;48.8439;2.38935;14
13:44:53.294;48.8559;2.35502;48.8678;2.32069;48.8439;2.38935;14
13:44:53.294;48.8559;2.35502;48.8678;2.32069;48.8439;2.38935;14
13:44:53.372;48.8559;2.35511;48.8678;2.32078;48.8439;2.38944;14
13:44:53.372;48.8559;2.35511;48.8678;2.32078;48.8439;2.38944;14
13:44:53.372;48.8559;2.35511;48.8678;2.32078;48.8439;2.38944;14
13:44:53.372;48.8559;2.35511;48.8678;2.32078;48.844;2.38944;14
13:44:53.372;48.8559;2.35511;48.8678;2.32078;48.844;2.38944;14
13:44:53.372;48.8559;2.35511;48.8678;2.32078;48.844;2.38944;14
13:44:53.450;48.8559;2.35519;48.8678;2.32086;48.844;2.38952;14
13:44:53.450;48.8559;2.35519;48.8678;2.32086;48.844;2.38952;14
13:44:53.450;48.8559;2.35519;48.8678;2.32086;48.844;2.38952;14
13:44:53.575;48.8559;2.35528;48.8678;2.32095;48.844;2.38961;14
13:44:53.575;48.8559;2.35528;48.8678;2.32095;48.844;2.38961;14
13:44:53.575;48.8559;2.35528;48.8678;2.32095;48.844;2.38961;14
13:44:55.026;48.8559;2.35537;48.8678;2.32104;48.844;2.3897;14
13:44:55.026;48.8559;2.35537;48.8678;2.32104;48.844;2.3897;14
13:44:55.026;48.8559;2.35537;48.8678;2.32104;48.844;2.3897;14
13:44:55.026;48.8559;2.35545;48.8678;2.32112;48.844;2.38978;14
13:44:55.026;48.8559;2.35545;48.8678;2.32112;48.844;2.38978;14
13:44:55.026;48.8559;2.35545;48.8678;2.32112;48.844;2.38978;14
13:44:55.275;48.8559;2.35554;48.8678;2.32121;48.844;2.38986;14
13:44:55.275;48.8559;2.35554;48.8678;2.32121;48.844;2.38986;14
13:44:55.275;48.8559;2.35554;48.8678;2.32121;48.844;2.38986;14
13:44:55.275;48.8559;2.35562;48.8678;2.32129;48.844;2.38994;14
13:44:55.275;48.8559;2.35562;48.8678;2.32129;48.844;2.38994;14
13:44:55.275;48.8559;2.35562;48.8678;2.32129;48.844;2.38994;14
13:44:55.275;48.8559;2.35571;48.8678;2.32138;48.844;2.39004;14
13:44:55.275;48.8559;2.35571;48.8678;2.32138;48.844;2.39004;14
13:44:55.275;48.8559;2.35571;48.8678;2.32138;48.844;2.39004;14
13:44:55.275;48.8559;2.35579;48.8678;2.32146;48.844;2.39012;14
13:44:55.275;48.8559;2.35579;48.8678;2.32146;48.844;2.39012;14
13:44:55.275;48.8559;2.35579;48.8678;2.32146;48.844;2.39012;14
13:44:55.275;48.8559;2.35588;48.8678;2.32155;48.844;2.39021;14
13:44:55.275;48.8559;2.35588;48.8678;2.32155;48.844;2.39021;14
13:44:55.275;48.8559;2.35588;48.8678;2.32155;48.844;2.39021;14
13:44:55.275;48.8559;2.35597;48.8678;2.32164;48.844;2.3903;14
13:44:55.275;48.8559;2.35597;48.8678;2.32164;48.844;2.3903;14
13:44:55.275;48.8559;2.35597;48.8678;2.32164;48.844;2.3903;14
13:44:55.275;48.8559;2.35605;48.8678;2.32172;48.844;2.39038;14
13:44:55.275;48.8559;2.35605;48.8678;2.32172;48.844;2.39038;14
13:44:55.275;48.8559;2.35605;48.8678;2.32172;48.844;2.39038;14
13:44:55.275;48.856;2.35605;48.8679;2.32172;48.844;2.39038;14
13:44:55.275;48.856;2.35605;48.8679;2.32172;48.844;2.39038;14
13:44:55.275;48.856;2.35605;48.8679;2.32172;48.844;2.39038;14
13:44:55.275;48.856;2.35622;48.8679;2.32189;48.844;2.39055;14
13:44:55.275;48.856;2.35622;48.8679;2.32189;48.844;2.39055;14
13:44:55.275;48.856;2.35622;48.8679;2.32189;48.844;2.39055;14
13:44:55.275;48.856;2.35631;48.8679;2.32198;48.844;2.39064;14
13:44:55.275;48.856;2.35631;48.8679;2.32198;48.844;2.39064;14
13:44:55.275;48.856;2.35631;48.8679;2.32198;48.844;2.39064;14
13:44:55.275;48.856;2.3564;48.8679;2.32207;48.844;2.39073;14
13:44:55.275;48.856;2.3564;48.8679;2.32207;48.844;2.39073;14
13:44:55.275;48.856;2.3564;48.8679;2.32207;48.844;2.39073;14
13:44:55.275;48.8561;2.35682;48.868;2.32249;48.8441;2.39115;14
13:44:55.275;48.8561;2.35682;48.868;2.32249;48.8441;2.39115;14
13:44:55.275;48.8561;2.35682;48.868;2.32249;48.8441;2.39115;14
13:44:55.619;48.8561;2.35725;48.8681;2.32292;48.8442;2.39158;14
13:44:55.619;48.8561;2.35725;48.8681;2.32292;48.8442;2.39158;14
13:44:55.619;48.8561;2.35725;48.8681;2.32292;48.8442;2.39158;14
13:44:55.619;48.8562;2.35725;48.8681;2.32292;48.8442;2.39158;14
13:44:55.619;48.8562;2.35725;48.8681;2.32292;48.8442;2.39158;14
13:44:55.619;48.8562;2.35725;48.8681;2.32292;48.8442;2.39158;14
13:44:55.619;48.8562;2.35734;48.8681;2.32301;48.8442;2.39167;14
13:44:55.619;48.8562;2.35734;48.8681;2.32301;48.8442;2.39167;14
13:44:55.619;48.8562;2.35734;48.8681;2.32301;48.8442;2.39167;14
13:44:55.650;48.8562;2.35743;48.8681;2.3231;48.8442;2.39176;14
13:44:55.650;48.8562;2.35743;48.8681;2.3231;48.8442;2.39176;14
13:44:55.650;48.8562;2.35743;48.8681;2.3231;48.8442;2.39176;14
13:44:55.790;48.8562;2.35751;48.8682;2.32318;48.8443;2.39184;14
13:44:55.790;48.8562;2.35751;48.8682;2.32318;48.8443;2.39184;14
13:44:55.790;48.8562;2.35751;48.8682;2.32318;48.8443;2.39184;14
13:44:56.118;48.8563;2.35751;48.8682;2.32318;48.8444;2.39184;14
13:44:56.118;48.8563;2.35751;48.8682;2.32318;48.8444;2.39184;14
13:44:56.118;48.8563;2.35751;48.8682;2.32318;48.8444;2.39184;14
13:44:56.118;48.8563;2.3576;48.8682;2.32327;48.8444;2.39192;14
13:44:56.118;48.8563;2.3576;48.8682;2.32327;48.8444;2.39192;14
13:44:56.118;48.8563;2.3576;48.8682;2.32327;48.8444;2.39192;14
13:44:56.118;48.8563;2.35768;48.8682;2.32335;48.8444;2.392;14
13:44:56.118;48.8563;2.35768;48.8682;2.32335;48.8444;2.392;14
13:44:56.118;48.8563;2.35768;48.8682;2.32335;48.8444;2.392;14
13:44:56.461;48.8563;2.35777;48.8682;2.32344;48.8444;2.3921;14
13:44:56.461;48.8563;2.35777;48.8682;2.32344;48.8444;2.3921;14
13:44:56.461;48.8563;2.35777;48.8682;2.32344;48.8444;2.3921;14
13:44:56.461;48.8563;2.35785;48.8683;2.32352;48.8444;2.39218;14
13:44:56.461;48.8563;2.35785;48.8683;2.32352;48.8444;2.39218;14
13:44:56.461;48.8563;2.35785;48.8683;2.32352;48.8444;2.39218;14
13:44:56.461;48.8564;2.35794;48.8684;2.32361;48.8445;2.39227;14
13:44:56.461;48.8564;2.35794;48.8684;2.32361;48.8445;2.39227;14
13:44:56.461;48.8564;2.35794;48.8684;2.32361;48.8445;2.39227;14
13:44:56.477;48.8564;2.35803;48.8684;2.3237;48.8445;2.39236;14
13:44:56.477;48.8564;2.35803;48.8684;2.3237;48.8445;2.39236;14
13:44:56.477;48.8564;2.35803;48.8684;2.3237;48.8445;2.39236;14
13:44:56.477;48.8565;2.35803;48.8684;2.3237;48.8445;2.39236;14
13:44:56.477;48.8565;2.35803;48.8684;2.3237;48.8445;2.39236;14
13:44:56.477;48.8565;2.35803;48.8684;2.3237;48.8445;2.39236;14
13:44:56.477;48.8565;2.35811;48.8685;2.32378;48.8446;2.39244;14
13:44:56.477;48.8565;2.35811;48.8685;2.32378;48.8446;2.39244;14
13:44:56.477;48.8565;2.35811;48.8685;2.32378;48.8446;2.39244;14
13:44:56.820;48.8565;2.3582;48.8685;2.32387;48.8446;2.39253;14
13:44:56.820;48.8565;2.3582;48.8685;2.32387;48.8446;2.39253;14
13:44:56.820;48.8565;2.3582;48.8685;2.32387;48.8446;2.39253;14
13:44:56.820;48.8566;2.3582;48.8685;2.32387;48.8446;2.39253;14
13:44:56.820;48.8566;2.3582;48.8685;2.32387;48.8446;2.39253;14
13:44:56.820;48.8566;2.3582;48.8685;2.32387;48.8446;2.39253;14
13:44:56.835;48.8566;2.35828;48.8685;2.32395;48.8446;2.39261;14
13:44:56.835;48.8566;2.35828;48.8685;2.32395;48.8446;2.39261;14
13:44:56.835;48.8566;2.35828;48.8685;2.32395;48.8446;2.39261;14
13:44:56.835;48.8566;2.35837;48.8685;2.32404;48.8446;2.3927;14
13:44:56.835;48.8566;2.35837;48.8685;2.32404;48.8446;2.3927;14
13:44:56.835;48.8566;2.35837;48.8685;2.32404;48.8446;2.3927;14
13:44:56.835;48.8566;2.35837;48.8686;2.32404;48.8447;2.3927;14
13:44:56.835;48.8566;2.35837;48.8686;2.32404;48.8447;2.3927;14
13:44:56.835;48.8566;2.35837;48.8686;2.32404;48.8447;2.3927;14
13:44:56.835;48.8567;2.35846;48.8686;2.32413;48.8447;2.39279;14
13:44:56.835;48.8567;2.35846;48.8686;2.32413;48.8447;2.39279;14
13:44:56.835;48.8567;2.35846;48.8686;2.32413;48.8447;2.39279;14
13:44:56.835;48.8567;2.35854;48.8686;2.32421;48.8447;2.39287;14
13:44:56.835;48.8567;2.35854;48.8686;2.32421;48.8447;2.39287;14
13:44:56.835;48.8567;2.35854;48.8686;2.32421;48.8447;2.39287;14
13:44:56.835;48.8568;2.35888;48.8688;2.32455;48.8449;2.39321;14
13:44:56.835;48.8568;2.35888;48.8688;2.32455;48.8449;2.39321;14
13:44:56.835;48.8568;2.35888;48.8688;2.32455;48.8449;2.39321;14
13:44:57.288;48.8568;2.35897;48.8688;2.32464;48.8449;2.3933;14
13:44:57.288;48.8568;2.35897;48.8688;2.32464;48.8449;2.3933;14
13:44:57.288;48.8568;2.35897;48.8688;2.32464;48.8449;2.3933;14
13:44:57.288;48.8569;2.35897;48.8688;2.32464;48.8449;2.3933;14
13:44:57.288;48.8569;2.35897;48.8688;2.32464;48.8449;2.3933;14
13:44:57.288;48.8569;2.35897;48.8688;2.32464;48.8449;2.3933;14
13:44:57.288;48.8569;2.35906;48.8689;2.32473;48.845;2.39339;14
13:44:57.288;48.8569;2.35906;48.8689;2.32473;48.845;2.39339;14
13:44:57.288;48.8569;2.35906;48.8689;2.32473;48.845;2.39339;14
13:44:57.288;48.8569;2.35914;48.8689;2.32481;48.845;2.39347;14
13:44:57.288;48.8569;2.35914;48.8689;2.32481;48.845;2.39347;14
13:44:57.288;48.8569;2.35914;48.8689;2.32481;48.845;2.39347;14
13:44:57.288;48.857;2.35923;48.8689;2.3249;48.845;2.39356;14
13:44:57.288;48.857;2.35923;48.8689;2.3249;48.845;2.39356;14
13:44:57.288;48.857;2.35923;48.8689;2.3249;48.845;2.39356;14
13:44:57.288;48.857;2.35931;48.8689;2.32498;48.845;2.39364;14
13:44:57.288;48.857;2.35931;48.8689;2.32498;48.845;2.39364;14
13:44:57.288;48.857;2.35931;48.8689;2.32498;48.845;2.39364;14
13:44:57.288;48.8571;2.3594;48.869;2.32507;48.8451;2.39373;14
13:44:57.288;48.8571;2.3594;48.869;2.32507;48.8451;2.39373;14
13:44:57.288;48.8571;2.3594;48.869;2.32507;48.8451;2.39373;14
13:44:57.288;48.8571;2.35949;48.869;2.32516;48.8451;2.39382;14
13:44:57.288;48.8571;2.35949;48.869;2.32516;48.8451;2.39382;14
13:44:57.288;48.8571;2.35949;48.869;2.32516;48.8451;2.39382;14
13:44:57.288;48.8571;2.35957;48.8691;2.32524;48.8452;2.3939;14
13:44:57.288;48.8571;2.35957;48.8691;2.32524;48.8452;2.3939;14
13:44:57.288;48.8571;2.35957;48.8691;2.32524;48.8452;2.3939;14
13:44:57.288;48.8571;2.35966;48.8691;2.32533;48.8452;2.39398;14
13:44:57.288;48.8571;2.35966;48.8691;2.32533;48.8452;2.39398;14
13:44:57.288;48.8571;2.35966;48.8691;2.32533;48.8452;2.39398;14
13:44:57.288;48.8572;2.35983;48.8691;2.3255;48.8453;2.39416;14
13:44:57.288;48.8572;2.35983;48.8691;2.3255;48.8453;2.39416;14
13:44:57.288;48.8572;2.35983;48.8691;2.3255;48.8453;2.39416;14
13:44:57.288;48.8572;2.35991;48.8691;2.32558;48.8453;2.39424;14
13:44:57.288;48.8572;2.35991;48.8691;2.32558;48.8453;2.39424;14
13:44:57.288;48.8572;2.35991;48.8691;2.32558;48.8453;2.39424;14
13:44:57.288;48.8573;2.35991;48.8692;2.32558;48.8453;2.39424;14
13:44:57.288;48.8573;2.35991;48.8692;2.32558;48.8453;2.39424;14
13:44:57.303;48.8573;2.35991;48.8692;2.32558;48.8453;2.39424;14
13:44:57.303;48.8573;2.36;48.8693;2.32567;48.8454;2.39433;14
