14:08:46.604;48.8547;2.34661;48.9502;2.07195;48.7591;2.62126;11
14:08:46.604;48.8547;2.34661;48.9502;2.07195;48.7591;2.62126;11
14:08:46.635;48.8547;2.34661;48.9025;2.20928;48.8069;2.48393;12
14:08:46.635;48.8547;2.34661;48.9025;2.20928;48.8069;2.48393;12
14:08:46.807;48.8547;2.34661;48.8786;2.27795;48.8308;2.41527;13
14:08:46.807;48.8547;2.34661;48.8786;2.27795;48.8308;2.41527;13
14:08:47.010;48.8547;2.34661;48.8667;2.31228;48.8428;2.38094;14
14:08:47.010;48.8547;2.34661;48.8667;2.31228;48.8428;2.38094;14
14:08:47.587;48.8546;2.34661;48.8666;2.31228;48.8427;2.38094;14
14:08:47.649;48.8544;2.34661;48.8663;2.31228;48.8424;2.38094;14
14:08:47.649;48.8536;2.3467;48.8656;2.31236;48.8417;2.38102;14
14:08:47.649;48.8528;2.34695;48.8647;2.31262;48.8409;2.38128;14
14:08:47.649;48.8523;2.34704;48.8642;2.31271;48.8404;2.38137;14
14:08:47.649;48.8518;2.34713;48.8638;2.31279;48.8399;2.38145;14
14:08:47.727;48.8512;2.3473;48.8632;2.31297;48.8393;2.38162;14
14:08:47.727;48.851;2.3473;48.8629;2.31297;48.8391;2.38162;14
14:08:47.727;48.8508;2.34738;48.8628;2.31305;48.8389;2.38171;14
14:08:47.727;48.8507;2.34738;48.8626;2.31305;48.8387;2.38171;14
14:08:47.727;48.8504;2.34738;48.8624;2.31305;48.8385;2.38171;14
14:08:47.727;48.8503;2.34738;48.8623;2.31305;48.8384;2.38171;14
14:08:47.758;48.8503;2.34738;48.8622;2.31305;48.8383;2.38171;14
14:08:47.883;48.8504;2.34738;48.8623;2.31305;48.8384;2.38171;14
14:08:47.946;48.8506;2.34738;48.8625;2.31305;48.8386;2.38171;14
14:08:47.946;48.8516;2.34721;48.8635;2.31288;48.8397;2.38154;14
14:08:47.946;48.8532;2.34678;48.8652;2.31245;48.8413;2.38111;14
14:08:47.946;48.8544;2.3467;48.8664;2.31236;48.8425;2.38102;14
14:08:47.946;48.8557;2.34644;48.8677;2.31211;48.8438;2.38077;14
14:08:47.946;48.8573;2.34618;48.8692;2.31185;48.8453;2.38051;14
14:08:48.039;48.8599;2.34592;48.8718;2.31159;48.8479;2.38025;14
14:08:48.039;48.8627;2.34541;48.8746;2.31108;48.8507;2.37974;14
14:08:48.039;48.8634;2.34532;48.8753;2.31099;48.8514;2.37965;14
14:08:48.039;48.8662;2.34472;48.8782;2.31039;48.8543;2.37905;14
14:08:48.039;48.8676;2.34438;48.8796;2.31005;48.8557;2.37871;14
14:08:48.039;48.8687;2.34421;48.8807;2.30988;48.8568;2.37853;14
14:08:48.102;48.8697;2.34395;48.8817;2.30962;48.8578;2.37828;14
14:08:48.102;48.8703;2.34386;48.8822;2.30953;48.8584;2.37819;14
14:08:48.102;48.8705;2.34378;48.8825;2.30945;48.8586;2.37811;14
14:08:48.102;48.8706;2.34369;48.8826;2.30936;48.8587;2.37802;14
14:08:48.180;48.8705;2.34378;48.8825;2.30945;48.8586;2.37811;14
14:08:48.242;48.8704;2.34378;48.8823;2.30945;48.8584;2.37811;14
14:08:48.242;48.8694;2.34395;48.8813;2.30962;48.8575;2.37828;14
14:08:48.242;48.8683;2.34421;48.8802;2.30988;48.8563;2.37853;14
14:08:48.242;48.8675;2.34438;48.8795;2.31005;48.8556;2.37871;14
14:08:48.242;48.8653;2.34464;48.8773;2.3103;48.8534;2.37896;14
14:08:48.273;48.8623;2.34472;48.8742;2.31039;48.8503;2.37905;14
14:08:48.585;48.8631;2.34472;48.8751;2.31039;48.8512;2.37905;14
14:08:48.585;48.8641;2.34472;48.876;2.31039;48.8521;2.37905;14
14:08:48.648;48.8657;2.34472;48.8777;2.31039;48.8538;2.37905;14
14:08:48.648;48.8683;2.34472;48.8803;2.31039;48.8564;2.37905;14
14:08:48.648;48.8688;2.34472;48.8807;2.31039;48.8568;2.37905;14
14:08:48.648;48.8704;2.34472;48.8823;2.31039;48.8584;2.37905;14
14:08:48.710;48.8715;2.34472;48.8835;2.31039;48.8596;2.37905;14
14:08:48.710;48.8717;2.34472;48.8837;2.31039;48.8598;2.37905;14
14:08:48.710;48.8723;2.34472;48.8842;2.31039;48.8603;2.37905;14
14:08:48.710;48.8725;2.34472;48.8844;2.31039;48.8605;2.37905;14
14:08:48.710;48.8725;2.34472;48.8844;2.31039;48.8606;2.37905;14
14:08:48.710;48.8726;2.34472;48.8845;2.31039;48.8606;2.37905;14
14:08:48.804;48.8726;2.34472;48.8845;2.31039;48.8607;2.37905;14
14:08:48.866;48.8727;2.34472;48.8846;2.31039;48.8607;2.37905;14
14:08:48.866;48.8729;2.34472;48.8848;2.31039;48.861;2.37905;14
14:08:48.866;48.8731;2.34472;48.8851;2.31039;48.8612;2.37905;14
14:08:48.866;48.8732;2.34472;48.8852;2.31039;48.8613;2.37905;14
14:08:48.866;48.8735;2.34472;48.8855;2.31039;48.8616;2.37905;14
14:08:48.928;48.8739;2.34472;48.8858;2.31039;48.862;2.37905;14
14:08:48.928;48.8741;2.34472;48.886;2.31039;48.8621;2.37905;14
14:08:48.928;48.8744;2.34472;48.8864;2.31039;48.8625;2.37905;14
14:08:48.928;48.8748;2.34472;48.8867;2.31039;48.8628;2.37905;14
14:08:48.928;48.8749;2.34472;48.8868;2.31039;48.8629;2.37905;14
14:08:48.928;48.8749;2.34472;48.8869;2.31039;48.863;2.37905;14
14:08:49.006;48.8751;2.34472;48.887;2.31039;48.8632;2.37905;14
14:08:49.006;48.8753;2.34472;48.8872;2.31039;48.8633;2.37905;14
14:08:49.006;48.8754;2.34472;48.8873;2.31039;48.8634;2.37905;14
14:08:49.006;48.8757;2.34472;48.8877;2.31039;48.8638;2.37905;14
14:08:49.006;48.8762;2.34472;48.8881;2.31039;48.8642;2.37905;14
14:08:49.006;48.8766;2.34472;48.8886;2.31039;48.8647;2.37905;14
14:08:49.069;48.877;2.34472;48.889;2.31039;48.8651;2.37905;14
14:08:49.069;48.8778;2.34464;48.8897;2.3103;48.8658;2.37896;14
14:08:49.069;48.8783;2.34455;48.8902;2.31022;48.8663;2.37888;14
14:08:49.069;48.8785;2.34447;48.8904;2.31013;48.8666;2.37879;14
14:08:49.116;48.8789;2.34421;48.8909;2.30988;48.867;2.37853;14
14:08:49.116;48.8792;2.34412;48.8911;2.30979;48.8672;2.37845;14
14:08:49.116;48.8793;2.34412;48.8912;2.30979;48.8673;2.37845;14
14:08:49.459;48.8797;2.34412;48.8917;2.30979;48.8678;2.37845;14
14:08:49.521;48.8805;2.34412;48.8925;2.30979;48.8686;2.37845;14
14:08:49.521;48.8825;2.34412;48.8944;2.30979;48.8706;2.37845;14
14:08:49.521;48.8852;2.34412;48.8971;2.30979;48.8733;2.37845;14
14:08:49.521;48.8866;2.34412;48.8985;2.30979;48.8747;2.37845;14
14:08:49.521;48.8893;2.34412;48.9013;2.30979;48.8774;2.37845;14
14:08:49.521;48.8904;2.34412;48.9023;2.30979;48.8785;2.37845;14
14:08:49.584;48.8915;2.34412;48.9035;2.30979;48.8796;2.37845;14
14:08:49.584;48.8921;2.34412;48.904;2.30979;48.8802;2.37845;14
14:08:49.584;48.8929;2.34412;48.9048;2.30979;48.881;2.37845;14
14:08:49.584;48.8937;2.34412;48.9056;2.30979;48.8817;2.37845;14
14:08:49.584;48.8943;2.34412;48.9063;2.30979;48.8824;2.37845;14
14:08:49.584;48.8945;2.34412;48.9064;2.30979;48.8826;2.37845;14
14:08:49.584;48.895;2.34412;48.9069;2.30979;48.883;2.37845;14
14:08:49.584;48.8952;2.34412;48.9071;2.30979;48.8833;2.37845;14
14:08:49.615;48.8954;2.34412;48.9073;2.30979;48.8834;2.37845;14
14:08:49.615;48.8955;2.34412;48.9074;2.30979;48.8835;2.37845;14
14:08:49.615;48.8955;2.34412;48.9075;2.30979;48.8836;2.37845;14
14:08:49.911;48.896;2.34412;48.908;2.30979;48.8841;2.37845;14
14:08:49.942;48.8965;2.34412;48.9084;2.30979;48.8846;2.37845;14
14:08:49.942;48.8973;2.34412;48.9092;2.30979;48.8853;2.37845;14
14:08:49.942;48.8981;2.34412;48.9101;2.30979;48.8862;2.37845;14
14:08:49.942;48.8991;2.34412;48.9111;2.30979;48.8872;2.37845;14
14:08:49.942;48.9004;2.34412;48.9124;2.30979;48.8885;2.37845;14
14:08:49.989;48.9019;2.34412;48.9138;2.30979;48.8899;2.37845;14
14:08:49.989;48.9024;2.34412;48.9143;2.30979;48.8904;2.37845;14
14:08:49.989;48.904;2.34412;48.9159;2.30979;48.8921;2.37845;14
14:08:49.989;48.9046;2.34412;48.9165;2.30979;48.8926;2.37845;14
14:08:50.020;48.906;2.34412;48.918;2.30979;48.8941;2.37845;14
14:08:50.317;48.9106;2.34412;48.9226;2.30979;48.8987;2.37845;14
14:08:50.457;48.9251;2.34412;48.937;2.30979;48.9132;2.37845;14
14:08:50.566;48.9332;2.34352;48.9451;2.30919;48.9213;2.37785;14
14:08:50.988;48.9339;2.34352;48.9458;2.30919;48.922;2.37785;14
14:08:51.144;48.9345;2.34352;48.9464;2.30919;48.9226;2.37785;14
14:08:51.144;48.9378;2.34352;48.9497;2.30919;48.9258;2.37785;14
14:08:51.144;48.9386;2.34352;48.9505;2.30919;48.9266;2.37785;14
14:08:51.144;48.941;2.34352;48.9529;2.30919;48.9291;2.37785;14
14:08:51.175;48.9571;2.34352;48.969;2.30919;48.9451;2.37785;14
14:08:51.253;48.9572;2.34352;48.9691;2.30919;48.9453;2.37785;14
14:08:51.534;48.9588;2.34386;48.9707;2.30953;48.9469;2.37819;14
14:08:51.534;48.9595;2.34386;48.9715;2.30953;48.9476;2.37819;14
14:08:51.565;48.9609;2.34386;48.9729;2.30953;48.949;2.37819;14
14:08:51.565;48.9625;2.34386;48.9744;2.30953;48.9506;2.37819;14
14:08:51.565;48.9658;2.34386;48.9777;2.30953;48.9539;2.37819;14
14:08:51.565;48.9674;2.34386;48.9793;2.30953;48.9554;2.37819;14
14:08:51.612;48.9702;2.34386;48.9822;2.30953;48.9583;2.37819;14
14:08:51.612;48.9726;2.34386;48.9845;2.30953;48.9607;2.37819;14
14:08:51.612;48.9741;2.34386;48.986;2.30953;48.9622;2.37819;14
14:08:51.674;48.9758;2.34386;48.9877;2.30953;48.9638;2.37819;14
14:08:51.674;48.977;2.34386;48.9889;2.30953;48.965;2.37819;14
14:08:51.674;48.9776;2.34386;48.9895;2.30953;48.9657;2.37819;14
14:08:51.674;48.9782;2.34386;48.9902;2.30953;48.9663;2.37819;14
14:08:51.674;48.9785;2.34386;48.9904;2.30953;48.9665;2.37819;14
14:08:51.705;48.9787;2.34386;48.9907;2.30953;48.9668;2.37819;14
14:08:51.705;48.9788;2.34386;48.9907;2.30953;48.9669;2.37819;14
14:08:52.173;48.9815;2.34404;48.9934;2.3097;48.9696;2.37836;14
14:08:52.204;48.9845;2.34404;48.9964;2.3097;48.9726;2.37836;14
14:08:52.204;48.986;2.34404;48.9979;2.3097;48.9741;2.37836;14
14:08:52.204;48.989;2.34404;49.0009;2.3097;48.9771;2.37836;14
14:08:52.251;48.9903;2.34404;49.0022;2.3097;48.9784;2.37836;14
14:08:52.251;48.9928;2.34404;49.0047;2.3097;48.9809;2.37836;14
14:08:52.251;48.9939;2.34404;49.0058;2.3097;48.982;2.37836;14
14:08:52.251;48.995;2.34404;49.0069;2.3097;48.9831;2.37836;14
14:08:52.251;48.9955;2.34404;49.0074;2.3097;48.9836;2.37836;14
14:08:52.282;48.9963;2.34404;49.0082;2.3097;48.9844;2.37836;14
14:08:52.282;48.9971;2.34404;49.009;2.3097;48.9852;2.37836;14
14:08:52.282;48.9973;2.34404;49.0092;2.3097;48.9854;2.37836;14
14:08:52.282;48.9979;2.34395;49.0098;2.30962;48.986;2.37828;14
14:08:52.314;48.9983;2.34395;49.0102;2.30962;48.9864;2.37828;14
14:08:52.314;48.9985;2.34395;49.0104;2.30962;48.9866;2.37828;14
14:08:52.314;48.9987;2.34395;49.0106;2.30962;48.9868;2.37828;14
14:08:52.314;48.9987;2.34395;49.0107;2.30962;48.9868;2.37828;14
14:08:52.314;48.9988;2.34395;49.0107;2.30962;48.9869;2.37828;14
14:08:52.657;48.9992;2.34395;49.0112;2.30962;48.9873;2.37828;14
14:08:52.688;49;2.34395;49.0119;2.30962;48.9881;2.37828;14
14:08:52.688;49.0018;2.34395;49.0137;2.30962;48.9899;2.37828;14
14:08:52.704;49.0031;2.34395;49.015;2.30962;48.9912;2.37828;14
14:08:52.704;49.0045;2.34395;49.0164;2.30962;48.9926;2.37828;14
14:08:52.704;49.008;2.34395;49.0199;2.30962;48.9961;2.37828;14
14:08:52.735;49.0113;2.34395;49.0232;2.30962;48.9994;2.37828;14
14:08:52.750;49.0124;2.34395;49.0243;2.30962;49.0005;2.37828;14
14:08:52.782;49.014;2.34395;49.0259;2.30962;49.0021;2.37828;14
14:08:52.782;49.015;2.34378;49.0269;2.30945;49.0031;2.37811;14
14:08:52.782;49.0157;2.34369;49.0276;2.30936;49.0038;2.37802;14
14:08:52.813;49.0167;2.34361;49.0285;2.30927;49.0047;2.37793;14
14:08:52.813;49.017;2.34361;49.0289;2.30927;49.0051;2.37793;14
14:08:52.813;49.0176;2.34352;49.0294;2.30919;49.0056;2.37785;14
14:08:52.844;49.0176;2.34352;49.0295;2.30919;49.0057;2.37785;14
14:08:52.844;49.0177;2.34352;49.0296;2.30919;49.0058;2.37785;14
14:08:53.156;49.0183;2.34352;49.0302;2.30919;49.0064;2.37785;14
14:08:53.156;49.0195;2.34352;49.0314;2.30919;49.0076;2.37785;14
14:08:53.187;49.0227;2.34352;49.0346;2.30919;49.0108;2.37785;14
14:08:53.218;49.0262;2.34352;49.0381;2.30919;49.0143;2.37785;14
14:08:53.218;49.0284;2.34352;49.0403;2.30919;49.0164;2.37785;14
14:08:53.234;49.0299;2.34352;49.0418;2.30919;49.018;2.37785;14
14:08:53.234;49.0312;2.34352;49.0431;2.30919;49.0193;2.37785;14
14:08:53.265;49.0323;2.34352;49.0443;2.30919;49.0205;2.37785;14
14:08:53.265;49.0325;2.34352;49.0444;2.30919;49.0206;2.37785;14
14:08:53.265;49.0328;2.34352;49.0447;2.30919;49.0209;2.37785;14
14:08:53.343;49.033;2.34352;49.0449;2.30919;49.0211;2.37785;14
14:08:53.343;49.0332;2.34352;49.0451;2.30919;49.0213;2.37785;14
14:08:53.343;49.0332;2.34352;49.0452;2.30919;49.0214;2.37785;14
14:08:53.343;49.0334;2.34352;49.0453;2.30919;49.0215;2.37785;14
14:08:53.343;49.0334;2.34352;49.0453;2.30919;49.0215;2.37785;14
14:10:09.331;49.0333;2.34352;49.0452;2.30919;49.0214;2.37785;14
14:10:09.362;49.0332;2.34335;49.0452;2.30902;49.0214;2.37768;14
14:10:09.362;49.033;2.34326;49.0449;2.30893;49.0211;2.37759;14
14:10:09.393;49.0329;2.34318;49.0448;2.30885;49.021;2.3775;14
14:10:09.393;49.0323;2.34283;49.0443;2.3085;49.0205;2.37716;14
14:10:09.393;49.0313;2.34232;49.0432;2.30799;49.0194;2.37665;14
14:10:09.393;49.0307;2.34215;49.0426;2.30782;49.0188;2.37647;14
14:10:09.424;49.0292;2.34172;49.0411;2.30739;49.0173;2.37605;14
14:10:09.424;49.0274;2.34155;49.0393;2.30721;49.0155;2.37587;14
14:10:09.424;49.0259;2.34146;49.0378;2.30713;49.014;2.37579;14
14:10:09.456;49.0252;2.34146;49.037;2.30713;49.0132;2.37579;14
14:10:09.456;49.0244;2.34129;49.0363;2.30696;49.0125;2.37562;14
14:10:09.487;49.0237;2.34129;49.0356;2.30696;49.0118;2.37562;14
14:10:09.487;49.0234;2.34129;49.0353;2.30696;49.0115;2.37562;14
14:10:09.518;49.0233;2.34129;49.0353;2.30696;49.0114;2.37562;14
14:10:09.970;49.0232;2.34129;49.0351;2.30696;49.0113;2.37562;14
14:10:09.970;49.0231;2.34129;49.035;2.30696;49.0112;2.37562;14
14:10:10.033;49.0229;2.34129;49.0348;2.30696;49.011;2.37562;14
14:10:10.033;49.0227;2.3412;49.0346;2.30687;49.0108;2.37553;14
14:10:10.033;49.0224;2.34112;49.0344;2.30679;49.0105;2.37544;14
14:10:10.033;49.0221;2.34112;49.034;2.30679;49.0102;2.37544;14
14:10:10.033;49.0215;2.34103;49.0335;2.3067;49.0096;2.37536;14
14:10:10.095;49.0209;2.34103;49.0328;2.3067;49.009;2.37536;14
14:10:10.095;49.0202;2.34103;49.0322;2.3067;49.0084;2.37536;14
14:10:10.173;49.0199;2.34103;49.0318;2.3067;49.0079;2.37536;14
14:10:10.173;49.0194;2.34103;49.0313;2.3067;49.0075;2.37536;14
14:10:10.173;49.0187;2.34103;49.0306;2.3067;49.0068;2.37536;14
14:10:10.173;49.0183;2.34103;49.0302;2.3067;49.0064;2.37536;14
14:10:10.173;49.0178;2.34103;49.0297;2.3067;49.0059;2.37536;14
14:10:10.173;49.0177;2.34103;49.0296;2.3067;49.0058;2.37536;14
14:10:10.173;49.0174;2.34103;49.0293;2.3067;49.0055;2.37536;14
14:10:10.173;49.0174;2.34103;49.0293;2.3067;49.0055;2.37536;14
14:10:10.220;49.0174;2.34095;49.0293;2.30661;49.0055;2.37527;14
14:10:10.282;49.0174;2.34086;49.0293;2.30653;49.0055;2.37519;14
14:10:10.282;49.0174;2.34077;49.0293;2.30644;49.0055;2.3751;14
14:10:10.345;49.0174;2.34069;49.0293;2.30636;49.0055;2.37502;14
14:10:10.345;49.0174;2.3406;49.0293;2.30627;49.0055;2.37493;14
14:10:10.345;49.0174;2.34035;49.0293;2.30601;49.0055;2.37467;14
14:10:10.345;49.0174;2.33983;49.0293;2.3055;49.0055;2.37416;14
14:10:10.376;49.0174;2.33751;49.0293;2.30318;49.0055;2.37184;14
14:10:10.376;49.0174;2.3364;49.0293;2.30206;49.0055;2.37072;14
14:10:10.376;49.0174;2.33494;49.0293;2.30061;49.0055;2.36926;14
14:10:10.407;49.0174;2.33331;49.0293;2.29897;49.0055;2.36763;14
14:10:10.407;49.0174;2.3291;49.0293;2.29477;49.0055;2.36343;14
14:10:10.438;49.0176;2.32498;49.0294;2.29065;49.0056;2.35931;14
14:10:10.438;49.0177;2.32292;49.0296;2.28859;49.0058;2.35725;14
14:10:10.438;49.0178;2.3206;49.0297;2.28627;49.0059;2.35493;14
14:10:10.470;49.0179;2.31812;49.0298;2.28378;49.006;2.35244;14
14:10:10.501;49.0182;2.31597;49.0301;2.28164;49.0063;2.3503;14
14:10:10.501;49.0182;2.31494;49.0301;2.28061;49.0063;2.34927;14
14:10:10.501;49.0184;2.3146;49.0303;2.28026;49.0065;2.34892;14
14:10:10.532;49.0184;2.31451;49.0303;2.28018;49.0065;2.34884;14
14:10:10.532;49.0185;2.31451;49.0303;2.28018;49.0065;2.34884;14
14:10:11.452;49.0185;2.31442;49.0303;2.28009;49.0065;2.34875;14
14:10:11.484;49.0185;2.31434;49.0303;2.28001;49.0065;2.34867;14
14:10:11.484;49.0185;2.31425;49.0303;2.27992;49.0065;2.34858;14
14:10:11.484;49.0185;2.31417;49.0303;2.27983;49.0065;2.34849;14
14:10:11.484;49.0185;2.314;49.0303;2.27966;49.0065;2.34832;14
14:10:11.515;49.0185;2.31374;49.0303;2.27941;49.0065;2.34806;14
14:10:11.546;49.0185;2.31348;49.0303;2.27915;49.0065;2.34781;14
14:10:11.546;49.0185;2.31331;49.0303;2.27898;49.0065;2.34764;14
14:10:11.546;49.0185;2.31305;49.0303;2.27872;49.0065;2.34738;14
14:10:11.577;49.0185;2.31288;49.0303;2.27855;49.0065;2.34721;14
14:10:11.577;49.0185;2.31271;49.0303;2.27838;49.0065;2.34703;14
14:10:11.608;49.0185;2.31254;49.0303;2.2782;49.0065;2.34686;14
14:10:11.608;49.0185;2.31245;49.0303;2.27812;49.0065;2.34678;14
14:10:11.608;49.0185;2.31219;49.0303;2.27786;49.0065;2.34652;14
14:10:11.640;49.0185;2.31194;49.0303;2.2776;49.0065;2.34626;14
14:10:11.640;49.0184;2.31159;49.0303;2.27726;49.0065;2.34592;14
14:10:11.671;49.0184;2.31125;49.0303;2.27692;49.0065;2.34558;14
14:10:11.671;49.0184;2.31099;49.0303;2.27666;49.0065;2.34532;14
14:10:11.671;49.0184;2.31073;49.0303;2.2764;49.0065;2.34506;14
14:10:11.702;49.0184;2.31039;49.0303;2.27606;49.0065;2.34472;14
14:10:11.702;49.0184;2.31022;49.0303;2.27589;49.0065;2.34455;14
14:10:11.702;49.0184;2.31013;49.0303;2.2758;49.0065;2.34446;14
14:10:11.733;49.0184;2.31005;49.0303;2.27571;49.0065;2.34437;14
14:10:11.733;49.0184;2.3097;49.0303;2.27537;49.0065;2.34403;14
14:10:11.764;49.0183;2.30936;49.0302;2.27503;49.0064;2.34369;14
14:10:11.764;49.0183;2.30919;49.0302;2.27486;49.0064;2.34352;14
14:10:11.764;49.0183;2.3091;49.0302;2.27477;49.0064;2.34343;14
14:10:11.780;49.0183;2.30893;49.0302;2.2746;49.0064;2.34326;14
14:10:11.796;49.0183;2.30859;49.0302;2.27426;49.0064;2.34291;14
14:10:11.811;49.0183;2.30833;49.0302;2.274;49.0064;2.34266;14
14:10:11.842;49.0183;2.30816;49.0302;2.27383;49.0064;2.34249;14
14:10:11.842;49.0183;2.30799;49.0302;2.27365;49.0064;2.34231;14
14:10:11.842;49.0183;2.30782;49.0302;2.27348;49.0064;2.34214;14
14:10:11.874;49.0182;2.30756;49.0301;2.27323;49.0063;2.34188;14
14:10:11.874;49.0182;2.30747;49.0301;2.27314;49.0063;2.3418;14
14:10:11.905;49.0182;2.30721;49.0301;2.27288;49.0063;2.34154;14
14:10:11.905;49.0181;2.30696;49.03;2.27262;49.0062;2.34128;14
14:10:11.936;49.0181;2.30679;49.03;2.27245;49.0062;2.34111;14
14:10:11.936;49.0181;2.30661;49.03;2.27228;49.0061;2.34094;14
14:10:11.967;49.018;2.30636;49.0299;2.27202;49.0061;2.34068;14
14:10:11.967;49.018;2.30601;49.0299;2.27168;49.0061;2.34034;14
14:10:11.998;49.018;2.30584;49.0299;2.27151;49.0061;2.34017;14
14:10:11.998;49.018;2.30567;49.0299;2.27134;49.0061;2.34;14
14:10:11.998;49.0179;2.30541;49.0299;2.27108;49.006;2.33974;14
14:10:12.030;49.0179;2.30498;49.0299;2.27065;49.006;2.33931;14
14:10:12.030;49.0179;2.30464;49.0299;2.27031;49.006;2.33897;14
14:10:12.061;49.0179;2.30447;49.0299;2.27014;49.006;2.3388;14
14:10:12.061;49.0179;2.30412;49.0298;2.26979;49.006;2.33845;14
14:10:12.108;49.0179;2.30378;49.0298;2.26945;49.006;2.33811;14
14:10:12.108;49.0179;2.30344;49.0298;2.26911;49.006;2.33777;14
14:10:12.108;49.0179;2.30335;49.0298;2.26902;49.006;2.33768;14
14:10:12.139;49.0179;2.30318;49.0298;2.26885;49.006;2.33751;14
14:10:12.139;49.0179;2.30292;49.0298;2.26859;49.006;2.33725;14
14:10:12.139;49.0178;2.30284;49.0297;2.26851;49.0059;2.33716;14
14:10:12.139;49.0178;2.30267;49.0297;2.26833;49.0059;2.33699;14
14:10:12.217;49.0178;2.30258;49.0297;2.26825;49.0059;2.33691;14
14:10:12.217;49.0178;2.30232;49.0297;2.26799;49.0059;2.33665;14
14:10:12.217;49.0178;2.30224;49.0297;2.2679;49.0059;2.33656;14
14:10:12.217;49.0178;2.30206;49.0297;2.26773;49.0059;2.33639;14
14:10:12.217;49.0178;2.30189;49.0297;2.26756;49.0059;2.33622;14
14:10:12.217;49.0178;2.30155;49.0297;2.26722;49.0059;2.33588;14
14:10:12.279;49.0178;2.30112;49.0297;2.26679;49.0059;2.33545;14
14:10:12.279;49.0178;2.30086;49.0297;2.26653;49.0059;2.33519;14
14:10:12.279;49.0178;2.30061;49.0297;2.26627;49.0059;2.33493;14
14:10:12.279;49.0178;2.30018;49.0297;2.26584;49.0059;2.3345;14
14:10:12.279;49.0178;2.29923;49.0297;2.2649;49.0059;2.33356;14
14:10:12.279;49.0178;2.29837;49.0297;2.26404;49.0059;2.3327;14
14:10:12.342;49.0177;2.29769;49.0296;2.26336;49.0058;2.33201;14
14:10:12.342;49.0177;2.29649;49.0296;2.26215;49.0058;2.33081;14
14:10:12.342;49.0177;2.29563;49.0296;2.2613;49.0058;2.32995;14
14:10:12.342;49.0176;2.29477;49.0295;2.26044;49.0057;2.3291;14
14:10:12.342;49.0176;2.29434;49.0295;2.26001;49.0057;2.32867;14
14:10:12.404;49.0176;2.29357;49.0295;2.25924;49.0057;2.32789;14
14:10:12.404;49.0176;2.29288;49.0295;2.25855;49.0057;2.32721;14
14:10:12.404;49.0176;2.29262;49.0295;2.25829;49.0057;2.32695;14
14:10:12.404;49.0176;2.29202;49.0295;2.25769;49.0057;2.32635;14
14:10:12.404;49.0176;2.29142;49.0295;2.25709;49.0057;2.32575;14
14:10:12.435;49.0176;2.29125;49.0295;2.25692;49.0057;2.32558;14
14:10:12.435;49.0176;2.29099;49.0295;2.25666;49.0057;2.32532;14
14:10:12.466;49.0176;2.29091;49.0295;2.25657;49.0057;2.32523;14
14:10:12.466;49.0176;2.29074;49.0295;2.2564;49.0057;2.32506;14
14:10:12.466;49.0176;2.29074;49.0294;2.2564;49.0056;2.32506;14
14:10:13.090;49.0176;2.29056;49.0294;2.25623;49.0056;2.32489;14
14:10:13.090;49.0176;2.29048;49.0294;2.25615;49.0056;2.3248;14
14:10:13.122;49.0176;2.29013;49.0294;2.2558;49.0056;2.32446;14
14:10:13.122;49.0176;2.28953;49.0294;2.2552;49.0056;2.32386;14
14:10:13.153;49.0176;2.28928;49.0294;2.25494;49.0056;2.3236;14
14:10:13.153;49.0176;2.28919;49.0294;2.25486;49.0056;2.32352;14
14:10:13.153;49.0176;2.28885;49.0294;2.25451;49.0056;2.32317;14
14:10:13.215;49.0176;2.28859;49.0294;2.25426;49.0056;2.32292;14
14:10:13.215;49.0176;2.2885;49.0294;2.25417;49.0056;2.32283;14
14:10:13.215;49.0175;2.28782;49.0294;2.25348;49.0056;2.32214;14
14:10:13.215;49.0175;2.28773;49.0294;2.2534;49.0056;2.32206;14
14:10:13.215;49.0174;2.28756;49.0293;2.25323;49.0055;2.32189;14
14:10:13.215;49.0174;2.28704;49.0293;2.25271;49.0055;2.32137;14
14:10:13.246;49.0174;2.2867;49.0293;2.25237;49.0055;2.32103;14
14:10:13.246;49.0174;2.28653;49.0293;2.2522;49.0055;2.32086;14
14:10:13.246;49.0173;2.28619;49.0292;2.25185;49.0054;2.32051;14
14:10:13.278;49.0173;2.28584;49.0292;2.25151;49.0054;2.32017;14
14:10:13.278;49.0173;2.28559;49.0292;2.25125;49.0054;2.31991;14
14:10:13.278;49.0173;2.28533;49.0292;2.251;49.0054;2.31965;14
14:10:13.309;49.0173;2.28516;49.0292;2.25082;49.0054;2.31948;14
14:10:13.309;49.0172;2.28473;49.0291;2.25039;49.0053;2.31905;14
14:10:13.356;49.0171;2.2843;49.029;2.24997;49.0052;2.31862;14
14:10:13.356;49.0171;2.28404;49.029;2.24971;49.0052;2.31837;14
14:10:13.356;49.0171;2.2837;49.029;2.24936;49.0052;2.31802;14
14:10:13.387;49.0171;2.28327;49.029;2.24894;49.0052;2.31759;14
14:10:13.387;49.017;2.28284;49.0289;2.24851;49.0051;2.31717;14
14:10:13.387;49.017;2.28275;49.0289;2.24842;49.0051;2.31708;14
14:10:13.418;49.017;2.2825;49.0289;2.24816;49.0051;2.31682;14
14:10:13.418;49.017;2.28198;49.0289;2.24765;49.0051;2.31631;14
14:10:13.418;49.017;2.28147;49.0289;2.24713;49.0051;2.31579;14
14:10:13.449;49.017;2.28078;49.0289;2.24645;49.0051;2.31511;14
14:10:13.480;49.017;2.28061;49.0289;2.24627;49.0051;2.31493;14
14:10:13.480;49.0169;2.28018;49.0288;2.24585;49.005;2.3145;14
14:10:13.480;49.0169;2.27975;49.0288;2.24542;49.005;2.31408;14
14:10:13.512;49.0169;2.27949;49.0288;2.24516;49.005;2.31382;14
14:10:13.512;49.0168;2.27906;49.0287;2.24473;49.0049;2.31339;14
14:10:13.543;49.0167;2.27855;49.0286;2.24422;49.0048;2.31287;14
14:10:13.543;49.0167;2.27838;49.0285;2.24404;49.0047;2.3127;14
14:10:13.574;49.0165;2.27812;49.0284;2.24379;49.0046;2.31245;14
14:10:13.574;49.0164;2.27752;49.0283;2.24319;49.0045;2.31184;14
14:10:13.574;49.0164;2.27743;49.0283;2.2431;49.0045;2.31176;14
14:10:13.605;49.0163;2.27666;49.0282;2.24233;49.0044;2.31099;14
14:10:13.605;49.0162;2.27589;49.0281;2.24155;49.0043;2.31021;14
14:10:13.636;49.0161;2.27537;49.028;2.24104;49.0042;2.3097;14
14:10:13.668;49.0161;2.27288;49.028;2.23855;49.0042;2.30721;14
14:10:13.668;49.0161;2.2722;49.028;2.23786;49.0042;2.30652;14
14:10:13.668;49.0161;2.27177;49.028;2.23743;49.0042;2.30609;14
14:10:13.668;49.0161;2.27134;49.028;2.23701;49.0042;2.30566;14
14:10:13.699;49.0161;2.27108;49.028;2.23675;49.0042;2.30541;14
14:10:13.699;49.0161;2.27065;49.028;2.23632;49.0042;2.30498;14
14:10:13.730;49.0161;2.27048;49.028;2.23615;49.0042;2.30481;14
14:10:13.730;49.0161;2.27039;49.028;2.23606;49.0042;2.30472;14
14:10:13.730;49.0161;2.27031;49.028;2.23598;49.0042;2.30463;14
14:10:14.260;49.0161;2.27014;49.028;2.2358;49.0042;2.30446;14
14:10:14.292;49.0161;2.26988;49.028;2.23555;49.0042;2.30421;14
14:10:14.292;49.0161;2.26919;49.028;2.23486;49.0042;2.30352;14
14:10:14.292;49.016;2.26885;49.0279;2.23452;49.0041;2.30318;14
14:10:14.354;49.016;2.26868;49.0279;2.23434;49.0041;2.303;14
14:10:14.354;49.0158;2.26773;49.0276;2.2334;49.0038;2.30206;14
14:10:14.354;49.0156;2.26722;49.0275;2.23289;49.0037;2.30154;14
14:10:14.354;49.0155;2.26679;49.0274;2.23246;49.0036;2.30112;14
14:10:14.354;49.0155;2.26653;49.0274;2.2322;49.0036;2.30086;14
14:10:14.354;49.0154;2.26619;49.0273;2.23186;49.0035;2.30051;14
14:10:14.416;49.0153;2.26542;49.0272;2.23108;49.0034;2.29974;14
14:10:14.416;49.0152;2.26481;49.0271;2.23048;49.0033;2.29914;14
14:10:14.416;49.0151;2.26421;49.027;2.22988;49.0032;2.29854;14
14:10:14.416;49.0151;2.2637;49.027;2.22937;49.0032;2.29803;14
14:10:14.448;49.0151;2.26344;49.027;2.22911;49.0032;2.29777;14
14:10:14.448;49.015;2.2631;49.0269;2.22877;49.0031;2.29742;14
14:10:14.479;49.015;2.26301;49.0269;2.22868;49.0031;2.29734;14
14:10:14.479;49.015;2.26267;49.0269;2.22834;49.0031;2.297;14
14:10:14.510;49.015;2.26233;49.0269;2.22799;49.0031;2.29665;14
14:10:14.510;49.0149;2.2619;49.0268;2.22756;49.003;2.29622;14
14:10:14.541;49.0149;2.26164;49.0268;2.22731;49.003;2.29597;14
14:10:14.541;49.0149;2.26121;49.0268;2.22688;49.003;2.29554;14
14:10:14.541;49.0149;2.26069;49.0267;2.22636;49.0029;2.29502;14
14:10:14.572;49.0149;2.26044;49.0267;2.2261;49.0029;2.29476;14
14:10:14.572;49.0148;2.26009;49.0267;2.22576;49.0029;2.29442;14
14:10:14.604;49.0147;2.25906;49.0266;2.22473;49.0028;2.29339;14
14:10:14.604;49.0147;2.25821;49.0266;2.22387;49.0028;2.29253;14
14:10:14.635;49.0147;2.25752;49.0266;2.22319;49.0028;2.29185;14
14:10:14.635;49.0147;2.257;49.0266;2.22267;49.0028;2.29133;14
14:10:14.666;49.0146;2.25606;49.0265;2.22173;49.0027;2.29039;14
14:10:14.666;49.0146;2.25537;49.0265;2.22104;49.0027;2.2897;14
14:10:14.666;49.0145;2.25486;49.0264;2.22053;49.0026;2.28918;14
14:10:14.697;49.0145;2.25409;49.0264;2.21975;49.0025;2.28841;14
14:10:14.697;49.0144;2.25357;49.0263;2.21924;49.0025;2.2879;14
14:10:14.728;49.0143;2.25306;49.0262;2.21872;49.0024;2.28738;14
14:10:14.728;49.0142;2.25263;49.0261;2.21829;49.0023;2.28695;14
14:10:14.760;49.0142;2.25237;49.0261;2.21804;49.0023;2.2867;14
14:10:14.760;49.0141;2.25211;49.026;2.21778;49.0022;2.28644;14
14:10:14.791;49.014;2.25185;49.0259;2.21752;49.0021;2.28618;14
14:10:14.791;49.014;2.2516;49.0258;2.21726;49.002;2.28592;14
14:10:14.822;49.014;2.25142;49.0258;2.21709;49.002;2.28575;14
14:10:14.822;49.0139;2.25125;49.0258;2.21692;49.002;2.28558;14
14:10:15.368;49.0139;2.25117;49.0258;2.21684;49.002;2.28549;14
14:10:15.399;49.0139;2.251;49.0258;2.21666;49.002;2.28532;14
14:10:15.399;49.0138;2.25082;49.0257;2.21649;49.0019;2.28515;14
14:10:15.399;49.0138;2.25074;49.0257;2.21641;49.0019;2.28507;14
14:10:15.430;49.0138;2.25057;49.0257;2.21623;49.0019;2.28489;14
14:10:15.430;49.0137;2.25039;49.0256;2.21606;49.0018;2.28472;14
14:10:15.462;49.0137;2.25022;49.0256;2.21589;49.0018;2.28455;14
14:10:15.462;49.0137;2.25014;49.0256;2.21581;49.0018;2.28446;14
14:10:15.462;49.0135;2.24988;49.0255;2.21555;49.0017;2.28421;14
14:10:15.493;49.0135;2.24962;49.0255;2.21529;49.0017;2.28395;14
14:10:15.493;49.0135;2.24954;49.0254;2.2152;49.0016;2.28386;14
14:10:15.524;49.0134;2.24936;49.0253;2.21503;49.0015;2.28369;14
14:10:15.524;49.0134;2.24911;49.0253;2.21478;49.0015;2.28343;14
14:10:15.555;49.0134;2.24876;49.0253;2.21443;49.0015;2.28309;14
14:10:15.555;49.0134;2.24851;49.0253;2.21417;49.0015;2.28283;14
14:10:15.586;49.0134;2.24808;49.0253;2.21375;49.0015;2.2824;14
14:10:15.586;49.0134;2.24765;49.0253;2.21332;49.0015;2.28198;14
14:10:15.618;49.0134;2.24705;49.0253;2.21272;49.0015;2.28137;14
14:10:15.618;49.0134;2.24662;49.0253;2.21229;49.0015;2.28095;14
14:10:15.649;49.0134;2.24619;49.0253;2.21186;49.0015;2.28052;14
14:10:15.649;49.0134;2.24602;49.0253;2.21169;49.0015;2.28034;14
14:10:15.680;49.0135;2.2455;49.0254;2.21117;49.0016;2.27983;14
14:10:15.680;49.0136;2.24499;49.0255;2.21066;49.0017;2.27931;14
14:10:15.680;49.0137;2.24456;49.0256;2.21023;49.0018;2.27889;14
14:10:15.711;49.0137;2.24439;49.0256;2.21005;49.0018;2.27871;14
14:10:15.711;49.0138;2.24396;49.0257;2.20963;49.0019;2.27828;14
14:10:15.742;49.0139;2.2437;49.0258;2.20937;49.002;2.27803;14
14:10:15.742;49.0139;2.24361;49.0258;2.20928;49.002;2.27794;14
14:10:15.742;49.014;2.24344;49.0258;2.20911;49.002;2.27777;14
14:10:15.774;49.014;2.24336;49.0259;2.20902;49.0021;2.27768;14
14:10:15.852;49.0141;2.24319;49.026;2.20885;49.0022;2.27751;14
14:10:15.852;49.0142;2.24284;49.0261;2.20851;49.0023;2.27717;14
14:10:15.852;49.0143;2.24276;49.0262;2.20842;49.0024;2.27708;14
14:10:15.852;49.0145;2.24233;49.0264;2.20799;49.0026;2.27665;14
14:10:15.852;49.0147;2.24198;49.0266;2.20765;49.0028;2.27631;14
14:10:15.852;49.0147;2.24181;49.0266;2.20748;49.0028;2.27614;14
14:10:15.852;49.0149;2.24164;49.0267;2.20731;49.0029;2.27597;14
14:10:15.883;49.0149;2.24147;49.0268;2.20714;49.003;2.2758;14
14:10:15.883;49.015;2.24121;49.0269;2.20688;49.0031;2.27554;14
14:10:15.883;49.0151;2.24104;49.027;2.20671;49.0032;2.27537;14
14:10:15.945;49.0152;2.24095;49.0271;2.20662;49.0033;2.27528;14
14:10:15.945;49.0153;2.2407;49.0272;2.20636;49.0034;2.27502;14
14:10:15.945;49.0154;2.24052;49.0273;2.20619;49.0035;2.27485;14
14:10:15.945;49.0154;2.24044;49.0273;2.20611;49.0035;2.27477;14
14:10:15.945;49.0155;2.24035;49.0274;2.20602;49.0036;2.27468;14
14:10:15.976;49.0155;2.24027;49.0274;2.20593;49.0036;2.27459;14
14:10:16.101;49.0155;2.24035;49.0274;2.20602;49.0036;2.27468;14
14:10:16.101;49.0155;2.24044;49.0274;2.20611;49.0036;2.27477;14
14:10:16.164;49.0155;2.24061;49.0274;2.20628;49.0036;2.27494;14
14:10:16.164;49.0154;2.24078;49.0273;2.20645;49.0034;2.27511;14
14:10:16.164;49.0154;2.24087;49.0273;2.20654;49.0034;2.27519;14
14:10:16.164;49.0152;2.24121;49.0271;2.20688;49.0033;2.27554;14
14:10:16.226;49.0152;2.24138;49.0271;2.20705;49.0033;2.27571;14
14:10:16.226;49.0151;2.24164;49.027;2.20731;49.0032;2.27597;14
14:10:16.226;49.0151;2.24173;49.027;2.20739;49.0032;2.27605;14
14:10:16.226;49.0151;2.24181;49.027;2.20748;49.0032;2.27614;14
14:10:16.226;49.015;2.24216;49.0269;2.20782;49.0031;2.27648;14
14:10:16.226;49.015;2.2425;49.0269;2.20817;49.0031;2.27683;14
14:10:16.288;49.0149;2.24267;49.0268;2.20834;49.003;2.277;14
14:10:16.288;49.0148;2.24293;49.0267;2.2086;49.0029;2.27725;14
14:10:16.288;49.0147;2.24327;49.0266;2.20894;49.0028;2.2776;14
14:10:16.288;49.0147;2.24361;49.0266;2.20928;49.0028;2.27794;14
14:10:16.288;49.0146;2.2437;49.0265;2.20937;49.0027;2.27803;14
14:10:16.351;49.0145;2.24404;49.0264;2.20971;49.0026;2.27837;14
14:10:16.351;49.0144;2.24439;49.0263;2.21005;49.0025;2.27871;14
14:10:16.351;49.0143;2.24456;49.0262;2.21023;49.0024;2.27889;14
14:10:16.351;49.0143;2.24464;49.0262;2.21031;49.0024;2.27897;14
14:10:16.351;49.0142;2.24482;49.0261;2.21048;49.0023;2.27914;14
14:10:16.429;49.0141;2.24516;49.026;2.21083;49.0022;2.27949;14
14:10:16.429;49.0139;2.24559;49.0258;2.21126;49.002;2.27992;14
14:10:16.429;49.0138;2.24576;49.0257;2.21143;49.0019;2.28009;14
14:10:16.429;49.0137;2.24593;49.0256;2.2116;49.0018;2.28026;14
14:10:16.429;49.0136;2.24619;49.0255;2.21186;49.0017;2.28052;14
14:10:16.429;49.0133;2.24679;49.0252;2.21246;49.0014;2.28112;14
14:10:16.491;49.0131;2.24722;49.025;2.21289;49.0012;2.28155;14
14:10:16.491;49.0129;2.24773;49.0248;2.2134;49.001;2.28206;14
14:10:16.491;49.0128;2.24808;49.0247;2.21375;49.0009;2.2824;14
14:10:16.491;49.0126;2.24851;49.0245;2.21417;49.0007;2.28283;14
14:10:16.491;49.0124;2.24902;49.0243;2.21469;49.0005;2.28335;14
14:10:16.554;49.0123;2.24945;49.0242;2.21512;49.0004;2.28378;14
14:10:16.554;49.0123;2.24971;49.0242;2.21538;49.0004;2.28404;14
14:10:16.554;49.0121;2.25005;49.0241;2.21572;49.0002;2.28438;14
14:10:16.554;49.012;2.25057;49.0239;2.21623;49.0001;2.28489;14
14:10:16.585;49.012;2.251;49.0239;2.21666;49.0001;2.28532;14
14:10:16.585;49.0119;2.25117;49.0238;2.21684;49;2.28549;14
14:10:16.585;49.0118;2.25151;49.0237;2.21718;48.9999;2.28584;14
14:10:16.616;49.0117;2.25177;49.0237;2.21744;48.9999;2.2861;14
14:10:16.616;49.0117;2.25185;49.0236;2.21752;48.9998;2.28618;14
14:10:16.616;49.0117;2.25194;49.0236;2.21761;48.9998;2.28627;14
14:10:16.678;49.0116;2.25203;49.0235;2.21769;48.9997;2.28635;14
14:10:16.678;49.0116;2.25211;49.0235;2.21778;48.9997;2.28644;14
14:10:16.678;49.0116;2.2522;49.0235;2.21786;48.9997;2.28652;14
14:10:16.678;49.0114;2.25263;49.0233;2.21829;48.9995;2.28695;14
14:10:16.710;49.0114;2.2528;49.0233;2.21847;48.9995;2.28712;14
14:10:16.710;49.0113;2.25306;49.0232;2.21872;48.9994;2.28738;14
14:10:16.741;49.0112;2.25314;49.0232;2.21881;48.9993;2.28747;14
14:10:16.741;49.0112;2.25348;49.0232;2.21915;48.9993;2.28781;14
14:10:16.772;49.0112;2.25383;49.0231;2.2195;48.9993;2.28815;14
14:10:16.772;49.0112;2.25426;49.0231;2.21992;48.9993;2.28858;14
14:10:16.772;49.0112;2.25451;49.0231;2.22018;48.9993;2.28884;14
14:10:16.772;49.0112;2.25477;49.0231;2.22044;48.9993;2.2891;14
14:10:16.772;49.0112;2.2552;49.0231;2.22087;48.9993;2.28953;14
14:10:16.803;49.0112;2.25537;49.0231;2.22104;48.9993;2.2897;14
14:10:16.803;49.0112;2.25606;49.0231;2.22173;48.9993;2.29039;14
14:10:16.834;49.0112;2.25675;49.0231;2.22241;48.9993;2.29107;14
14:10:16.866;49.0112;2.25743;49.0231;2.2231;48.9993;2.29176;14
14:10:16.866;49.0112;2.2576;49.0231;2.22327;48.9993;2.29193;14
14:10:16.866;49.0112;2.25803;49.0232;2.2237;48.9993;2.29236;14
14:10:16.897;49.0113;2.25829;49.0232;2.22396;48.9994;2.29262;14
14:10:16.897;49.0114;2.25855;49.0233;2.22422;48.9995;2.29288;14
14:10:16.928;49.0115;2.25872;49.0234;2.22439;48.9996;2.29305;14
14:10:16.928;49.0115;2.25889;49.0234;2.22456;48.9996;2.29322;14
14:10:16.928;49.0116;2.25898;49.0235;2.22465;48.9997;2.2933;14
14:10:16.990;49.0116;2.25932;49.0235;2.22499;48.9997;2.29365;14
14:10:16.990;49.0117;2.25958;49.0237;2.22525;48.9999;2.29391;14
14:10:16.990;49.0119;2.25966;49.0238;2.22533;49;2.29399;14
14:10:16.990;49.0119;2.25984;49.0238;2.2255;49;2.29416;14
14:10:16.990;49.012;2.25992;49.0239;2.22559;49.0001;2.29425;14
14:10:17.068;49.0121;2.26009;49.024;2.22576;49.0002;2.29442;14
14:10:17.068;49.0122;2.26027;49.0241;2.22593;49.0003;2.29459;14
14:10:17.068;49.0123;2.26035;49.0242;2.22602;49.0004;2.29468;14
14:10:17.068;49.0123;2.26044;49.0242;2.2261;49.0004;2.29476;14
14:10:17.068;49.0124;2.26052;49.0243;2.22619;49.0005;2.29485;14
14:10:17.068;49.0125;2.26078;49.0244;2.22645;49.0006;2.29511;14
14:10:17.131;49.0126;2.26104;49.0245;2.22671;49.0007;2.29536;14
14:10:17.131;49.0126;2.26112;49.0246;2.22679;49.0008;2.29545;14
14:10:17.131;49.0128;2.26138;49.0247;2.22705;49.0009;2.29571;14
14:10:17.131;49.0128;2.26147;49.0247;2.22713;49.0009;2.29579;14
14:10:17.131;49.0129;2.26181;49.0248;2.22748;49.001;2.29614;14
14:10:17.131;49.0131;2.26215;49.025;2.22782;49.0012;2.29648;14
14:10:17.193;49.0132;2.26224;49.0251;2.22791;49.0013;2.29657;14
14:10:17.193;49.0133;2.26241;49.0252;2.22808;49.0014;2.29674;14
14:10:17.193;49.0133;2.26258;49.0252;2.22825;49.0014;2.29691;14
14:10:17.193;49.0135;2.26284;49.0254;2.22851;49.0016;2.29717;14
14:10:17.193;49.0137;2.2631;49.0256;2.22877;49.0018;2.29742;14
14:10:17.193;49.0137;2.26318;49.0256;2.22885;49.0018;2.29751;14
14:10:17.209;49.0138;2.26327;49.0257;2.22894;49.0019;2.2976;14
14:10:17.240;49.0138;2.26336;49.0257;2.22902;49.0019;2.29768;14
14:10:17.240;49.0139;2.26353;49.0258;2.22919;49.002;2.29785;14
14:10:17.318;49.0139;2.26344;49.0258;2.22911;49.002;2.29777;14
14:10:17.349;49.0139;2.26336;49.0258;2.22902;49.002;2.29768;14
14:10:17.349;49.0139;2.26327;49.0258;2.22894;49.002;2.2976;14
14:10:17.349;49.0138;2.26318;49.0257;2.22885;49.0019;2.29751;14
14:10:17.349;49.0138;2.26301;49.0257;2.22868;49.0019;2.29734;14
14:10:17.349;49.0138;2.26284;49.0257;2.22851;49.0019;2.29717;14
14:10:17.349;49.0137;2.26267;49.0256;2.22834;49.0018;2.297;14
14:10:17.380;49.0136;2.26224;49.0255;2.22791;49.0017;2.29657;14
14:10:17.380;49.0134;2.26164;49.0253;2.22731;49.0015;2.29597;14
14:10:17.412;49.0133;2.26095;49.0252;2.22662;49.0014;2.29528;14
14:10:17.412;49.0132;2.26018;49.0251;2.22585;49.0013;2.29451;14
14:10:17.443;49.0131;2.25975;49.025;2.22542;49.0012;2.29408;14
14:10:17.443;49.013;2.25915;49.0249;2.22482;49.0011;2.29348;14
14:10:17.474;49.0129;2.25846;49.0248;2.22413;49.001;2.29279;14
14:10:17.474;49.0128;2.25795;49.0247;2.22362;49.0009;2.29227;14
14:10:17.474;49.0128;2.25778;49.0247;2.22344;49.0009;2.2921;14
14:10:17.505;49.0128;2.25743;49.0247;2.2231;49.0009;2.29176;14
14:10:17.505;49.0127;2.25709;49.0246;2.22276;49.0008;2.29142;14
14:10:17.505;49.0126;2.25675;49.0246;2.22241;49.0008;2.29107;14
14:10:17.505;49.0126;2.25649;49.0245;2.22216;49.0007;2.29082;14
14:10:17.536;49.0125;2.25606;49.0244;2.22173;49.0006;2.29039;14
14:10:17.536;49.0124;2.25572;49.0243;2.22138;49.0005;2.29004;14
14:10:17.599;49.0124;2.25554;49.0243;2.22121;49.0005;2.28987;14
14:10:17.599;49.0124;2.25537;49.0243;2.22104;49.0005;2.2897;14
14:10:17.599;49.0123;2.25529;49.0242;2.22095;49.0004;2.28961;14
14:10:17.599;49.0123;2.25494;49.0242;2.22061;49.0004;2.28927;14
14:10:17.599;49.0121;2.25469;49.024;2.22035;49.0002;2.28901;14
14:10:17.599;49.012;2.25426;49.0239;2.21992;49.0001;2.28858;14
14:10:17.630;49.0116;2.25357;49.0235;2.21924;48.9997;2.2879;14
14:10:17.661;49.0114;2.25297;49.0233;2.21864;48.9995;2.2873;14
14:10:17.661;49.0114;2.2528;49.0233;2.21847;48.9995;2.28712;14
14:10:17.661;49.0112;2.25254;49.0231;2.21821;48.9993;2.28687;14
14:10:17.692;49.0111;2.25237;49.023;2.21804;48.9992;2.2867;14
14:10:17.692;49.0108;2.25194;49.0228;2.21761;48.9989;2.28627;14
14:10:17.692;49.0106;2.2516;49.0225;2.21726;48.9987;2.28592;14
14:10:17.724;49.0103;2.25117;49.0222;2.21684;48.9984;2.28549;14
14:10:17.724;49.0101;2.25091;49.022;2.21658;48.9982;2.28524;14
14:10:17.755;49.0099;2.25048;49.0218;2.21615;48.998;2.28481;14
14:10:17.755;49.0096;2.24988;49.0215;2.21555;48.9977;2.28421;14
14:10:17.786;49.0094;2.24936;49.0213;2.21503;48.9975;2.28369;14
14:10:17.786;49.0093;2.24919;49.0212;2.21486;48.9974;2.28352;14
14:10:17.786;49.0091;2.24876;49.021;2.21443;48.9972;2.28309;14
14:10:17.817;49.0089;2.24851;49.0208;2.21417;48.997;2.28283;14
14:10:17.848;49.0087;2.24808;49.0206;2.21375;48.9968;2.2824;14
14:10:17.848;49.0087;2.24799;49.0206;2.21366;48.9967;2.28232;14
14:10:17.848;49.0085;2.24782;49.0205;2.21349;48.9966;2.28215;14
14:10:17.880;49.0085;2.24773;49.0205;2.2134;48.9966;2.28206;14
14:10:17.911;49.0083;2.24739;49.0202;2.21306;48.9963;2.28172;14
14:10:17.911;49.0083;2.24722;49.0202;2.21289;48.9963;2.28155;14
14:10:17.911;49.0081;2.24713;49.0201;2.2128;48.9962;2.28146;14
14:10:17.942;49.008;2.24688;49.0199;2.21254;48.9961;2.2812;14
14:10:17.942;49.0079;2.24662;49.0198;2.21229;48.996;2.28095;14
14:10:17.958;49.0076;2.24627;49.0196;2.21194;48.9957;2.2806;14
14:10:17.989;49.0074;2.24593;49.0193;2.2116;48.9955;2.28026;14
14:10:17.989;49.0073;2.24559;49.0191;2.21126;48.9953;2.27992;14
14:10:18.020;49.0069;2.24507;49.0188;2.21074;48.995;2.2794;14
14:10:18.020;49.0066;2.24456;49.0185;2.21023;48.9947;2.27889;14
14:10:18.082;49.0063;2.24404;49.0182;2.20971;48.9944;2.27837;14
14:10:18.082;49.006;2.24336;49.0179;2.20902;48.994;2.27768;14
14:10:18.082;49.0058;2.2431;49.0177;2.20877;48.9939;2.27743;14
14:10:18.082;49.0056;2.24276;49.0175;2.20842;48.9937;2.27708;14
14:10:18.082;49.0054;2.24233;49.0173;2.20799;48.9935;2.27665;14
14:10:18.160;49.0052;2.24198;49.0171;2.20765;48.9933;2.27631;14
14:10:18.160;49.0052;2.24173;49.0171;2.20739;48.9933;2.27605;14
14:10:18.160;49.0051;2.24155;49.017;2.20722;48.9931;2.27588;14
14:10:18.160;49.005;2.24138;49.0169;2.20705;48.9931;2.27571;14
14:10:18.160;49.0048;2.24095;49.0167;2.20662;48.9929;2.27528;14
14:10:18.160;49.0047;2.24061;49.0166;2.20628;48.9927;2.27494;14
14:10:18.192;49.0046;2.24052;49.0165;2.20619;48.9927;2.27485;14
14:10:18.192;49.0044;2.24018;49.0163;2.20585;48.9925;2.27451;14
14:10:18.192;49.0044;2.2401;49.0163;2.20576;48.9925;2.27442;14
14:10:18.192;49.0044;2.23992;49.0163;2.20559;48.9925;2.27425;14
14:10:18.223;49.0043;2.23975;49.0162;2.20542;48.9924;2.27408;14
14:10:18.223;49.0042;2.23949;49.0161;2.20516;48.9923;2.27382;14
14:10:18.254;49.0041;2.23932;49.016;2.20499;48.9922;2.27365;14
14:10:18.254;49.004;2.23924;49.0159;2.2049;48.9921;2.27356;14
14:10:18.285;49.0039;2.23907;49.0158;2.20473;48.992;2.27339;14
14:10:18.285;49.0039;2.23889;49.0158;2.20456;48.992;2.27322;14
14:10:18.316;49.0038;2.23872;49.0157;2.20439;48.9919;2.27305;14
14:10:18.316;49.0037;2.23864;49.0157;2.2043;48.9919;2.27296;14
14:10:18.348;49.0037;2.23855;49.0157;2.20422;48.9919;2.27288;14
14:10:18.348;49.0037;2.23846;49.0157;2.20413;48.9919;2.27279;14
14:10:18.410;49.0038;2.23846;49.0157;2.20413;48.9919;2.27279;14
14:10:18.925;49.0038;2.23838;49.0157;2.20405;48.9919;2.27271;14
14:10:18.987;49.0038;2.23829;49.0157;2.20396;48.9919;2.27262;14
14:10:18.987;49.0038;2.23821;49.0157;2.20387;48.9919;2.27253;14
14:10:18.987;49.0038;2.23804;49.0157;2.2037;48.9919;2.27236;14
14:10:18.987;49.0037;2.23769;49.0156;2.20336;48.9918;2.27202;14
14:10:18.987;49.0036;2.23718;49.0155;2.20284;48.9917;2.2715;14
14:10:18.987;49.0035;2.23666;49.0154;2.20233;48.9916;2.27099;14
14:10:19.018;49.0034;2.23623;49.0153;2.2019;48.9915;2.27056;14
14:10:19.018;49.0031;2.23529;49.015;2.20096;48.9912;2.26962;14
14:10:19.050;49.0028;2.23452;49.0148;2.20018;48.991;2.26884;14
14:10:19.050;49.0026;2.23383;49.0145;2.1995;48.9907;2.26816;14
14:10:19.081;49.0025;2.23357;49.0144;2.19924;48.9906;2.2679;14
14:10:19.081;49.0023;2.23314;49.0143;2.19881;48.9904;2.26747;14
14:10:19.112;49.0022;2.2328;49.0141;2.19847;48.9903;2.26713;14
14:10:19.112;49.0021;2.23263;49.014;2.1983;48.9902;2.26695;14
14:10:19.112;49.002;2.23254;49.0139;2.19821;48.9901;2.26687;14
14:10:19.143;49.0018;2.23228;49.0137;2.19795;48.9899;2.26661;14
14:10:19.143;49.0016;2.23177;49.0135;2.19744;48.9897;2.2661;14
14:10:19.174;49.0013;2.23125;49.0132;2.19692;48.9894;2.26558;14
14:10:19.174;49.0012;2.23108;49.0131;2.19675;48.9893;2.26541;14
14:10:19.174;49.0011;2.23091;49.013;2.19658;48.9892;2.26524;14
14:10:19.206;49.001;2.23065;49.0129;2.19632;48.9891;2.26498;14
14:10:19.206;49.0009;2.23057;49.0129;2.19624;48.989;2.26489;14
14:10:19.206;49.0008;2.2304;49.0127;2.19606;48.9889;2.26472;14
14:10:19.206;49.0007;2.22997;49.0126;2.19563;48.9888;2.26429;14
14:10:19.237;49.0004;2.22962;49.0123;2.19529;48.9885;2.26395;14
14:10:19.268;49.0002;2.22911;49.0121;2.19478;48.9883;2.26344;14
14:10:19.268;48.9999;2.22859;49.0118;2.19426;48.988;2.26292;14
14:10:19.268;48.9996;2.22808;49.0116;2.19375;48.9877;2.26241;14
14:10:19.299;48.9996;2.22791;49.0115;2.19357;48.9877;2.26223;14
14:10:19.299;48.9993;2.22748;49.0112;2.19315;48.9874;2.2618;14
14:10:19.330;48.9991;2.22713;49.011;2.1928;48.9872;2.26146;14
14:10:19.330;48.9989;2.22679;49.0108;2.19246;48.9869;2.26112;14
14:10:19.377;48.9988;2.22662;49.0107;2.19229;48.9869;2.26095;14
14:10:19.377;48.9986;2.22645;49.0105;2.19212;48.9867;2.26077;14
14:10:19.377;48.9986;2.22636;49.0105;2.19203;48.9867;2.26069;14
14:10:19.408;48.9985;2.22636;49.0104;2.19203;48.9866;2.26069;14
14:10:19.408;48.9985;2.22628;49.0104;2.19194;48.9866;2.2606;14
14:10:19.564;48.9986;2.22628;49.0105;2.19194;48.9867;2.2606;14
14:10:19.596;48.9986;2.22628;49.0105;2.19194;48.9867;2.2606;14
14:10:19.627;48.9987;2.22628;49.0106;2.19194;48.9868;2.2606;14
14:10:19.689;48.9987;2.22628;49.0107;2.19194;48.9868;2.2606;14
14:10:19.689;48.9988;2.22636;49.0107;2.19203;48.9869;2.26069;14
14:10:19.689;48.9989;2.22636;49.0108;2.19203;48.9869;2.26069;14
14:10:19.720;48.999;2.22636;49.0109;2.19203;48.9871;2.26069;14
14:10:19.720;48.999;2.22645;49.0109;2.19212;48.9871;2.26077;14
14:10:19.720;48.9992;2.22645;49.0111;2.19212;48.9873;2.26077;14
14:10:19.783;48.9995;2.22671;49.0114;2.19237;48.9876;2.26103;14
14:10:19.783;48.9996;2.22679;49.0116;2.19246;48.9877;2.26112;14
14:10:19.783;48.9999;2.22679;49.0118;2.19246;48.988;2.26112;14
14:10:19.783;49;2.22688;49.0119;2.19254;48.9881;2.2612;14
14:10:19.783;49.0004;2.22713;49.0123;2.1928;48.9885;2.26146;14
14:10:19.814;49.0007;2.22731;49.0126;2.19297;48.9888;2.26163;14
14:10:19.814;49.001;2.22748;49.013;2.19315;48.9891;2.2618;14
14:10:19.814;49.0012;2.22756;49.0131;2.19323;48.9893;2.26189;14
14:10:19.845;49.0016;2.22782;49.0135;2.19349;48.9897;2.26215;14
14:10:19.845;49.0022;2.22799;49.0141;2.19366;48.9903;2.26232;14
14:10:19.876;49.0023;2.22808;49.0143;2.19375;48.9904;2.26241;14
14:10:19.876;49.0026;2.22816;49.0145;2.19383;48.9907;2.26249;14
14:10:19.908;49.0028;2.22816;49.0148;2.19383;48.991;2.26249;14
14:10:19.908;49.003;2.22825;49.0149;2.19392;48.9911;2.26258;14
14:10:19.908;49.003;2.22825;49.0149;2.19392;48.9911;2.26258;14
14:10:19.939;49.0031;2.22825;49.015;2.19392;48.9912;2.26258;14
14:10:19.939;49.0032;2.22834;49.0151;2.194;48.9913;2.26266;14
14:10:19.970;49.0033;2.22834;49.0152;2.194;48.9913;2.26266;14
14:10:19.970;49.0033;2.22834;49.0152;2.194;48.9914;2.26266;14
14:10:20.001;49.0034;2.22834;49.0153;2.194;48.9915;2.26266;14
14:10:20.001;49.0035;2.22842;49.0154;2.19409;48.9916;2.26275;14
14:10:20.001;49.0035;2.22842;49.0154;2.19409;48.9916;2.26275;14
14:10:20.032;49.0036;2.22851;49.0155;2.19418;48.9917;2.26283;14
14:10:20.032;49.0037;2.22851;49.0157;2.19418;48.9919;2.26283;14
14:10:20.064;49.0039;2.22859;49.0158;2.19426;48.992;2.26292;14
14:10:20.064;49.004;2.22859;49.0159;2.19426;48.9921;2.26292;14
14:10:20.095;49.004;2.22868;49.0159;2.19435;48.9921;2.26301;14
14:10:20.095;49.0042;2.22868;49.0161;2.19435;48.9922;2.26301;14
14:10:20.126;49.0042;2.22868;49.0161;2.19435;48.9923;2.26301;14
14:10:20.126;49.0043;2.22868;49.0162;2.19435;48.9924;2.26301;14
14:10:20.157;49.0043;2.22877;49.0162;2.19443;48.9924;2.26309;14
14:10:20.157;49.0043;2.22877;49.0162;2.19443;48.9924;2.26309;14
14:10:20.157;49.0044;2.22885;49.0163;2.19452;48.9925;2.26318;14
14:10:20.220;49.0044;2.22894;49.0163;2.1946;48.9925;2.26326;14
14:10:20.298;49.0043;2.22902;49.0162;2.19469;48.9924;2.26335;14
14:10:20.344;49.0043;2.22902;49.0162;2.19469;48.9924;2.26335;14
14:10:20.344;49.0042;2.22902;49.0161;2.19469;48.9923;2.26335;14
14:10:20.344;49.0041;2.22902;49.016;2.19469;48.9922;2.26335;14
14:10:20.344;49.004;2.22902;49.0159;2.19469;48.9921;2.26335;14
14:10:20.407;49.0039;2.22902;49.0158;2.19469;48.992;2.26335;14
14:10:20.407;49.0039;2.22902;49.0158;2.19469;48.992;2.26335;14
14:10:20.407;49.0037;2.22902;49.0157;2.19469;48.9919;2.26335;14
14:10:20.407;49.0036;2.22902;49.0155;2.19469;48.9917;2.26335;14
14:10:20.407;49.0035;2.22902;49.0154;2.19469;48.9916;2.26335;14
14:10:20.469;49.0034;2.22894;49.0153;2.1946;48.9915;2.26326;14
14:10:20.469;49.0032;2.22885;49.0151;2.19452;48.9913;2.26318;14
14:10:20.469;49.0031;2.22877;49.015;2.19443;48.9912;2.26309;14
14:10:20.469;49.003;2.22877;49.0149;2.19443;48.9911;2.26309;14
14:10:20.500;49.003;2.22877;49.0149;2.19443;48.9911;2.26309;14
14:10:20.563;49.003;2.22877;49.0149;2.19443;48.9911;2.26309;14
14:10:20.563;49.0031;2.22877;49.015;2.19443;48.9912;2.26309;14
14:10:20.625;49.0033;2.22877;49.0152;2.19443;48.9914;2.26309;14
14:10:20.625;49.0037;2.22894;49.0156;2.1946;48.9918;2.26326;14
14:10:20.625;49.004;2.22911;49.0159;2.19478;48.9921;2.26344;14
14:10:20.625;49.0042;2.22937;49.0161;2.19503;48.9923;2.26369;14
14:10:20.625;49.0045;2.22962;49.0164;2.19529;48.9926;2.26395;14
14:10:20.688;49.0051;2.23005;49.017;2.19572;48.9931;2.26438;14
14:10:20.688;49.0056;2.23057;49.0175;2.19624;48.9936;2.26489;14
14:10:20.688;49.006;2.23108;49.0179;2.19675;48.9941;2.26541;14
14:10:20.688;49.0065;2.23186;49.0184;2.19752;48.9946;2.26618;14
14:10:20.750;49.0068;2.23228;49.0187;2.19795;48.9949;2.26661;14
14:10:20.750;49.007;2.2328;49.0189;2.19847;48.9951;2.26713;14
14:10:20.750;49.0074;2.23331;49.0193;2.19898;48.9954;2.26764;14
14:10:20.750;49.0074;2.23349;49.0193;2.19915;48.9955;2.26781;14
14:10:20.750;49.0076;2.23374;49.0195;2.19941;48.9957;2.26807;14
14:10:20.750;49.0076;2.234;49.0196;2.19967;48.9957;2.26833;14
14:10:20.812;49.0078;2.23434;49.0197;2.20001;48.9959;2.26867;14
14:10:20.812;49.008;2.23477;49.0199;2.20044;48.9961;2.2691;14
14:10:20.812;49.0081;2.23486;49.0201;2.20053;48.9962;2.26919;14
14:10:20.812;49.0083;2.23529;49.0202;2.20096;48.9964;2.26962;14
14:10:20.812;49.0085;2.2358;49.0205;2.20147;48.9966;2.27013;14
14:10:20.875;49.0087;2.23606;49.0206;2.20173;48.9968;2.27039;14
14:10:20.875;49.0089;2.23649;49.0208;2.20216;48.997;2.27082;14
14:10:20.906;49.009;2.23683;49.0209;2.2025;48.9971;2.27116;14
14:10:20.906;49.009;2.23709;49.021;2.20276;48.9971;2.27142;14
14:10:20.937;49.0091;2.23743;49.021;2.2031;48.9972;2.27176;14
14:10:20.937;49.0092;2.23795;49.0211;2.20362;48.9972;2.27228;14
14:10:20.953;49.0092;2.23838;49.0211;2.20405;48.9973;2.27271;14
14:10:20.953;49.0093;2.23889;49.0212;2.20456;48.9974;2.27322;14
14:10:20.984;49.0093;2.23949;49.0212;2.20516;48.9974;2.27382;14
14:10:20.984;49.0093;2.2401;49.0212;2.20576;48.9974;2.27442;14
14:10:21.015;49.0093;2.24061;49.0212;2.20628;48.9974;2.27494;14
14:10:21.015;49.0094;2.24113;49.0214;2.20679;48.9975;2.27545;14
14:10:21.046;49.0095;2.24181;49.0214;2.20748;48.9976;2.27614;14
14:10:21.078;49.0095;2.24233;49.0215;2.20799;48.9977;2.27665;14
14:10:21.078;49.0096;2.24284;49.0215;2.20851;48.9977;2.27717;14
14:10:21.078;49.0096;2.2431;49.0215;2.20877;48.9977;2.27743;14
14:10:21.140;49.0097;2.2437;49.0216;2.20937;48.9978;2.27803;14
14:10:21.140;49.0098;2.2443;49.0217;2.20997;48.9979;2.27863;14
14:10:21.140;49.0098;2.24482;49.0217;2.21048;48.9979;2.27914;14
14:10:21.140;49.0098;2.24507;49.0217;2.21074;48.9979;2.2794;14
14:10:21.140;49.0099;2.24559;49.0218;2.21126;48.998;2.27992;14
14:10:21.171;49.0099;2.2461;49.0219;2.21177;48.998;2.28043;14
14:10:21.171;49.0099;2.24653;49.0219;2.2122;48.998;2.28086;14
14:10:21.202;49.01;2.2467;49.0219;2.21237;48.9981;2.28103;14
14:10:21.202;49.01;2.24679;49.0219;2.21246;48.9981;2.28112;14
14:10:21.202;49.01;2.24696;49.0219;2.21263;48.9981;2.28129;14
14:10:21.234;49.01;2.24722;49.0219;2.21289;48.9981;2.28155;14
14:10:21.234;49.01;2.2473;49.0219;2.21297;48.9981;2.28163;14
14:10:21.234;49.01;2.24748;49.0219;2.21314;48.9981;2.2818;14
14:10:21.296;49.01;2.24756;49.0219;2.21323;48.9981;2.28189;14
14:10:21.436;49.01;2.24765;49.0219;2.21332;48.9981;2.28198;14
14:10:21.436;49.01;2.24773;49.0219;2.2134;48.9981;2.28206;14
14:10:21.468;49.01;2.24791;49.0219;2.21357;48.9981;2.28223;14
14:10:21.468;49.01;2.24825;49.0219;2.21392;48.9981;2.28258;14
14:10:21.530;49.0099;2.24859;49.0218;2.21426;48.998;2.28292;14
14:10:21.530;49.0099;2.24885;49.0218;2.21452;48.998;2.28318;14
14:10:21.530;49.0098;2.24911;49.0217;2.21478;48.9979;2.28343;14
14:10:21.530;49.0097;2.24945;49.0216;2.21512;48.9978;2.28378;14
14:10:21.530;49.0097;2.24962;49.0216;2.21529;48.9978;2.28395;14
14:10:21.561;49.0097;2.24971;49.0216;2.21538;48.9978;2.28404;14
14:10:21.592;49.0097;2.24988;49.0216;2.21555;48.9978;2.28421;14
14:10:21.592;49.0097;2.24997;49.0216;2.21563;48.9978;2.28429;14
14:10:21.655;49.0097;2.25005;49.0216;2.21572;48.9978;2.28438;14
14:10:21.655;49.0097;2.25014;49.0216;2.21581;48.9978;2.28446;14
14:10:21.655;49.0097;2.25022;49.0216;2.21589;48.9978;2.28455;14
14:11:02.496;49.0097;2.25022;49.0216;2.21589;48.9978;2.28455;14
14:11:02.558;49.0098;2.25022;49.0217;2.21589;48.9979;2.28455;14
14:11:02.620;49.0103;2.25022;49.0222;2.21589;48.9984;2.28455;14
14:11:02.620;49.011;2.25022;49.0229;2.21589;48.9991;2.28455;14
14:11:02.620;49.0117;2.25022;49.0237;2.21589;48.9999;2.28455;14
14:11:02.620;49.0121;2.25022;49.0241;2.21589;49.0002;2.28455;14
14:11:02.620;49.0124;2.25022;49.0243;2.21589;49.0005;2.28455;14
14:11:02.620;49.0126;2.25022;49.0245;2.21589;49.0007;2.28455;14
14:11:02.620;49.0128;2.25022;49.0247;2.21589;49.0009;2.28455;14
14:11:02.620;49.0129;2.25022;49.0248;2.21589;49.001;2.28455;14
14:11:02.730;49.013;2.25031;49.0249;2.21598;49.0011;2.28464;14
14:11:02.745;49.013;2.25031;49.0249;2.21598;49.0011;2.28464;14
14:11:02.761;49.0132;2.25065;49.0251;2.21632;49.0013;2.28498;14
14:11:02.761;49.0133;2.25074;49.0252;2.21641;49.0014;2.28507;14
14:11:02.808;49.0134;2.25091;49.0253;2.21658;49.0015;2.28524;14
14:11:02.808;49.0136;2.25125;49.0255;2.21692;49.0017;2.28558;14
14:11:02.808;49.0137;2.25134;49.0256;2.21701;49.0018;2.28567;14
14:11:02.808;49.0138;2.25151;49.0257;2.21718;49.0019;2.28584;14
14:11:02.808;49.0139;2.25168;49.0258;2.21735;49.002;2.28601;14
14:11:02.870;49.014;2.25168;49.0258;2.21735;49.002;2.28601;14
14:11:02.870;49.014;2.25185;49.0259;2.21752;49.0021;2.28618;14
14:11:02.886;49.0141;2.25194;49.026;2.21761;49.0022;2.28627;14
14:11:02.948;49.0141;2.25203;49.026;2.21769;49.0022;2.28635;14
14:11:02.948;49.0141;2.25211;49.026;2.21778;49.0022;2.28644;14
14:11:02.948;49.0142;2.25211;49.0261;2.21778;49.0023;2.28644;14
14:11:02.948;49.0142;2.2522;49.0261;2.21786;49.0023;2.28652;14
14:11:02.948;49.0143;2.25237;49.0262;2.21804;49.0024;2.2867;14
14:11:02.948;49.0145;2.25245;49.0264;2.21812;49.0025;2.28678;14
14:11:02.948;49.0145;2.25254;49.0264;2.21821;49.0026;2.28687;14
14:11:02.948;49.0146;2.25254;49.0265;2.21821;49.0027;2.28687;14
14:11:03.010;49.0147;2.25263;49.0266;2.21829;49.0028;2.28695;14
14:11:03.010;49.0148;2.25271;49.0267;2.21838;49.0029;2.28704;14
14:11:03.010;49.015;2.25271;49.0269;2.21838;49.0031;2.28704;14
14:11:03.010;49.015;2.25271;49.0269;2.21838;49.0031;2.28704;14
14:11:03.010;49.0151;2.2528;49.027;2.21847;49.0032;2.28712;14
14:11:03.073;49.0152;2.2528;49.0271;2.21847;49.0033;2.28712;14
14:11:03.073;49.0153;2.25288;49.0272;2.21855;49.0034;2.28721;14
14:11:03.073;49.0154;2.25288;49.0273;2.21855;49.0034;2.28721;14
14:11:03.073;49.0154;2.25297;49.0273;2.21864;49.0034;2.2873;14
14:11:03.120;49.0153;2.25297;49.0272;2.21864;49.0034;2.2873;14
14:11:03.120;49.0152;2.25297;49.0271;2.21864;49.0033;2.2873;14
14:11:03.182;49.015;2.25297;49.0269;2.21864;49.0031;2.2873;14
14:11:03.182;49.015;2.25297;49.0269;2.21864;49.0031;2.2873;14
14:11:03.182;49.0149;2.25297;49.0268;2.21864;49.003;2.2873;14
14:11:03.182;49.0147;2.25297;49.0266;2.21864;49.0028;2.2873;14
14:11:03.182;49.0145;2.25288;49.0264;2.21855;49.0026;2.28721;14
14:11:03.244;49.0144;2.2528;49.0263;2.21847;49.0025;2.28712;14
14:11:03.260;49.0143;2.25271;49.0262;2.21838;49.0024;2.28704;14
14:11:03.260;49.0142;2.25263;49.0261;2.21829;49.0023;2.28695;14
14:11:03.260;49.0141;2.25254;49.026;2.21821;49.0022;2.28687;14
14:11:03.260;49.014;2.25245;49.0259;2.21812;49.0021;2.28678;14
14:11:03.260;49.014;2.25237;49.0258;2.21804;49.002;2.2867;14
14:11:03.291;49.0138;2.25237;49.0257;2.21804;49.0019;2.2867;14
14:11:03.291;49.0135;2.25203;49.0255;2.21769;49.0017;2.28635;14
14:11:03.291;49.0134;2.25177;49.0253;2.21744;49.0015;2.2861;14
14:11:03.322;49.0132;2.2516;49.0251;2.21726;49.0013;2.28592;14
14:11:03.322;49.0129;2.25125;49.0248;2.21692;49.001;2.28558;14
14:11:03.354;49.0127;2.25082;49.0246;2.21649;49.0008;2.28515;14
14:11:03.416;49.0124;2.25039;49.0243;2.21606;49.0005;2.28472;14
14:11:03.416;49.0123;2.25022;49.0242;2.21589;49.0004;2.28455;14
14:11:03.416;49.012;2.24979;49.0239;2.21546;49.0001;2.28412;14
14:11:03.416;49.0119;2.24945;49.0238;2.21512;49;2.28378;14
14:11:03.416;49.0118;2.24936;49.0237;2.21503;48.9999;2.28369;14
14:11:03.416;49.0116;2.24894;49.0235;2.2146;48.9997;2.28326;14
14:11:03.463;49.0114;2.24859;49.0233;2.21426;48.9995;2.28292;14
14:11:03.463;49.0111;2.24825;49.023;2.21392;48.9992;2.28258;14
14:11:03.463;49.011;2.24799;49.0229;2.21366;48.9991;2.28232;14
14:11:03.510;49.0107;2.24773;49.0226;2.2134;48.9988;2.28206;14
14:11:03.510;49.0106;2.24748;49.0225;2.21314;48.9987;2.2818;14
14:11:03.541;49.0104;2.24722;49.0224;2.21289;48.9986;2.28155;14
14:11:03.541;49.0103;2.24705;49.0223;2.21272;48.9984;2.28137;14
14:11:03.556;49.0102;2.24679;49.0221;2.21246;48.9983;2.28112;14
14:11:03.556;49.0101;2.24662;49.022;2.21229;48.9982;2.28095;14
14:11:03.619;49.0099;2.24636;49.0219;2.21203;48.998;2.28069;14
14:11:03.634;49.0098;2.24602;49.0217;2.21169;48.9979;2.28034;14
14:11:03.634;49.0097;2.24585;49.0216;2.21151;48.9978;2.28017;14
14:11:03.634;49.0095;2.2455;49.0214;2.21117;48.9976;2.27983;14
14:11:03.634;49.0094;2.24542;49.0214;2.21108;48.9975;2.27974;14
14:11:03.634;49.0093;2.24499;49.0212;2.21066;48.9974;2.27931;14
14:11:03.697;49.009;2.24456;49.021;2.21023;48.9971;2.27889;14
14:11:03.697;49.009;2.2443;49.0209;2.20997;48.9971;2.27863;14
14:11:03.697;49.0089;2.24413;49.0208;2.2098;48.997;2.27846;14
14:11:03.697;49.0088;2.24387;49.0207;2.20954;48.9969;2.2782;14
14:11:03.697;49.0087;2.24344;49.0206;2.20911;48.9967;2.27777;14
14:11:03.728;49.0084;2.24301;49.0203;2.20868;48.9965;2.27734;14
14:11:03.728;49.0084;2.24276;49.0203;2.20842;48.9965;2.27708;14
14:11:03.759;49.0082;2.24233;49.0201;2.20799;48.9963;2.27665;14
14:11:03.759;49.008;2.24181;49.0199;2.20748;48.9961;2.27614;14
14:11:03.759;49.0079;2.24164;49.0198;2.20731;48.996;2.27597;14
14:11:03.790;49.0075;2.24104;49.0194;2.20671;48.9956;2.27537;14
14:11:03.790;49.0071;2.24035;49.019;2.20602;48.9952;2.27468;14
14:11:03.790;49.0067;2.23975;49.0187;2.20542;48.9948;2.27408;14
14:11:03.822;49.0065;2.23941;49.0184;2.20508;48.9946;2.27374;14
14:11:03.822;49.0062;2.23907;49.0181;2.20473;48.9943;2.27339;14
14:11:03.822;49.0057;2.23829;49.0176;2.20396;48.9938;2.27262;14
14:11:03.853;49.0056;2.23821;49.0175;2.20387;48.9936;2.27253;14
14:11:03.853;49.0053;2.23786;49.0172;2.20353;48.9934;2.27219;14
14:11:03.884;49.005;2.23743;49.0169;2.2031;48.9931;2.27176;14
14:11:03.884;49.0048;2.23709;49.0167;2.20276;48.9929;2.27142;14
14:11:03.884;49.0046;2.23683;49.0165;2.2025;48.9927;2.27116;14
14:11:03.915;49.0045;2.23666;49.0164;2.20233;48.9926;2.27099;14
14:11:03.915;49.0044;2.23658;49.0163;2.20224;48.9925;2.2709;14
14:11:03.915;49.0043;2.23632;49.0162;2.20199;48.9924;2.27065;14
14:11:03.946;49.0042;2.23598;49.0161;2.20164;48.9922;2.2703;14
14:11:03.946;49.004;2.23572;49.0159;2.20139;48.9921;2.27004;14
14:11:03.978;49.0038;2.23537;49.0157;2.20104;48.9919;2.2697;14
14:11:03.978;49.0036;2.23503;49.0155;2.2007;48.9917;2.26936;14
14:11:04.009;49.0036;2.23495;49.0155;2.20061;48.9917;2.26927;14
14:11:04.009;49.0035;2.23477;49.0154;2.20044;48.9916;2.2691;14
14:11:04.009;49.0035;2.2346;49.0154;2.20027;48.9916;2.26893;14
14:11:04.009;49.0034;2.2346;49.0153;2.20027;48.9915;2.26893;14
14:11:04.040;49.0034;2.23443;49.0153;2.2001;48.9915;2.26876;14
14:11:04.040;49.0034;2.23426;49.0153;2.19993;48.9915;2.26859;14
14:11:04.040;49.0033;2.23417;49.0152;2.19984;48.9914;2.2685;14
14:11:04.118;49.0033;2.23409;49.0152;2.19975;48.9913;2.26841;14
14:11:04.430;49.0032;2.23409;49.0151;2.19975;48.9913;2.26841;14
14:11:04.446;49.0031;2.23409;49.015;2.19975;48.9912;2.26841;14
14:11:04.492;49.003;2.234;49.0149;2.19967;48.9911;2.26833;14
14:11:04.492;49.0021;2.2334;49.014;2.19907;48.9902;2.26773;14
14:11:04.508;49.0016;2.23306;49.0135;2.19872;48.9897;2.26738;14
14:11:04.508;49.0003;2.23211;49.0122;2.19778;48.9884;2.26644;14
14:11:04.508;48.9996;2.23134;49.0115;2.19701;48.9877;2.26567;14
14:11:04.508;48.9993;2.23108;49.0112;2.19675;48.9874;2.26541;14
14:11:04.570;48.9989;2.23065;49.0108;2.19632;48.987;2.26498;14
14:11:04.570;48.9985;2.23022;49.0104;2.19589;48.9866;2.26455;14
14:11:04.570;48.9983;2.23005;49.0103;2.19572;48.9864;2.26438;14
14:11:04.570;48.9983;2.23005;49.0102;2.19572;48.9864;2.26438;14
14:11:04.602;48.9983;2.22997;49.0102;2.19563;48.9864;2.26429;14
14:11:04.726;48.9983;2.23005;49.0102;2.19572;48.9864;2.26438;14
14:11:04.789;48.9983;2.23014;49.0102;2.19581;48.9864;2.26447;14
14:11:04.789;48.9983;2.23022;49.0102;2.19589;48.9864;2.26455;14
14:11:04.789;48.9982;2.23031;49.0102;2.19598;48.9863;2.26464;14
14:11:04.789;48.9982;2.2304;49.0101;2.19606;48.9863;2.26472;14
14:11:04.789;48.9981;2.23048;49.01;2.19615;48.9862;2.26481;14
14:11:04.820;48.9981;2.23057;49.01;2.19624;48.9862;2.26489;14
14:11:04.882;48.998;2.23057;49.0099;2.19624;48.9861;2.26489;14
14:11:04.882;48.998;2.23057;49.0099;2.19624;48.986;2.26489;14
14:11:04.882;48.9978;2.23057;49.0097;2.19624;48.9859;2.26489;14
14:11:04.882;48.9969;2.23022;49.0088;2.19589;48.985;2.26455;14
14:11:04.914;48.9964;2.22997;49.0083;2.19563;48.9845;2.26429;14
14:11:04.914;48.9959;2.22962;49.0078;2.19529;48.984;2.26395;14
14:11:04.945;48.9953;2.22911;49.0072;2.19478;48.9833;2.26344;14
14:11:04.945;48.9947;2.22851;49.0066;2.19418;48.9828;2.26283;14
14:11:04.945;48.9945;2.22816;49.0064;2.19383;48.9826;2.26249;14
14:11:04.945;48.9944;2.22799;49.0063;2.19366;48.9824;2.26232;14
14:11:04.976;48.9942;2.22782;49.0061;2.19349;48.9823;2.26215;14
14:11:04.976;48.9941;2.22739;49.006;2.19306;48.9822;2.26172;14
14:11:05.007;48.994;2.22705;49.0059;2.19272;48.9821;2.26138;14
14:11:05.007;48.9938;2.22688;49.0057;2.19254;48.9819;2.2612;14
14:11:05.038;48.9938;2.22671;49.0057;2.19237;48.9819;2.26103;14
14:11:05.038;48.9937;2.22662;49.0056;2.19229;48.9818;2.26095;14
14:11:05.038;48.9937;2.22645;49.0056;2.19212;48.9818;2.26077;14
14:11:05.070;48.9937;2.22628;49.0056;2.19194;48.9818;2.2606;14
14:11:05.070;48.9936;2.2261;49.0055;2.19177;48.9817;2.26043;14
14:11:05.101;48.9936;2.22602;49.0055;2.19169;48.9817;2.26035;14
14:11:05.101;48.9936;2.22593;49.0055;2.1916;48.9817;2.26026;14
14:11:05.132;48.9935;2.22593;49.0054;2.1916;48.9816;2.26026;14
14:11:05.257;48.9935;2.22602;49.0054;2.19169;48.9815;2.26035;14
14:11:05.288;48.9935;2.2261;49.0054;2.19177;48.9815;2.26043;14
14:11:05.319;48.9935;2.22619;49.0054;2.19186;48.9815;2.26052;14
14:11:05.319;48.9935;2.22628;49.0054;2.19194;48.9815;2.2606;14
14:11:05.366;48.9935;2.22636;49.0054;2.19203;48.9815;2.26069;14
14:11:05.694;48.9934;2.22636;49.0053;2.19203;48.9815;2.26069;14
14:11:05.756;48.9933;2.22636;49.0052;2.19203;48.9814;2.26069;14
14:11:05.818;48.9932;2.22636;49.0051;2.19203;48.9813;2.26069;14
14:11:05.818;48.9931;2.22636;49.005;2.19203;48.9812;2.26069;14
14:11:05.818;48.9923;2.22628;49.0042;2.19194;48.9804;2.2606;14
14:11:05.818;48.9919;2.2261;49.0038;2.19177;48.98;2.26043;14
14:11:05.818;48.9915;2.22593;49.0034;2.1916;48.9796;2.26026;14
14:11:05.818;48.9893;2.22525;49.0012;2.19091;48.9774;2.25957;14
14:11:05.818;48.9877;2.22499;48.9996;2.19066;48.9757;2.25932;14
14:11:05.818;48.9862;2.22456;48.9981;2.19023;48.9743;2.25889;14
14:11:05.818;48.9858;2.22447;48.9977;2.19014;48.9739;2.2588;14
14:11:05.818;48.985;2.2243;48.9969;2.18997;48.9731;2.25863;14
14:11:05.881;48.9839;2.22387;48.9958;2.18954;48.972;2.2582;14
14:11:05.881;48.9837;2.22387;48.9956;2.18954;48.9717;2.2582;14
14:11:05.881;48.9834;2.22387;48.9953;2.18954;48.9715;2.2582;14
14:11:05.881;48.9833;2.22387;48.9952;2.18954;48.9714;2.2582;14
14:11:05.928;48.9833;2.22379;48.9952;2.18946;48.9714;2.25811;14
14:11:05.959;48.9833;2.2237;48.9952;2.18937;48.9714;2.25803;14
14:11:06.021;48.9833;2.22362;48.9952;2.18928;48.9714;2.25794;14
14:11:06.021;48.9833;2.22353;48.9952;2.1892;48.9714;2.25786;14
14:11:06.021;48.9833;2.22344;48.9952;2.18911;48.9714;2.25777;14
14:11:06.021;48.9833;2.22327;48.9952;2.18894;48.9714;2.2576;14
14:11:06.021;48.9833;2.2231;48.9952;2.18877;48.9714;2.25743;14
14:11:06.021;48.9833;2.22301;48.9952;2.18868;48.9714;2.25734;14
14:11:06.021;48.9833;2.22267;48.9952;2.18834;48.9714;2.257;14
14:11:06.084;48.9833;2.22241;48.9952;2.18808;48.9713;2.25674;14
14:11:06.084;48.9833;2.22233;48.9952;2.188;48.9713;2.25666;14
14:11:06.084;48.9832;2.22173;48.9951;2.1874;48.9713;2.25605;14
14:11:06.645;48.9831;2.22173;48.995;2.1874;48.9712;2.25605;14
14:11:06.708;48.983;2.22173;48.9949;2.1874;48.9711;2.25605;14
14:11:06.723;48.982;2.22156;48.9939;2.18722;48.9701;2.25588;14
14:11:06.723;48.9813;2.22121;48.9933;2.18688;48.9694;2.25554;14
14:11:06.723;48.9796;2.22044;48.9916;2.18611;48.9677;2.25477;14
14:11:06.723;48.9786;2.22001;48.9906;2.18568;48.9667;2.25434;14
14:11:06.786;48.9771;2.21924;48.989;2.18491;48.9651;2.25357;14
14:11:06.786;48.9757;2.21847;48.9876;2.18413;48.9637;2.25279;14
14:11:06.786;48.9751;2.21812;48.987;2.18379;48.9632;2.25245;14
14:11:06.786;48.9745;2.21769;48.9864;2.18336;48.9626;2.25202;14
14:11:06.786;48.9739;2.21726;48.9858;2.18293;48.962;2.25159;14
14:11:06.786;48.9736;2.21709;48.9855;2.18276;48.9617;2.25142;14
14:11:06.786;48.9734;2.21692;48.9853;2.18259;48.9615;2.25125;14
14:11:06.848;48.9731;2.21666;48.985;2.18233;48.9611;2.25099;14
14:11:06.848;48.973;2.21666;48.9849;2.18233;48.9611;2.25099;14
14:11:06.848;48.9729;2.21658;48.9848;2.18225;48.961;2.2509;14
14:11:06.848;48.9728;2.21658;48.9847;2.18225;48.9609;2.2509;14
14:11:06.848;48.9728;2.21649;48.9847;2.18216;48.9609;2.25082;14
14:11:06.848;48.9728;2.21649;48.9847;2.18216;48.9609;2.25082;14
14:11:06.910;48.9727;2.21649;48.9846;2.18216;48.9608;2.25082;14
14:11:06.910;48.9726;2.21632;48.9845;2.18199;48.9607;2.25065;14
14:11:06.910;48.9725;2.21632;48.9845;2.18199;48.9606;2.25065;14
14:11:06.910;48.9725;2.21615;48.9844;2.18182;48.9606;2.25048;14
14:11:06.910;48.9724;2.21615;48.9843;2.18182;48.9605;2.25048;14
14:11:06.910;48.9722;2.21589;48.9841;2.18156;48.9603;2.25022;14
14:11:06.910;48.9722;2.21589;48.9841;2.18156;48.9602;2.25022;14
14:11:06.973;48.972;2.21572;48.984;2.18139;48.9601;2.25005;14
14:11:06.973;48.9718;2.21555;48.9837;2.18122;48.9599;2.24987;14
14:11:06.973;48.9714;2.21503;48.9833;2.1807;48.9595;2.24936;14
14:11:06.973;48.9712;2.2146;48.9831;2.18027;48.9593;2.24893;14
14:11:06.973;48.9709;2.21426;48.9828;2.17993;48.959;2.24859;14
14:11:06.973;48.9704;2.21357;48.9823;2.17924;48.9585;2.2479;14
14:11:07.035;48.9702;2.21332;48.9822;2.17898;48.9583;2.24764;14
14:11:07.035;48.97;2.21297;48.9819;2.17864;48.9581;2.2473;14
14:11:07.035;48.9699;2.2128;48.9818;2.17847;48.958;2.24713;14
14:11:07.035;48.9697;2.21254;48.9816;2.17821;48.9578;2.24687;14
14:11:07.035;48.9696;2.21237;48.9815;2.17804;48.9576;2.2467;14
14:11:07.035;48.9695;2.2122;48.9814;2.17787;48.9575;2.24653;14
14:11:07.035;48.9693;2.21211;48.9813;2.17778;48.9574;2.24644;14
14:11:07.035;48.9693;2.21194;48.9812;2.17761;48.9574;2.24627;14
14:11:07.098;48.9692;2.21186;48.9811;2.17752;48.9573;2.24618;14
14:11:07.098;48.9691;2.21177;48.981;2.17744;48.9572;2.2461;14
14:11:07.098;48.9691;2.21177;48.981;2.17744;48.9571;2.2461;14
14:11:07.098;48.9691;2.21169;48.981;2.17735;48.9571;2.24601;14
14:11:07.098;48.969;2.21169;48.9809;2.17735;48.9571;2.24601;14
14:11:07.098;48.9689;2.2116;48.9809;2.17727;48.957;2.24593;14
14:11:07.410;48.9689;2.2116;48.9808;2.17727;48.957;2.24593;14
14:11:07.410;48.9688;2.2116;48.9808;2.17727;48.9569;2.24593;14
14:11:07.472;48.9686;2.2116;48.9805;2.17727;48.9567;2.24593;14
14:11:07.472;48.9684;2.2116;48.9803;2.17727;48.9565;2.24593;14
14:11:07.472;48.968;2.2116;48.9799;2.17727;48.9561;2.24593;14
14:11:07.472;48.9671;2.21151;48.9791;2.17718;48.9552;2.24584;14
14:11:07.472;48.9666;2.21143;48.9785;2.1771;48.9547;2.24575;14
14:11:07.472;48.9658;2.21108;48.9777;2.17675;48.9539;2.24541;14
14:11:07.519;48.9652;2.21074;48.9771;2.17641;48.9533;2.24507;14
14:11:07.519;48.9642;2.21005;48.9761;2.17572;48.9523;2.24438;14
14:11:07.519;48.9638;2.20963;48.9757;2.17529;48.9519;2.24395;14
14:11:07.581;48.963;2.20902;48.9749;2.17469;48.9511;2.24335;14
14:11:07.581;48.9626;2.20868;48.9745;2.17435;48.9507;2.24301;14
14:11:07.581;48.9624;2.20851;48.9743;2.17418;48.9505;2.24284;14
14:11:07.581;48.9621;2.20825;48.974;2.17392;48.9501;2.24258;14
14:11:07.581;48.962;2.20817;48.9739;2.17383;48.95;2.24249;14
14:11:07.581;48.9618;2.20808;48.9738;2.17375;48.9499;2.24241;14
14:11:07.612;48.9617;2.20808;48.9737;2.17375;48.9498;2.24241;14
14:11:07.644;48.9617;2.20808;48.9736;2.17375;48.9498;2.24241;14
14:11:07.690;48.9616;2.20799;48.9735;2.17366;48.9497;2.24232;14
14:11:07.690;48.9616;2.20791;48.9735;2.17358;48.9496;2.24224;14
14:11:07.690;48.9615;2.20791;48.9734;2.17358;48.9496;2.24224;14
14:11:07.753;48.9613;2.20782;48.9733;2.17349;48.9494;2.24215;14
14:11:07.753;48.9613;2.20774;48.9733;2.1734;48.9494;2.24206;14
14:11:07.753;48.9612;2.20774;48.9731;2.1734;48.9493;2.24206;14
14:11:07.753;48.9612;2.20765;48.9731;2.17332;48.9492;2.24198;14
14:11:07.753;48.961;2.20757;48.9729;2.17323;48.9491;2.24189;14
14:11:07.815;48.9609;2.20748;48.9729;2.17315;48.949;2.24181;14
14:11:07.815;48.9607;2.20739;48.9726;2.17306;48.9488;2.24172;14
14:11:07.815;48.9605;2.20722;48.9725;2.17289;48.9486;2.24155;14
14:11:07.815;48.9605;2.20722;48.9724;2.17289;48.9486;2.24155;14
14:11:07.815;48.9604;2.20722;48.9724;2.17289;48.9485;2.24155;14
14:11:07.846;48.9603;2.20714;48.9722;2.1728;48.9484;2.24146;14
14:11:07.909;48.9603;2.20705;48.9722;2.17272;48.9484;2.24138;14
14:11:07.971;48.9603;2.20696;48.9722;2.17263;48.9484;2.24129;14
14:11:08.002;48.9603;2.20688;48.9722;2.17255;48.9484;2.24121;14
14:11:08.065;48.9603;2.20679;48.9722;2.17246;48.9484;2.24112;14
14:11:08.065;48.9603;2.20671;48.9722;2.17237;48.9484;2.24103;14
14:11:08.065;48.9603;2.20636;48.9722;2.17203;48.9484;2.24069;14
14:11:08.065;48.9603;2.20602;48.9722;2.17169;48.9484;2.24035;14
14:11:08.065;48.9602;2.20499;48.9721;2.17066;48.9482;2.23932;14
14:11:08.065;48.96;2.2043;48.972;2.16997;48.9481;2.23863;14
14:11:08.096;48.9599;2.20293;48.9718;2.1686;48.948;2.23726;14
14:11:08.096;48.9597;2.20139;48.9716;2.16705;48.9478;2.23571;14
14:11:08.096;48.9596;2.2007;48.9715;2.16637;48.9477;2.23503;14
14:11:08.158;48.9594;2.19915;48.9713;2.16482;48.9474;2.23348;14
14:11:08.158;48.9593;2.19838;48.9712;2.16405;48.9473;2.23271;14
14:11:08.236;48.9591;2.19769;48.9711;2.16336;48.9472;2.23202;14
14:11:08.236;48.959;2.19692;48.971;2.16259;48.9471;2.23125;14
14:11:08.236;48.9589;2.19606;48.9708;2.16173;48.947;2.23039;14
14:11:08.236;48.9589;2.19555;48.9708;2.16122;48.9469;2.22988;14
14:11:08.236;48.9589;2.19478;48.9708;2.16044;48.9469;2.2291;14
14:11:08.236;48.9588;2.19443;48.9707;2.1601;48.9469;2.22876;14
14:11:08.236;48.9588;2.19418;48.9707;2.15984;48.9469;2.2285;14
14:11:08.236;48.9588;2.194;48.9707;2.15967;48.9469;2.22833;14
14:11:08.236;48.9588;2.19357;48.9707;2.15924;48.9469;2.2279;14
14:11:08.236;48.9588;2.19349;48.9707;2.15916;48.9469;2.22782;14
14:11:08.268;48.9588;2.19323;48.9707;2.1589;48.9469;2.22756;14
14:11:08.268;48.9588;2.19306;48.9707;2.15873;48.9468;2.22739;14
14:11:08.268;48.9588;2.19297;48.9707;2.15864;48.9468;2.2273;14
14:11:08.283;48.9587;2.1928;48.9706;2.15847;48.9468;2.22713;14
14:11:08.283;48.9587;2.19272;48.9706;2.15838;48.9468;2.22704;14
14:11:08.314;48.9587;2.19263;48.9706;2.1583;48.9468;2.22696;14
14:11:08.314;48.9587;2.19254;48.9706;2.15821;48.9468;2.22687;14
14:11:08.689;48.9587;2.19237;48.9706;2.15804;48.9468;2.2267;14
14:11:08.767;48.9587;2.19212;48.9706;2.15778;48.9468;2.22644;14
14:11:08.767;48.9587;2.19126;48.9706;2.15693;48.9468;2.22558;14
14:11:08.767;48.9585;2.19031;48.9704;2.15598;48.9465;2.22464;14
14:11:08.767;48.9581;2.18885;48.97;2.15452;48.9462;2.22318;14
14:11:08.767;48.958;2.18843;48.9699;2.15409;48.9461;2.22275;14
14:11:08.767;48.958;2.18817;48.9699;2.15384;48.946;2.22249;14
14:11:08.767;48.9578;2.18765;48.9697;2.15332;48.9459;2.22198;14
14:11:08.814;48.9576;2.18688;48.9695;2.15255;48.9457;2.22121;14
14:11:08.814;48.9576;2.18662;48.9695;2.15229;48.9456;2.22095;14
14:11:08.814;48.9575;2.18654;48.9694;2.1522;48.9456;2.22086;14
14:11:08.814;48.9575;2.18645;48.9694;2.15212;48.9456;2.22078;14
14:11:08.954;48.9575;2.18637;48.9694;2.15203;48.9456;2.22069;14
14:11:09.016;48.9575;2.18628;48.9694;2.15195;48.9456;2.22061;14
14:11:09.016;48.9575;2.18619;48.9694;2.15186;48.9456;2.22052;14
14:11:09.016;48.9575;2.18611;48.9694;2.15178;48.9456;2.22043;14
14:11:09.079;48.9575;2.18585;48.9694;2.15152;48.9456;2.22018;14
14:11:09.079;48.9575;2.18576;48.9694;2.15143;48.9456;2.22009;14
14:11:09.079;48.9575;2.18568;48.9694;2.15135;48.9456;2.22001;14
14:11:09.094;48.9575;2.18559;48.9694;2.15126;48.9456;2.21992;14
14:11:09.141;48.9576;2.18551;48.9695;2.15117;48.9456;2.21983;14
14:11:09.141;48.9576;2.18534;48.9695;2.151;48.9456;2.21966;14
14:11:09.204;48.9576;2.18508;48.9695;2.15075;48.9457;2.2194;14
14:11:09.204;48.9577;2.18491;48.9696;2.15057;48.9458;2.21923;14
14:11:09.204;48.9577;2.18465;48.9696;2.15032;48.9458;2.21898;14
14:11:09.235;48.9577;2.18422;48.9697;2.14989;48.9458;2.21855;14
14:11:09.235;48.9577;2.18413;48.9697;2.1498;48.9458;2.21846;14
14:11:09.235;48.9578;2.18396;48.9697;2.14963;48.9459;2.21829;14
14:11:09.266;48.9578;2.18388;48.9697;2.14954;48.9459;2.2182;14
14:11:09.266;48.9578;2.18379;48.9697;2.14946;48.9459;2.21812;14
14:11:09.375;48.9578;2.18379;48.9698;2.14946;48.9459;2.21812;14
14:11:09.438;48.9578;2.18388;48.9698;2.14954;48.9459;2.2182;14
14:11:09.438;48.9578;2.18405;48.9698;2.14972;48.9459;2.21837;14
14:11:09.438;48.9578;2.18431;48.9698;2.14997;48.9459;2.21863;14
14:11:09.438;48.9578;2.18448;48.9698;2.15014;48.9459;2.2188;14
14:11:09.438;48.9578;2.18482;48.9698;2.15049;48.9459;2.21915;14
14:11:09.500;48.9579;2.18508;48.9698;2.15075;48.946;2.2194;14
14:11:09.500;48.9579;2.18534;48.9698;2.151;48.946;2.21966;14
14:11:09.500;48.9579;2.18559;48.9698;2.15126;48.946;2.21992;14
14:11:09.500;48.958;2.18619;48.9699;2.15186;48.946;2.22052;14
14:11:09.500;48.958;2.18637;48.9699;2.15203;48.946;2.22069;14
14:11:09.500;48.958;2.18705;48.9699;2.15272;48.946;2.22138;14
14:11:09.531;48.958;2.1874;48.9699;2.15306;48.946;2.22172;14
