13:55:46.413;48.8547;2.34661;48.9502;2.07195;48.7591;2.62126;11
13:55:46.413;48.8547;2.34661;48.9502;2.07195;48.7591;2.62126;11
13:55:46.616;48.8547;2.34661;48.9025;2.20928;48.8069;2.48393;12
13:55:46.616;48.8547;2.34661;48.9025;2.20928;48.8069;2.48393;12
13:55:46.850;48.8547;2.34661;48.8786;2.27795;48.8308;2.41527;13
13:55:46.850;48.8547;2.34661;48.8786;2.27795;48.8308;2.41527;13
13:55:47.271;48.8546;2.34661;48.8785;2.27795;48.8307;2.41527;13
13:55:47.302;48.8544;2.34661;48.8783;2.27795;48.8305;2.41527;13
13:55:47.302;48.8537;2.34661;48.8776;2.27795;48.8298;2.41527;13
13:55:47.318;48.8526;2.34747;48.8764;2.2788;48.8287;2.41613;13
13:55:47.318;48.8503;2.34919;48.8742;2.28052;48.8264;2.41785;13
13:55:47.349;48.849;2.35022;48.8728;2.28155;48.8251;2.41888;13
13:55:47.380;48.848;2.3509;48.8719;2.28224;48.8242;2.41956;13
13:55:47.380;48.8474;2.35142;48.8713;2.28275;48.8235;2.42008;13
13:55:47.412;48.8471;2.35142;48.871;2.28275;48.8232;2.42008;13
13:55:47.458;48.8468;2.35142;48.8707;2.28275;48.8229;2.42008;13
13:55:47.458;48.8464;2.35159;48.8702;2.28292;48.8225;2.42025;13
13:55:47.458;48.8461;2.35159;48.87;2.28292;48.8222;2.42025;13
13:55:47.490;48.8457;2.35159;48.8696;2.28292;48.8218;2.42025;13
13:55:47.490;48.8451;2.35159;48.869;2.28292;48.8212;2.42025;13
13:55:47.490;48.8446;2.35176;48.8684;2.2831;48.8206;2.42042;13
13:55:47.490;48.8443;2.35176;48.8682;2.2831;48.8204;2.42042;13
13:55:47.490;48.8438;2.35176;48.8676;2.2831;48.8199;2.42042;13
13:55:47.521;48.8432;2.35176;48.8671;2.2831;48.8193;2.42042;13
13:55:47.521;48.8423;2.35176;48.8662;2.2831;48.8184;2.42042;13
13:55:47.552;48.841;2.35176;48.8649;2.2831;48.8172;2.42042;13
13:55:47.552;48.8398;2.35193;48.8637;2.28327;48.8159;2.42059;13
13:55:47.583;48.8389;2.3521;48.8628;2.28344;48.815;2.42076;13
13:55:47.614;48.838;2.3521;48.8619;2.28344;48.8141;2.42076;13
13:55:47.614;48.8374;2.3521;48.8613;2.28344;48.8135;2.42076;13
13:55:47.646;48.837;2.35228;48.8609;2.28361;48.8131;2.42094;13
13:55:47.646;48.8368;2.35228;48.8606;2.28361;48.8129;2.42094;13
13:55:47.677;48.8366;2.35228;48.8605;2.28361;48.8127;2.42094;13
13:55:47.677;48.8365;2.35228;48.8604;2.28361;48.8126;2.42094;13
13:55:47.802;48.8365;2.3521;48.8604;2.28344;48.8126;2.42076;13
13:55:47.833;48.8366;2.3521;48.8605;2.28344;48.8127;2.42076;13
13:55:47.833;48.8368;2.35159;48.8606;2.28292;48.8129;2.42025;13
13:55:47.848;48.837;2.35073;48.8609;2.28207;48.8131;2.41939;13
13:55:47.864;48.8371;2.3497;48.861;2.28104;48.8132;2.41836;13
13:55:47.880;48.8373;2.34884;48.8612;2.28018;48.8134;2.4175;13
13:55:47.880;48.8377;2.34781;48.8615;2.27915;48.8138;2.41647;13
13:55:47.911;48.8379;2.34713;48.8618;2.27846;48.814;2.41579;13
13:55:47.911;48.8381;2.34627;48.862;2.2776;48.8142;2.41493;13
13:55:47.942;48.8383;2.34575;48.8622;2.27709;48.8144;2.41441;13
13:55:47.942;48.8385;2.34524;48.8623;2.27657;48.8145;2.4139;13
13:55:47.973;48.8385;2.34489;48.8623;2.27623;48.8145;2.41355;13
13:55:47.973;48.8385;2.34404;48.8623;2.27537;48.8145;2.4127;13
13:55:48.020;48.8385;2.34369;48.8623;2.27503;48.8145;2.41235;13
13:55:48.020;48.8385;2.34352;48.8623;2.27486;48.8145;2.41218;13
13:55:48.020;48.8383;2.34318;48.8622;2.27451;48.8144;2.41184;13
13:55:48.082;48.8381;2.34283;48.862;2.27417;48.8142;2.41149;13
13:55:48.082;48.838;2.34249;48.8619;2.27383;48.8141;2.41115;13
13:55:48.082;48.8378;2.34232;48.8617;2.27365;48.8139;2.41098;13
13:55:48.082;48.8374;2.34163;48.8613;2.27297;48.8135;2.41029;13
13:55:48.129;48.837;2.3406;48.8609;2.27194;48.8131;2.40926;13
13:55:48.129;48.8363;2.33957;48.8602;2.27091;48.8124;2.40823;13
13:55:48.129;48.8354;2.33786;48.8593;2.26919;48.8115;2.40652;13
13:55:48.129;48.8339;2.33545;48.8578;2.26679;48.81;2.40411;13
13:55:48.192;48.8328;2.33339;48.8567;2.26473;48.8089;2.40205;13
13:55:48.192;48.8312;2.33065;48.8551;2.26198;48.8073;2.39931;13
13:55:48.192;48.8298;2.32807;48.8536;2.25941;48.8059;2.39673;13
13:55:48.223;48.8284;2.32601;48.8523;2.25735;48.8045;2.39467;13
13:55:48.223;48.8273;2.32378;48.8512;2.25512;48.8034;2.39244;13
13:55:48.223;48.8268;2.32292;48.8507;2.25426;48.8029;2.39158;13
13:55:48.238;48.8256;2.32;48.8495;2.25134;48.8017;2.38866;13
13:55:48.301;48.8252;2.31863;48.8491;2.24997;48.8013;2.38729;13
13:55:48.301;48.825;2.31743;48.8489;2.24876;48.8011;2.38609;13
13:55:48.301;48.8249;2.3164;48.8488;2.24773;48.801;2.38506;13
13:55:48.301;48.8248;2.3152;48.8487;2.24653;48.8009;2.38386;13
13:55:48.301;48.8248;2.31451;48.8487;2.24585;48.8009;2.38317;13
13:55:48.332;48.8248;2.31417;48.8487;2.2455;48.8009;2.38283;13
13:55:48.363;48.8248;2.31314;48.8487;2.24447;48.8009;2.3818;13
13:55:48.363;48.8249;2.31279;48.8488;2.24413;48.801;2.38145;13
13:55:48.363;48.825;2.31245;48.8489;2.24379;48.8011;2.38111;13
13:55:48.379;48.8251;2.31176;48.849;2.2431;48.8012;2.38042;13
13:55:48.379;48.8252;2.31125;48.8491;2.24258;48.8013;2.37991;13
13:55:48.410;48.8255;2.31073;48.8493;2.24207;48.8016;2.37939;13
13:55:48.441;48.8256;2.31022;48.8495;2.24155;48.8017;2.37888;13
13:55:48.441;48.8257;2.31022;48.8496;2.24155;48.8018;2.37888;13
13:55:48.472;48.8257;2.31005;48.8496;2.24138;48.8018;2.37871;13
13:55:48.738;48.8255;2.31005;48.8493;2.24138;48.8016;2.37871;13
13:55:48.784;48.8251;2.31005;48.849;2.24138;48.8012;2.37871;13
13:55:48.784;48.8237;2.31005;48.8475;2.24138;48.7997;2.37871;13
13:55:48.784;48.8208;2.31005;48.8447;2.24138;48.7969;2.37871;13
13:55:48.784;48.8177;2.31005;48.8416;2.24138;48.7938;2.37871;13
13:55:48.847;48.8143;2.31005;48.8382;2.24138;48.7904;2.37871;13
13:55:48.847;48.8118;2.30936;48.8357;2.2407;48.7879;2.37802;13
13:55:48.847;48.8077;2.30799;48.8316;2.23932;48.7838;2.37665;13
13:55:48.847;48.807;2.30764;48.8309;2.23898;48.7831;2.3763;13
13:55:48.878;48.8048;2.30679;48.8287;2.23812;48.7808;2.37544;13
13:55:48.878;48.803;2.30593;48.8269;2.23726;48.779;2.37459;13
13:55:48.878;48.8026;2.30558;48.8265;2.23692;48.7787;2.37424;13
13:55:48.878;48.8018;2.30524;48.8257;2.23658;48.7779;2.3739;13
13:55:48.940;48.8006;2.30455;48.8245;2.23589;48.7767;2.37321;13
13:55:48.940;48.8004;2.30421;48.8243;2.23555;48.7764;2.37287;13
13:55:49.284;48.8;2.30421;48.8239;2.23555;48.7761;2.37287;13
13:55:49.330;48.799;2.30421;48.8229;2.23555;48.7751;2.37287;13
13:55:49.330;48.7981;2.30421;48.822;2.23555;48.7742;2.37287;13
13:55:49.330;48.7966;2.30421;48.8205;2.23555;48.7727;2.37287;13
13:55:49.330;48.7939;2.30421;48.8178;2.23555;48.77;2.37287;13
13:55:49.330;48.7905;2.30421;48.8144;2.23555;48.7666;2.37287;13
13:55:49.362;48.788;2.30421;48.812;2.23555;48.7641;2.37287;13
13:55:49.393;48.7854;2.30421;48.8093;2.23555;48.7615;2.37287;13
13:55:49.393;48.7844;2.30404;48.8083;2.23537;48.7605;2.3727;13
13:55:49.424;48.784;2.30404;48.8079;2.23537;48.76;2.3727;13
13:55:49.424;48.7834;2.30404;48.8073;2.23537;48.7595;2.3727;13
13:55:49.424;48.7833;2.30404;48.8072;2.23537;48.7594;2.3727;13
13:55:49.455;48.7832;2.30404;48.8071;2.23537;48.7592;2.3727;13
13:55:49.814;48.7832;2.30387;48.8071;2.2352;48.7592;2.37253;13
13:55:49.845;48.7829;2.3037;48.8069;2.23503;48.759;2.37235;13
13:55:49.845;48.7824;2.30318;48.8063;2.23452;48.7584;2.37184;13
13:55:49.845;48.7814;2.30249;48.8053;2.23383;48.7574;2.37115;13
13:55:49.908;48.7801;2.30198;48.804;2.23331;48.7562;2.37064;13
13:55:49.908;48.7782;2.30164;48.8021;2.23297;48.7543;2.37029;13
13:55:49.908;48.7779;2.30164;48.8018;2.23297;48.7539;2.37029;13
13:55:49.908;48.7764;2.30164;48.8003;2.23297;48.7524;2.37029;13
13:55:49.954;48.7762;2.30164;48.8001;2.23297;48.7522;2.37029;13
13:55:49.954;48.7758;2.30164;48.7997;2.23297;48.7519;2.37029;13
13:55:49.954;48.7757;2.30164;48.7996;2.23297;48.7518;2.37029;13
13:55:50.126;48.7756;2.30164;48.7995;2.23297;48.7517;2.37029;13
13:55:50.220;48.7758;2.30164;48.7997;2.23297;48.7519;2.37029;13
13:55:50.220;48.7766;2.30164;48.8005;2.23297;48.7527;2.37029;13
13:55:50.251;48.7776;2.30198;48.8016;2.23331;48.7537;2.37064;13
13:55:50.251;48.779;2.30267;48.8029;2.234;48.7551;2.37132;13
13:55:50.298;48.7826;2.3037;48.8065;2.23503;48.7587;2.37235;13
13:55:50.298;48.7873;2.30455;48.8113;2.23589;48.7634;2.37321;13
13:55:50.298;48.7907;2.30524;48.8147;2.23658;48.7668;2.3739;13
13:55:50.298;48.7943;2.30593;48.8182;2.23726;48.7703;2.37459;13
13:55:50.298;48.7949;2.3061;48.8188;2.23743;48.771;2.37476;13
13:55:50.360;48.7962;2.30627;48.8201;2.23761;48.7723;2.37493;13
13:55:50.360;48.7984;2.30644;48.8223;2.23778;48.7745;2.3751;13
13:55:50.360;48.7987;2.30644;48.8226;2.23778;48.7747;2.3751;13
13:55:50.391;48.799;2.30661;48.8229;2.23795;48.7751;2.37527;13
13:55:50.391;48.7991;2.30661;48.823;2.23795;48.7752;2.37527;13
13:55:50.750;48.7996;2.30661;48.8235;2.23795;48.7757;2.37527;13
13:55:50.797;48.8009;2.30661;48.8248;2.23795;48.777;2.37527;13
13:55:50.797;48.8037;2.30679;48.8277;2.23812;48.7798;2.37544;13
13:55:50.797;48.8091;2.30764;48.833;2.23898;48.7851;2.3763;13
13:55:50.797;48.8131;2.30782;48.837;2.23915;48.7892;2.37647;13
13:55:50.828;48.817;2.30816;48.8409;2.23949;48.7931;2.37682;13
13:55:50.859;48.8188;2.30816;48.8427;2.23949;48.7949;2.37682;13
13:55:50.859;48.8194;2.30816;48.8433;2.23949;48.7954;2.37682;13
13:55:51.187;48.8197;2.30816;48.8436;2.23949;48.7958;2.37682;13
13:55:51.218;48.8205;2.30816;48.8444;2.23949;48.7966;2.37682;13
13:55:51.218;48.8233;2.30816;48.8472;2.23949;48.7994;2.37682;13
13:55:51.218;48.825;2.30816;48.8489;2.23949;48.8011;2.37682;13
13:55:51.234;48.826;2.30816;48.8499;2.23949;48.8021;2.37682;13
13:55:51.234;48.8311;2.30816;48.855;2.23949;48.8072;2.37682;13
13:55:51.296;48.8325;2.30816;48.8563;2.23949;48.8086;2.37682;13
13:55:51.296;48.8346;2.30816;48.8585;2.23949;48.8107;2.37682;13
13:55:51.296;48.8355;2.30816;48.8594;2.23949;48.8116;2.37682;13
13:55:51.296;48.8365;2.30816;48.8604;2.23949;48.8126;2.37682;13
13:55:51.327;48.8369;2.30816;48.8608;2.23949;48.813;2.37682;13
13:55:51.327;48.837;2.30816;48.8609;2.23949;48.8131;2.37682;13
13:55:51.608;48.8373;2.30816;48.8612;2.23949;48.8134;2.37682;13
13:55:51.670;48.8382;2.30816;48.8621;2.23949;48.8143;2.37682;13
13:55:51.670;48.8421;2.30816;48.866;2.23949;48.8182;2.37682;13
13:55:51.670;48.8534;2.30816;48.8772;2.23949;48.8295;2.37682;13
13:55:51.670;48.8587;2.30816;48.8825;2.23949;48.8348;2.37682;13
13:55:51.702;48.8638;2.30816;48.8876;2.23949;48.8399;2.37682;13
13:55:51.702;48.8661;2.30816;48.89;2.23949;48.8422;2.37682;13
13:55:51.748;48.8676;2.30816;48.8915;2.23949;48.8437;2.37682;13
13:55:51.780;48.8694;2.30816;48.8933;2.23949;48.8455;2.37682;13
13:55:51.780;48.8699;2.30816;48.8937;2.23949;48.846;2.37682;13
13:55:51.780;48.87;2.30816;48.8938;2.23949;48.8461;2.37682;13
13:55:52.092;48.8701;2.30816;48.894;2.23949;48.8462;2.37682;13
13:55:52.138;48.8706;2.30816;48.8945;2.23949;48.8468;2.37682;13
13:55:52.138;48.8736;2.30833;48.8974;2.23967;48.8497;2.37699;13
13:55:52.138;48.877;2.30936;48.9008;2.2407;48.8531;2.37802;13
13:55:52.138;48.8801;2.31005;48.904;2.24138;48.8562;2.37871;13
13:55:52.138;48.8818;2.31056;48.9057;2.2419;48.8579;2.37922;13
13:55:52.201;48.8823;2.31073;48.9061;2.24207;48.8584;2.37939;13
13:55:52.201;48.8845;2.31125;48.9084;2.24258;48.8606;2.37991;13
13:55:52.201;48.8848;2.31125;48.9086;2.24258;48.8609;2.37991;13
13:55:52.232;48.8852;2.31125;48.9091;2.24258;48.8613;2.37991;13
13:55:52.232;48.8855;2.31125;48.9094;2.24258;48.8617;2.37991;13
13:55:52.513;48.8858;2.31125;48.9096;2.24258;48.8619;2.37991;13
13:55:52.560;48.8867;2.31125;48.9105;2.24258;48.8628;2.37991;13
13:55:52.560;48.8888;2.31125;48.9127;2.24258;48.8649;2.37991;13
13:55:52.560;48.8916;2.31125;48.9155;2.24258;48.8678;2.37991;13
13:55:52.560;48.8952;2.31125;48.9191;2.24258;48.8714;2.37991;13
13:55:52.622;48.8978;2.31159;48.9217;2.24293;48.874;2.38025;13
13:55:52.622;48.9009;2.31194;48.9248;2.24327;48.877;2.38059;13
13:55:52.622;48.904;2.31297;48.9279;2.2443;48.8802;2.38162;13
13:55:52.669;48.9044;2.31297;48.9282;2.2443;48.8805;2.38162;13
13:55:52.669;48.9055;2.31314;48.9294;2.24447;48.8816;2.3818;13
13:55:52.669;48.9056;2.31331;48.9295;2.24464;48.8818;2.38197;13
13:55:52.669;48.9057;2.31331;48.9296;2.24464;48.8819;2.38197;13
13:55:52.934;48.906;2.31331;48.9298;2.24464;48.8821;2.38197;13
13:55:52.996;48.9068;2.31331;48.9306;2.24464;48.8829;2.38197;13
13:55:52.996;48.9077;2.31331;48.9315;2.24464;48.8838;2.38197;13
13:55:52.996;48.9089;2.31331;48.9328;2.24464;48.885;2.38197;13
13:55:52.996;48.9124;2.31331;48.9362;2.24464;48.8885;2.38197;13
13:55:52.996;48.9202;2.31434;48.944;2.24567;48.8963;2.383;13
13:55:53.074;48.9281;2.3164;48.9519;2.24773;48.9042;2.38506;13
13:55:53.074;48.9338;2.31794;48.9577;2.24928;48.91;2.3866;13
13:55:53.074;48.938;2.31897;48.9618;2.25031;48.9142;2.38763;13
13:55:53.074;48.9413;2.31932;48.9651;2.25065;48.9174;2.38798;13
13:55:53.137;48.9422;2.31932;48.966;2.25065;48.9183;2.38798;13
13:55:53.137;48.9424;2.31932;48.9662;2.25065;48.9185;2.38798;13
13:55:53.496;48.9425;2.31932;48.9664;2.25065;48.9187;2.38798;13
13:55:53.558;48.9427;2.31932;48.9666;2.25065;48.9189;2.38798;13
13:55:53.558;48.9453;2.31932;48.9692;2.25065;48.9215;2.38798;13
13:55:53.558;48.9466;2.31932;48.9704;2.25065;48.9227;2.38798;13
13:55:53.558;48.9514;2.31932;48.9753;2.25065;48.9276;2.38798;13
13:55:53.605;48.9531;2.31932;48.977;2.25065;48.9293;2.38798;13
13:55:53.605;48.9568;2.31932;48.9807;2.25065;48.933;2.38798;13
13:55:53.605;48.9591;2.31932;48.9829;2.25065;48.9352;2.38798;13
13:55:53.667;48.9603;2.31932;48.9842;2.25065;48.9365;2.38798;13
13:55:53.667;48.9619;2.31932;48.9857;2.25065;48.9381;2.38798;13
13:55:53.667;48.9628;2.31932;48.9866;2.25065;48.939;2.38798;13
13:55:53.698;48.9638;2.31932;48.9877;2.25065;48.94;2.38798;13
13:55:53.698;48.9647;2.31932;48.9885;2.25065;48.9409;2.38798;13
13:55:53.730;48.966;2.31932;48.9898;2.25065;48.9421;2.38798;13
13:55:53.730;48.9678;2.31932;48.9916;2.25065;48.9439;2.38798;13
13:55:53.776;48.9696;2.31932;48.9934;2.25065;48.9457;2.38798;13
13:55:53.776;48.9716;2.31932;48.9954;2.25065;48.9478;2.38798;13
13:55:53.776;48.9733;2.31932;48.9971;2.25065;48.9495;2.38798;13
13:55:53.776;48.9737;2.31932;48.9976;2.25065;48.9499;2.38798;13
13:55:53.776;48.9745;2.31932;48.9983;2.25065;48.9507;2.38798;13
13:55:53.823;48.975;2.31932;48.9988;2.25065;48.9511;2.38798;13
13:55:53.823;48.9758;2.31932;48.9996;2.25065;48.9519;2.38798;13
13:55:53.854;48.9761;2.31949;48.9999;2.25082;48.9523;2.38815;13
13:55:53.854;48.9762;2.31949;49;2.25082;48.9524;2.38815;13
13:55:54.260;48.9864;2.31949;49.0102;2.25082;48.9625;2.38815;13
13:55:54.291;48.9915;2.32;49.0154;2.25134;48.9677;2.38866;13
13:55:54.338;48.9974;2.32052;49.0212;2.25185;48.9736;2.38918;13
13:55:54.338;49.0011;2.32103;49.0249;2.25237;48.9773;2.38969;13
13:55:54.338;49.0044;2.32121;49.0282;2.25254;48.9806;2.38986;13
13:55:54.385;49.0071;2.32138;49.0309;2.25271;48.9833;2.39004;13
13:55:54.385;49.0092;2.32138;49.033;2.25271;48.9854;2.39004;13
13:55:54.385;49.0102;2.32138;49.034;2.25271;48.9864;2.39004;13
13:55:54.385;49.0109;2.32138;49.0347;2.25271;48.9871;2.39004;13
13:55:54.416;49.0112;2.32138;49.035;2.25271;48.9874;2.39004;13
13:55:54.416;49.0114;2.32138;49.0352;2.25271;48.9875;2.39004;13
13:55:54.775;49.0116;2.32138;49.0354;2.25271;48.9878;2.39004;13
13:55:54.806;49.012;2.32138;49.0358;2.25271;48.9882;2.39004;13
13:55:54.806;49.0142;2.32138;49.038;2.25271;48.9904;2.39004;13
13:55:54.806;49.0173;2.32138;49.0411;2.25271;48.9935;2.39004;13
13:55:54.837;49.0222;2.32138;49.046;2.25271;48.9983;2.39004;13
13:55:54.837;49.028;2.32206;49.0518;2.2534;49.0042;2.39072;13
13:55:54.884;49.0341;2.32258;49.0579;2.25391;49.0103;2.39124;13
13:55:54.884;49.0353;2.32258;49.0591;2.25391;49.0115;2.39124;13
13:55:54.884;49.0375;2.32275;49.0613;2.25409;49.0137;2.39141;13
13:55:54.915;49.0392;2.32275;49.063;2.25409;49.0154;2.39141;13
13:55:54.915;49.0421;2.32275;49.0659;2.25409;49.0183;2.39141;13
13:55:54.962;49.0432;2.32275;49.067;2.25409;49.0194;2.39141;13
13:55:54.962;49.0442;2.32275;49.068;2.25409;49.0204;2.39141;13
13:55:54.962;49.0446;2.32275;49.0684;2.25409;49.0208;2.39141;13
13:55:56.460;49.0448;2.32275;49.0686;2.25409;49.021;2.39141;13
13:55:56.522;49.045;2.32275;49.0688;2.25409;49.0212;2.39141;13
13:55:56.522;49.0457;2.32275;49.0695;2.25409;49.0219;2.39141;13
13:55:56.522;49.0469;2.32275;49.0707;2.25409;49.0231;2.39141;13
13:55:56.522;49.0494;2.32275;49.0732;2.25409;49.0256;2.39141;13
13:55:56.522;49.0529;2.32344;49.0767;2.25477;49.0291;2.3921;13
13:55:56.584;49.055;2.32395;49.0788;2.25529;49.0312;2.39261;13
13:55:56.584;49.0577;2.32464;49.0815;2.25597;49.0339;2.3933;13
13:55:56.584;49.0611;2.32584;49.0849;2.25718;49.0373;2.3945;13
13:55:56.584;49.0661;2.32756;49.0898;2.25889;49.0423;2.39622;13
13:55:56.631;49.0698;2.32859;49.0935;2.25992;49.046;2.39725;13
13:55:56.631;49.0725;2.32979;49.0962;2.26112;49.0487;2.39845;13
13:55:56.631;49.0748;2.33047;49.0986;2.26181;49.051;2.39913;13
13:55:56.631;49.0759;2.33099;49.0997;2.26233;49.0522;2.39965;13
13:55:56.694;49.0765;2.33116;49.1003;2.2625;49.0527;2.39982;13
13:55:56.694;49.0766;2.33116;49.1004;2.2625;49.0528;2.39982;13
13:55:57.037;49.0767;2.33116;49.1005;2.2625;49.053;2.39982;13
13:55:57.084;49.077;2.33116;49.1007;2.2625;49.0532;2.39982;13
13:55:57.084;49.0775;2.33116;49.1013;2.2625;49.0537;2.39982;13
13:55:57.084;49.08;2.33116;49.1038;2.2625;49.0562;2.39982;13
13:55:57.084;49.0855;2.33288;49.1093;2.26421;49.0617;2.40154;13
13:55:57.146;49.0937;2.33631;49.1175;2.26765;49.0699;2.40497;13
13:55:57.146;49.0983;2.33837;49.1221;2.26971;49.0745;2.40703;13
13:55:57.146;49.1027;2.34026;49.1265;2.2716;49.0789;2.40892;13
13:55:57.177;49.1059;2.34095;49.1296;2.27228;49.0821;2.40961;13
13:55:57.177;49.1106;2.34215;49.1343;2.27348;49.0868;2.41081;13
13:55:57.177;49.1125;2.34232;49.1362;2.27365;49.0887;2.41098;13
13:55:57.224;49.1137;2.34232;49.1375;2.27365;49.0899;2.41098;13
13:55:57.224;49.1141;2.34232;49.1378;2.27365;49.0903;2.41098;13
13:55:57.224;49.1142;2.34232;49.1379;2.27365;49.0904;2.41098;13
13:55:57.661;49.1144;2.34232;49.1381;2.27365;49.0906;2.41098;13
13:55:57.708;49.1147;2.34232;49.1385;2.27365;49.091;2.41098;13
13:55:57.708;49.116;2.34232;49.1397;2.27365;49.0922;2.41098;13
13:55:57.708;49.1183;2.34232;49.1421;2.27365;49.0946;2.41098;13
13:55:57.708;49.1216;2.34232;49.1453;2.27365;49.0978;2.41098;13
13:55:57.770;49.1256;2.34232;49.1494;2.27365;49.1019;2.41098;13
13:55:57.770;49.13;2.34232;49.1538;2.27365;49.1062;2.41098;13
13:55:57.770;49.1336;2.34232;49.1573;2.27365;49.1098;2.41098;13
13:55:57.770;49.1353;2.34232;49.159;2.27365;49.1115;2.41098;13
13:55:57.801;49.1359;2.34232;49.1597;2.27365;49.1122;2.41098;13
13:55:57.801;49.1379;2.34232;49.1616;2.27365;49.1141;2.41098;13
13:55:57.832;49.1388;2.34232;49.1625;2.27365;49.115;2.41098;13
13:55:57.832;49.1392;2.34232;49.163;2.27365;49.1155;2.41098;13
13:55:57.864;49.1394;2.34232;49.1632;2.27365;49.1157;2.41098;13
13:55:57.864;49.1397;2.34215;49.1634;2.27348;49.1159;2.41081;13
13:55:57.864;49.14;2.34198;49.1637;2.27331;49.1162;2.41064;13
13:55:57.895;49.1401;2.34198;49.1639;2.27331;49.1164;2.41064;13
13:55:57.895;49.1403;2.34198;49.1641;2.27331;49.1166;2.41064;13
13:55:57.895;49.1404;2.34198;49.1642;2.27331;49.1167;2.41064;13
13:55:58.254;49.1407;2.34198;49.1644;2.27331;49.1169;2.41064;13
13:55:58.269;49.1413;2.34198;49.1651;2.27331;49.1176;2.41064;13
13:55:58.285;49.1436;2.34198;49.1673;2.27331;49.1198;2.41064;13
13:55:58.316;49.1491;2.34198;49.1728;2.27331;49.1253;2.41064;13
13:55:58.316;49.1508;2.34198;49.1745;2.27331;49.127;2.41064;13
13:55:58.347;49.1574;2.34232;49.1811;2.27365;49.1337;2.41098;13
13:55:58.347;49.1618;2.34249;49.1855;2.27383;49.138;2.41115;13
13:55:58.347;49.1646;2.34249;49.1883;2.27383;49.1408;2.41115;13
13:55:58.347;49.166;2.34249;49.1898;2.27383;49.1423;2.41115;13
13:55:58.347;49.1673;2.34249;49.191;2.27383;49.1435;2.41115;13
13:55:58.410;49.1679;2.34249;49.1917;2.27383;49.1442;2.41115;13
13:55:58.410;49.1686;2.34249;49.1924;2.27383;49.1449;2.41115;13
13:55:58.410;49.1691;2.34249;49.1928;2.27383;49.1453;2.41115;13
13:55:58.410;49.1695;2.34249;49.1933;2.27383;49.1458;2.41115;13
13:55:58.410;49.1696;2.34249;49.1934;2.27383;49.1459;2.41115;13
13:55:58.441;49.1698;2.34249;49.1935;2.27383;49.146;2.41115;13
13:55:58.550;49.1696;2.34249;49.1934;2.27383;49.1459;2.41115;13
13:55:58.581;49.1693;2.34249;49.193;2.27383;49.1456;2.41115;13
13:55:58.800;49.1701;2.34249;49.1938;2.27383;49.1464;2.41115;13
13:55:58.831;49.1708;2.34249;49.1945;2.27383;49.147;2.41115;13
13:55:58.846;49.1764;2.34249;49.2001;2.27383;49.1526;2.41115;13
13:55:58.846;49.1808;2.34249;49.2045;2.27383;49.157;2.41115;13
13:55:58.878;49.183;2.34249;49.2067;2.27383;49.1593;2.41115;13
13:55:58.878;49.1855;2.34249;49.2092;2.27383;49.1617;2.41115;13
13:55:58.878;49.1908;2.34249;49.2146;2.27383;49.1671;2.41115;13
13:55:58.924;49.2001;2.34249;49.2239;2.27383;49.1764;2.41115;13
13:55:58.924;49.2053;2.34232;49.229;2.27365;49.1816;2.41098;13
13:55:58.971;49.2079;2.3418;49.2316;2.27314;49.1842;2.41046;13
13:55:58.971;49.2103;2.34146;49.234;2.2728;49.1865;2.41012;13
13:55:58.971;49.2126;2.34095;49.2363;2.27228;49.1889;2.40961;13
13:55:58.971;49.215;2.34043;49.2387;2.27177;49.1912;2.40909;13
13:55:59.018;49.2177;2.33992;49.2414;2.27125;49.1939;2.40858;13
13:55:59.018;49.2263;2.33786;49.25;2.26919;49.2026;2.40652;13
13:55:59.018;49.2281;2.33717;49.2518;2.26851;49.2044;2.40583;13
13:55:59.018;49.23;2.33648;49.2537;2.26782;49.2063;2.40514;13
13:55:59.018;49.2317;2.33545;49.2554;2.26679;49.208;2.40411;13
13:55:59.049;49.2324;2.33494;49.2561;2.26627;49.2087;2.4036;13
13:55:59.065;49.2337;2.33391;49.2574;2.26524;49.21;2.40257;13
13:55:59.065;49.2341;2.33374;49.2578;2.26507;49.2104;2.4024;13
13:55:59.065;49.2349;2.33288;49.2586;2.26421;49.2112;2.40154;13
13:55:59.080;49.2354;2.33253;49.2591;2.26387;49.2117;2.40119;13
13:55:59.112;49.2354;2.33236;49.2591;2.2637;49.2117;2.40102;13
13:55:59.112;49.2355;2.33219;49.2592;2.26353;49.2118;2.40085;13
13:55:59.112;49.2356;2.33185;49.2593;2.26318;49.2119;2.40051;13
13:55:59.112;49.2357;2.33168;49.2594;2.26301;49.212;2.40034;13
13:55:59.658;49.2379;2.33168;49.2616;2.26301;49.2142;2.40034;13
13:55:59.689;49.2416;2.33168;49.2653;2.26301;49.2179;2.40034;13
13:55:59.689;49.2428;2.33168;49.2665;2.26301;49.2191;2.40034;13
13:55:59.720;49.2466;2.33168;49.2703;2.26301;49.2229;2.40034;13
13:55:59.720;49.2526;2.33168;49.2763;2.26301;49.2289;2.40034;13
13:55:59.720;49.2554;2.33168;49.2791;2.26301;49.2317;2.40034;13
13:55:59.751;49.2579;2.33168;49.2816;2.26301;49.2342;2.40034;13
13:55:59.751;49.2596;2.33168;49.2833;2.26301;49.2359;2.40034;13
13:55:59.751;49.2609;2.33168;49.2846;2.26301;49.2372;2.40034;13
13:55:59.782;49.2624;2.33168;49.2861;2.26301;49.2387;2.40034;13
13:55:59.782;49.2636;2.33168;49.2873;2.26301;49.2399;2.40034;13
13:55:59.782;49.2647;2.33168;49.2884;2.26301;49.241;2.40034;13
13:55:59.814;49.2663;2.33168;49.29;2.26301;49.2426;2.40034;13
13:55:59.814;49.2672;2.33168;49.2909;2.26301;49.2435;2.40034;13
13:55:59.814;49.268;2.33168;49.2916;2.26301;49.2443;2.40034;13
13:55:59.814;49.2687;2.33168;49.2924;2.26301;49.2451;2.40034;13
13:55:59.845;49.2695;2.33168;49.2932;2.26301;49.2458;2.40034;13
13:55:59.845;49.2709;2.33168;49.2946;2.26301;49.2472;2.40034;13
13:55:59.860;49.2714;2.33168;49.2951;2.26301;49.2477;2.40034;13
13:55:59.860;49.2728;2.33168;49.2965;2.26301;49.2491;2.40034;13
13:55:59.876;49.274;2.33168;49.2977;2.26301;49.2503;2.40034;13
13:55:59.876;49.2755;2.33168;49.2991;2.26301;49.2518;2.40034;13
13:55:59.892;49.2778;2.33168;49.3015;2.26301;49.2541;2.40034;13
13:55:59.892;49.2785;2.33168;49.3022;2.26301;49.2548;2.40034;13
13:55:59.923;49.2794;2.33168;49.3031;2.26301;49.2557;2.40034;13
13:55:59.923;49.2802;2.33168;49.3039;2.26301;49.2565;2.40034;13
13:55:59.923;49.2808;2.3315;49.3045;2.26284;49.2572;2.40016;13
13:55:59.923;49.2812;2.3315;49.3049;2.26284;49.2575;2.40016;13
13:55:59.923;49.2814;2.3315;49.3051;2.26284;49.2577;2.40016;13
13:55:59.954;49.2816;2.3315;49.3053;2.26284;49.2579;2.40016;13
13:55:59.954;49.2817;2.3315;49.3054;2.26284;49.2581;2.40016;13
13:55:59.954;49.2819;2.3315;49.3055;2.26284;49.2582;2.40016;13
13:56:00.048;49.2816;2.3315;49.3053;2.26284;49.2579;2.40016;13
13:56:00.063;49.2814;2.3315;49.3051;2.26284;49.2577;2.40016;13
13:56:00.063;49.2812;2.3315;49.3049;2.26284;49.2575;2.40016;13
13:56:00.063;49.2808;2.3315;49.3045;2.26284;49.2572;2.40016;13
13:56:00.094;49.2797;2.33168;49.3034;2.26301;49.256;2.40034;13
13:56:00.500;49.2814;2.33168;49.3051;2.26301;49.2577;2.40034;13
13:56:00.531;49.283;2.33168;49.3066;2.26301;49.2593;2.40034;13
13:56:00.531;49.2857;2.33168;49.3093;2.26301;49.262;2.40034;13
13:56:00.562;49.2888;2.33168;49.3125;2.26301;49.2651;2.40034;13
13:56:00.562;49.2918;2.33168;49.3155;2.26301;49.2681;2.40034;13
13:56:00.594;49.2956;2.33168;49.3193;2.26301;49.2719;2.40034;13
13:56:00.594;49.2989;2.33168;49.3226;2.26301;49.2752;2.40034;13
13:56:00.594;49.2998;2.33168;49.3234;2.26301;49.2761;2.40034;13
13:56:00.594;49.3011;2.33168;49.3248;2.26301;49.2774;2.40034;13
13:56:00.656;49.3025;2.33168;49.3261;2.26301;49.2788;2.40034;13
13:56:00.656;49.3065;2.33168;49.3302;2.26301;49.2828;2.40034;13
13:56:00.656;49.3078;2.33168;49.3315;2.26301;49.2842;2.40034;13
13:56:00.703;49.3094;2.33168;49.3331;2.26301;49.2857;2.40034;13
13:56:00.703;49.3107;2.33168;49.3344;2.26301;49.2871;2.40034;13
13:56:00.703;49.3116;2.33168;49.3353;2.26301;49.288;2.40034;13
13:56:00.703;49.3131;2.33168;49.3368;2.26301;49.2894;2.40034;13
13:56:00.703;49.3148;2.33168;49.3384;2.26301;49.2911;2.40034;13
13:56:00.765;49.3156;2.33168;49.3392;2.26301;49.2919;2.40034;13
13:56:00.765;49.3166;2.33168;49.3402;2.26301;49.2929;2.40034;13
13:56:00.765;49.317;2.33168;49.3407;2.26301;49.2933;2.40034;13
13:56:00.765;49.3175;2.33168;49.3411;2.26301;49.2938;2.40034;13
13:56:00.765;49.3179;2.33168;49.3416;2.26301;49.2942;2.40034;13
13:56:00.765;49.3182;2.33168;49.3419;2.26301;49.2946;2.40034;13
13:56:00.796;49.3184;2.33168;49.342;2.26301;49.2947;2.40034;13
13:56:00.828;49.3184;2.33185;49.342;2.26318;49.2947;2.40051;13
13:56:00.874;49.3182;2.33202;49.3419;2.26336;49.2946;2.40068;13
13:56:00.874;49.318;2.33202;49.3417;2.26336;49.2943;2.40068;13
13:56:00.874;49.3177;2.33219;49.3413;2.26353;49.294;2.40085;13
13:56:01.249;49.3178;2.33219;49.3414;2.26353;49.2941;2.40085;13
13:56:01.280;49.3182;2.33219;49.3419;2.26353;49.2946;2.40085;13
13:56:01.280;49.32;2.33219;49.3437;2.26353;49.2964;2.40085;13
13:56:01.311;49.3242;2.33219;49.3478;2.26353;49.3005;2.40085;13
13:56:01.311;49.3267;2.33219;49.3504;2.26353;49.3031;2.40085;13
13:56:01.311;49.3281;2.33219;49.3517;2.26353;49.3044;2.40085;13
13:56:01.342;49.3304;2.33219;49.3541;2.26353;49.3068;2.40085;13
13:56:01.342;49.336;2.33236;49.3597;2.2637;49.3124;2.40102;13
13:56:01.389;49.3397;2.33253;49.3634;2.26387;49.3161;2.40119;13
13:56:01.389;49.3416;2.33253;49.3653;2.26387;49.318;2.40119;13
13:56:01.389;49.3435;2.33253;49.3672;2.26387;49.3199;2.40119;13
13:56:01.389;49.3465;2.33253;49.3702;2.26387;49.3229;2.40119;13
13:56:01.389;49.348;2.33253;49.3716;2.26387;49.3243;2.40119;13
13:56:01.389;49.3492;2.33253;49.3729;2.26387;49.3256;2.40119;13
13:56:01.452;49.3515;2.33253;49.3751;2.26387;49.3278;2.40119;13
13:56:01.452;49.3526;2.33253;49.3762;2.26387;49.3289;2.40119;13
13:56:01.452;49.3537;2.33253;49.3773;2.26387;49.33;2.40119;13
13:56:01.452;49.3547;2.33253;49.3783;2.26387;49.3311;2.40119;13
13:56:01.452;49.3558;2.33253;49.3795;2.26387;49.3322;2.40119;13
13:56:01.452;49.3563;2.33253;49.3799;2.26387;49.3326;2.40119;13
13:56:01.498;49.3576;2.33253;49.3812;2.26387;49.334;2.40119;13
13:56:01.498;49.3584;2.33253;49.382;2.26387;49.3347;2.40119;13
13:56:01.498;49.3587;2.33253;49.3824;2.26387;49.3351;2.40119;13
13:56:01.498;49.3597;2.33253;49.3834;2.26387;49.3361;2.40119;13
13:56:01.498;49.36;2.33253;49.3836;2.26387;49.3363;2.40119;13
13:56:01.498;49.3609;2.33253;49.3845;2.26387;49.3372;2.40119;13
13:56:01.530;49.3612;2.33253;49.3848;2.26387;49.3375;2.40119;13
13:56:01.530;49.3615;2.33253;49.3852;2.26387;49.3379;2.40119;13
13:56:01.530;49.3618;2.33253;49.3854;2.26387;49.3381;2.40119;13
13:56:01.561;49.3621;2.33253;49.3857;2.26387;49.3384;2.40119;13
13:56:01.561;49.3622;2.33253;49.3858;2.26387;49.3386;2.40119;13
13:56:01.561;49.3623;2.33253;49.3859;2.26387;49.3387;2.40119;13
13:56:01.561;49.3624;2.33253;49.3861;2.26387;49.3388;2.40119;13
13:56:01.592;49.3625;2.33253;49.3862;2.26387;49.3389;2.40119;13
13:56:01.592;49.3625;2.33271;49.3862;2.26404;49.3389;2.40137;13
13:56:01.966;49.3637;2.33271;49.3873;2.26404;49.34;2.40137;13
13:56:02.029;49.3648;2.33271;49.3884;2.26404;49.3411;2.40137;13
13:56:02.029;49.3662;2.33271;49.3899;2.26404;49.3426;2.40137;13
13:56:02.029;49.3699;2.33271;49.3935;2.26404;49.3463;2.40137;13
13:56:02.029;49.3725;2.33271;49.3961;2.26404;49.3488;2.40137;13
13:56:02.029;49.3749;2.33271;49.3986;2.26404;49.3513;2.40137;13
13:56:02.029;49.3802;2.33271;49.4038;2.26404;49.3565;2.40137;13
13:56:02.060;49.3876;2.33339;49.4112;2.26473;49.3639;2.40205;13
13:56:02.060;49.3934;2.33425;49.417;2.26559;49.3697;2.40291;13
13:56:02.138;49.3955;2.33442;49.4191;2.26576;49.3719;2.40308;13
13:56:02.138;49.3976;2.33494;49.4212;2.26627;49.374;2.4036;13
13:56:02.138;49.3981;2.33494;49.4217;2.26627;49.3744;2.4036;13
13:56:02.138;49.3993;2.33494;49.4229;2.26627;49.3757;2.4036;13
13:56:02.138;49.4002;2.33494;49.4238;2.26627;49.3766;2.4036;13
13:56:02.138;49.4012;2.33494;49.4248;2.26627;49.3776;2.4036;13
13:56:02.138;49.4016;2.33494;49.4253;2.26627;49.378;2.4036;13
13:56:02.138;49.4017;2.33494;49.4254;2.26627;49.3781;2.4036;13
13:56:02.278;49.4016;2.33494;49.4253;2.26627;49.378;2.4036;13
13:56:02.310;49.4014;2.33494;49.425;2.26627;49.3778;2.4036;13
13:56:02.310;49.4011;2.33494;49.4247;2.26627;49.3775;2.4036;13
13:56:02.341;49.4005;2.33494;49.4241;2.26627;49.3769;2.4036;13
13:56:02.746;49.4007;2.33494;49.4244;2.26627;49.3771;2.4036;13
13:56:02.778;49.401;2.33494;49.4246;2.26627;49.3773;2.4036;13
13:56:02.778;49.4026;2.33494;49.4263;2.26627;49.379;2.4036;13
13:56:02.778;49.4041;2.33494;49.4277;2.26627;49.3805;2.4036;13
13:56:02.840;49.4057;2.33494;49.4293;2.26627;49.382;2.4036;13
13:56:02.840;49.4086;2.33494;49.4322;2.26627;49.3849;2.4036;13
13:56:02.840;49.4124;2.33494;49.436;2.26627;49.3887;2.4036;13
13:56:02.840;49.4164;2.33494;49.44;2.26627;49.3928;2.4036;13
13:56:02.887;49.4194;2.33494;49.443;2.26627;49.3958;2.4036;13
13:56:02.887;49.4211;2.33511;49.4447;2.26645;49.3975;2.40377;13
13:56:02.887;49.4225;2.33528;49.4461;2.26662;49.3989;2.40394;13
13:56:02.887;49.4253;2.33528;49.4489;2.26662;49.4017;2.40394;13
13:56:02.887;49.4266;2.33528;49.4502;2.26662;49.4029;2.40394;13
13:56:02.918;49.4285;2.33528;49.452;2.26662;49.4048;2.40394;13
13:56:02.918;49.4299;2.33528;49.4535;2.26662;49.4063;2.40394;13
13:56:02.949;49.4315;2.33528;49.4551;2.26662;49.4078;2.40394;13
13:56:02.949;49.4324;2.33528;49.456;2.26662;49.4087;2.40394;13
13:56:02.980;49.434;2.33528;49.4576;2.26662;49.4104;2.40394;13
13:56:02.980;49.4345;2.33528;49.4581;2.26662;49.4109;2.40394;13
13:56:02.980;49.4351;2.33528;49.4588;2.26662;49.4115;2.40394;13
13:56:03.012;49.4357;2.33528;49.4593;2.26662;49.4121;2.40394;13
13:56:03.012;49.4363;2.33528;49.4599;2.26662;49.4127;2.40394;13
13:56:03.012;49.4367;2.33528;49.4603;2.26662;49.4131;2.40394;13
13:56:03.012;49.437;2.33528;49.4607;2.26662;49.4134;2.40394;13
13:56:03.027;49.4373;2.33528;49.4609;2.26662;49.4137;2.40394;13
13:56:03.027;49.4377;2.33528;49.4613;2.26662;49.4141;2.40394;13
13:56:03.058;49.4378;2.33528;49.4614;2.26662;49.4142;2.40394;13
13:56:03.058;49.4379;2.33528;49.4615;2.26662;49.4143;2.40394;13
13:56:03.090;49.438;2.33528;49.4617;2.26662;49.4144;2.40394;13
13:56:03.121;49.438;2.33545;49.4617;2.26679;49.4144;2.40411;13
13:56:03.121;49.4379;2.33562;49.4615;2.26696;49.4143;2.40428;13
13:56:03.121;49.4376;2.3358;49.4612;2.26713;49.414;2.40446;13
13:56:03.152;49.4374;2.33597;49.461;2.2673;49.4138;2.40463;13
13:56:03.542;49.4383;2.33597;49.4619;2.2673;49.4147;2.40463;13
13:56:03.573;49.4393;2.33597;49.4629;2.2673;49.4157;2.40463;13
13:56:03.573;49.4421;2.33597;49.4657;2.2673;49.4185;2.40463;13
13:56:03.604;49.4454;2.33597;49.469;2.2673;49.4218;2.40463;13
13:56:03.604;49.4479;2.33597;49.4715;2.2673;49.4243;2.40463;13
13:56:03.604;49.4526;2.33631;49.4762;2.26765;49.429;2.40497;13
13:56:03.604;49.4541;2.33631;49.4777;2.26765;49.4305;2.40497;13
13:56:03.604;49.46;2.33665;49.4836;2.26799;49.4364;2.40531;13
13:56:03.667;49.4633;2.33717;49.4869;2.26851;49.4397;2.40583;13
13:56:03.667;49.4693;2.33734;49.4929;2.26868;49.4457;2.406;13
13:56:03.667;49.4721;2.33768;49.4957;2.26902;49.4485;2.40634;13
13:56:03.667;49.4747;2.33768;49.4982;2.26902;49.451;2.40634;13
13:56:03.667;49.4779;2.33768;49.5015;2.26902;49.4543;2.40634;13
13:56:03.682;49.4797;2.33768;49.5033;2.26902;49.4561;2.40634;13
13:56:03.698;49.4816;2.33768;49.5051;2.26902;49.458;2.40634;13
13:56:03.698;49.483;2.33768;49.5066;2.26902;49.4594;2.40634;13
13:56:03.698;49.4843;2.33768;49.5079;2.26902;49.4608;2.40634;13
13:56:03.714;49.4848;2.33768;49.5084;2.26902;49.4612;2.40634;13
13:56:03.714;49.4857;2.33768;49.5093;2.26902;49.4621;2.40634;13
13:56:04.182;49.4861;2.33768;49.5097;2.26902;49.4626;2.40634;13
13:56:04.228;49.487;2.33768;49.5106;2.26902;49.4634;2.40634;13
13:56:04.244;49.4883;2.33768;49.5118;2.26902;49.4647;2.40634;13
13:56:04.244;49.4916;2.33768;49.5152;2.26902;49.468;2.40634;13
13:56:04.244;49.4963;2.33768;49.5199;2.26902;49.4727;2.40634;13
13:56:04.244;49.4989;2.33768;49.5224;2.26902;49.4753;2.40634;13
13:56:04.291;49.5044;2.33768;49.528;2.26902;49.4808;2.40634;13
13:56:04.291;49.5094;2.33768;49.533;2.26902;49.4859;2.40634;13
13:56:04.291;49.5119;2.33768;49.5355;2.26902;49.4883;2.40634;13
13:56:04.291;49.5154;2.33768;49.539;2.26902;49.4919;2.40634;13
13:56:04.291;49.5173;2.33768;49.5409;2.26902;49.4938;2.40634;13
13:56:04.338;49.5189;2.33768;49.5425;2.26902;49.4953;2.40634;13
13:56:04.338;49.5215;2.33768;49.545;2.26902;49.4979;2.40634;13
13:56:04.338;49.5223;2.33768;49.5458;2.26902;49.4987;2.40634;13
13:56:04.338;49.5236;2.33768;49.5471;2.26902;49.5;2.40634;13
13:56:04.338;49.5249;2.33768;49.5485;2.26902;49.5014;2.40634;13
13:56:04.338;49.5261;2.33768;49.5497;2.26902;49.5026;2.40634;13
13:56:04.400;49.5273;2.33768;49.5508;2.26902;49.5037;2.40634;13
13:56:04.400;49.5276;2.33768;49.5512;2.26902;49.504;2.40634;13
13:56:04.400;49.5288;2.33768;49.5524;2.26902;49.5053;2.40634;13
13:56:04.400;49.5292;2.33768;49.5527;2.26902;49.5056;2.40634;13
13:56:04.400;49.5293;2.33768;49.5528;2.26902;49.5057;2.40634;13
13:56:04.400;49.5294;2.33768;49.5529;2.26902;49.5058;2.40634;13
13:56:04.431;49.5295;2.33768;49.5531;2.26902;49.5059;2.40634;13
13:56:04.759;49.5297;2.33768;49.5533;2.26902;49.5061;2.40634;13
13:56:04.806;49.53;2.33768;49.5536;2.26902;49.5065;2.40634;13
13:56:04.868;49.5317;2.33768;49.5553;2.26902;49.5082;2.40634;13
13:56:04.868;49.5347;2.33768;49.5583;2.26902;49.5112;2.40634;13
13:56:04.868;49.5406;2.33768;49.5642;2.26902;49.5171;2.40634;13
13:56:04.868;49.5441;2.33734;49.5676;2.26868;49.5205;2.406;13
13:56:04.868;49.5502;2.33717;49.5738;2.26851;49.5267;2.40583;13
13:56:04.868;49.5519;2.33717;49.5754;2.26851;49.5283;2.40583;13
13:56:04.930;49.5583;2.33648;49.5819;2.26782;49.5348;2.40514;13
13:56:04.930;49.5612;2.33631;49.5848;2.26765;49.5377;2.40497;13
13:56:04.930;49.5638;2.33614;49.5873;2.26748;49.5402;2.4048;13
13:56:04.930;49.5649;2.33614;49.5885;2.26748;49.5414;2.4048;13
13:56:04.930;49.5668;2.33562;49.5904;2.26696;49.5433;2.40428;13
13:56:04.930;49.5681;2.33545;49.5917;2.26679;49.5446;2.40411;13
13:56:04.930;49.5688;2.33545;49.5924;2.26679;49.5453;2.40411;13
13:56:04.930;49.5697;2.33528;49.5932;2.26662;49.5462;2.40394;13
13:56:04.930;49.5704;2.33511;49.5939;2.26645;49.5468;2.40377;13
13:56:04.946;49.5708;2.33511;49.5943;2.26645;49.5473;2.40377;13
13:56:04.946;49.571;2.33511;49.5946;2.26645;49.5475;2.40377;13
13:56:04.946;49.5712;2.33511;49.5947;2.26645;49.5476;2.40377;13
13:56:06.303;49.5712;2.33511;49.6182;2.19778;49.524;2.47243;12
13:56:06.303;49.5712;2.33511;49.6182;2.19778;49.524;2.47243;12
13:56:07.036;49.5727;2.33511;49.6198;2.19778;49.5256;2.47243;12
13:56:07.099;49.5751;2.33511;49.6222;2.19778;49.528;2.47243;12
13:56:07.099;49.5801;2.33511;49.6271;2.19778;49.533;2.47243;12
13:56:07.099;49.583;2.33511;49.63;2.19778;49.5359;2.47243;12
13:56:07.146;49.5936;2.33511;49.6407;2.19778;49.5465;2.47243;12
13:56:07.146;49.6005;2.33511;49.6476;2.19778;49.5535;2.47243;12
13:56:07.146;49.6068;2.33511;49.6538;2.19778;49.5597;2.47243;12
13:56:07.146;49.6179;2.33511;49.6649;2.19778;49.5708;2.47243;12
13:56:07.192;49.6228;2.33511;49.6698;2.19778;49.5757;2.47243;12
13:56:07.192;49.6283;2.33511;49.6754;2.19778;49.5813;2.47243;12
13:56:07.208;49.6312;2.33511;49.6782;2.19778;49.5842;2.47243;12
13:56:07.208;49.6341;2.33511;49.6811;2.19778;49.5871;2.47243;12
13:56:07.208;49.635;2.33511;49.682;2.19778;49.588;2.47243;12
13:56:07.208;49.6366;2.33511;49.6836;2.19778;49.5895;2.47243;12
13:56:07.208;49.6372;2.33511;49.6842;2.19778;49.5902;2.47243;12
13:56:07.224;49.6377;2.33511;49.6847;2.19778;49.5906;2.47243;12
13:56:07.495;49.6383;2.33511;49.6853;2.19778;49.5913;2.47243;12
13:56:07.523;49.6395;2.33511;49.6865;2.19778;49.5924;2.47243;12
13:56:07.523;49.6423;2.33511;49.6893;2.19778;49.5953;2.47243;12
13:56:07.550;49.6552;2.33511;49.7022;2.19778;49.6082;2.47243;12
13:56:07.550;49.6584;2.33511;49.7053;2.19778;49.6113;2.47243;12
13:56:07.576;49.6841;2.33545;49.7311;2.19812;49.6371;2.47278;12
13:56:07.603;49.691;2.33545;49.738;2.19812;49.644;2.47278;12
13:56:07.603;49.6997;2.33545;49.7466;2.19812;49.6527;2.47278;12
13:56:07.630;49.7066;2.33545;49.7535;2.19812;49.6596;2.47278;12
13:56:07.657;49.7114;2.33545;49.7584;2.19812;49.6645;2.47278;12
13:56:07.657;49.7128;2.33545;49.7597;2.19812;49.6658;2.47278;12
13:56:07.690;49.713;2.33545;49.7599;2.19812;49.666;2.47278;12
13:56:07.947;49.715;2.33545;49.7619;2.19812;49.668;2.47278;12
13:56:07.993;49.7181;2.33545;49.765;2.19812;49.6711;2.47278;12
13:56:07.993;49.7254;2.33545;49.7723;2.19812;49.6785;2.47278;12
13:56:07.993;49.7305;2.33545;49.7774;2.19812;49.6836;2.47278;12
13:56:07.993;49.7354;2.33545;49.7823;2.19812;49.6885;2.47278;12
13:56:08.025;49.754;2.33545;49.8009;2.19812;49.7071;2.47278;12
13:56:08.025;49.7609;2.33545;49.8078;2.19812;49.714;2.47278;12
13:56:08.071;49.7738;2.33545;49.8206;2.19812;49.7269;2.47278;12
13:56:08.071;49.7818;2.33545;49.8286;2.19812;49.7349;2.47278;12
13:56:08.071;49.7853;2.33545;49.8322;2.19812;49.7384;2.47278;12
13:56:08.555;49.7877;2.33545;49.8346;2.19812;49.7408;2.47278;12
13:56:08.602;49.7904;2.33545;49.8373;2.19812;49.7435;2.47278;12
13:56:08.602;49.7975;2.33545;49.8443;2.19812;49.7506;2.47278;12
13:56:08.602;49.8075;2.33545;49.8543;2.19812;49.7606;2.47278;12
13:56:08.602;49.8252;2.33545;49.872;2.19812;49.7783;2.47278;12
13:56:08.633;49.8338;2.33545;49.8806;2.19812;49.787;2.47278;12
13:56:08.633;49.8535;2.33545;49.9003;2.19812;49.8067;2.47278;12
13:56:08.664;49.8633;2.33545;49.91;2.19812;49.8164;2.47278;12
13:56:08.664;49.8684;2.33545;49.9151;2.19812;49.8215;2.47278;12
13:56:08.664;49.8774;2.33545;49.9242;2.19812;49.8306;2.47278;12
13:56:08.664;49.8914;2.33545;49.9381;2.19812;49.8446;2.47278;12
13:56:09.195;49.8923;2.33545;49.939;2.19812;49.8455;2.47278;12
13:56:09.241;49.8942;2.33545;49.941;2.19812;49.8475;2.47278;12
13:56:09.241;49.8998;2.33545;49.9465;2.19812;49.853;2.47278;12
13:56:09.241;49.9035;2.33545;49.9503;2.19812;49.8567;2.47278;12
13:56:09.241;49.9135;2.33545;49.9602;2.19812;49.8667;2.47278;12
13:56:09.273;49.9252;2.33545;49.9719;2.19812;49.8784;2.47278;12
13:56:09.273;49.9369;2.33545;49.9836;2.19812;49.8902;2.47278;12
13:56:09.273;49.9424;2.33545;49.9891;2.19812;49.8957;2.47278;12
13:56:09.304;49.9493;2.33545;49.996;2.19812;49.9025;2.47278;12
13:56:09.304;49.9555;2.33545;50.0022;2.19812;49.9087;2.47278;12
13:56:09.304;49.9621;2.33545;50.0088;2.19812;49.9154;2.47278;12
13:56:09.304;49.9689;2.33545;50.0156;2.19812;49.9222;2.47278;12
13:56:09.335;49.9756;2.33545;50.0222;2.19812;49.9288;2.47278;12
13:56:09.335;49.9824;2.33545;50.0291;2.19812;49.9357;2.47278;12
13:56:09.335;49.9851;2.33545;50.0317;2.19812;49.9384;2.47278;12
13:56:09.335;49.9873;2.33545;50.0339;2.19812;49.9406;2.47278;12
13:56:09.366;49.9906;2.33545;50.0372;2.19812;49.9439;2.47278;12
13:56:09.366;49.993;2.33545;50.0397;2.19812;49.9463;2.47278;12
13:56:09.366;49.9948;2.33545;50.0414;2.19812;49.9481;2.47278;12
13:56:09.382;49.995;2.33545;50.0416;2.19812;49.9483;2.47278;12
