15:01:42.176;48.8547;2.34661;48.9502;2.07195;48.7591;2.62126;11
15:01:42.177;48.8547;2.34661;48.9502;2.07195;48.7591;2.62126;11
15:01:42.517;48.8547;2.34661;48.9025;2.20928;48.8069;2.48393;12
15:01:42.517;48.8547;2.34661;48.9025;2.20928;48.8069;2.48393;12
15:01:43.517;48.8536;2.34661;48.9013;2.20928;48.8058;2.48393;12
15:01:43.530;48.8493;2.34661;48.897;2.20928;48.8015;2.48393;12
15:01:43.551;48.8452;2.34661;48.893;2.20928;48.7974;2.48393;12
15:01:43.553;48.8389;2.34661;48.8867;2.20928;48.7911;2.48393;12
15:01:43.579;48.8366;2.34661;48.8844;2.20928;48.7888;2.48393;12
15:01:43.593;48.8342;2.34661;48.8819;2.20928;48.7863;2.48393;12
15:01:43.607;48.8319;2.34661;48.8797;2.20928;48.7841;2.48393;12
15:01:43.608;48.8308;2.34661;48.8785;2.20928;48.783;2.48393;12
15:01:43.636;48.8305;2.34661;48.8783;2.20928;48.7827;2.48393;12
15:01:43.651;48.8303;2.34661;48.8781;2.20928;48.7825;2.48393;12
15:01:43.808;48.8308;2.34661;48.8785;2.20928;48.783;2.48393;12
15:01:43.825;48.8324;2.34661;48.8801;2.20928;48.7845;2.48393;12
15:01:43.839;48.8357;2.34627;48.8835;2.20894;48.7879;2.48359;12
15:01:43.853;48.843;2.34524;48.8907;2.20791;48.7952;2.48256;12
15:01:43.867;48.8482;2.34489;48.8959;2.20757;48.8004;2.48222;12
15:01:43.882;48.8606;2.34318;48.9083;2.20585;48.8128;2.4805;12
15:01:43.896;48.8685;2.34249;48.9162;2.20516;48.8207;2.47981;12
15:01:43.897;48.8732;2.34146;48.921;2.20413;48.8255;2.47878;12
15:01:43.898;48.8773;2.34112;48.925;2.20379;48.8295;2.47844;12
15:01:43.915;48.8832;2.34009;48.9309;2.20276;48.8354;2.47741;12
15:01:43.932;48.8875;2.33974;48.9352;2.20242;48.8397;2.47707;12
15:01:43.967;48.8902;2.3394;48.9379;2.20207;48.8424;2.47672;12
15:01:43.967;48.892;2.33906;48.9397;2.20173;48.8442;2.47638;12
15:01:43.992;48.8929;2.33906;48.9406;2.20173;48.8451;2.47638;12
15:01:44.006;48.8933;2.33906;48.9411;2.20173;48.8456;2.47638;12
15:01:44.008;48.8936;2.33906;48.9413;2.20173;48.8458;2.47638;12
15:01:44.319;48.8942;2.33906;48.942;2.20173;48.8465;2.47638;12
15:01:44.330;48.8988;2.33906;48.9465;2.20173;48.851;2.47638;12
15:01:44.344;48.9076;2.33906;48.9552;2.20173;48.8598;2.47638;12
15:01:44.358;48.9193;2.33906;48.967;2.20173;48.8716;2.47638;12
15:01:44.360;48.9254;2.33906;48.9731;2.20173;48.8776;2.47638;12
15:01:44.360;48.9281;2.33906;48.9758;2.20173;48.8803;2.47638;12
15:01:44.391;48.9328;2.33906;48.9805;2.20173;48.8851;2.47638;12
15:01:44.392;48.9396;2.33906;48.9873;2.20173;48.8919;2.47638;12
15:01:44.427;48.9412;2.33906;48.9888;2.20173;48.8935;2.47638;12
15:01:44.427;48.943;2.33906;48.9906;2.20173;48.8952;2.47638;12
15:01:44.518;48.9425;2.33906;48.9902;2.20173;48.8948;2.47638;12
15:01:44.519;48.9409;2.33906;48.9886;2.20173;48.8932;2.47638;12
15:01:44.533;48.9391;2.33906;48.9868;2.20173;48.8914;2.47638;12
15:01:44.534;48.9364;2.33906;48.9841;2.20173;48.8887;2.47638;12
15:01:44.561;48.9245;2.33906;48.9722;2.20173;48.8767;2.47638;12
15:01:44.562;48.9215;2.33906;48.9692;2.20173;48.8738;2.47638;12
15:01:44.764;48.9218;2.33906;48.9695;2.20173;48.874;2.47638;12
15:01:44.775;48.9236;2.33906;48.9713;2.20173;48.8758;2.47638;12
15:01:44.776;48.9272;2.33906;48.9749;2.20173;48.8795;2.47638;12
15:01:44.790;48.9292;2.33906;48.9769;2.20173;48.8815;2.47638;12
15:01:44.823;48.936;2.33906;48.9837;2.20173;48.8882;2.47638;12
15:01:44.837;48.9391;2.33906;48.9868;2.20173;48.8914;2.47638;12
15:01:44.851;48.9418;2.33906;48.9895;2.20173;48.8941;2.47638;12
15:01:44.853;48.9441;2.33906;48.9918;2.20173;48.8964;2.47638;12
15:01:44.868;48.9477;2.33906;48.9954;2.20173;48.9;2.47638;12
15:01:44.895;48.9509;2.33906;48.9985;2.20173;48.9031;2.47638;12
15:01:44.896;48.9524;2.33906;49.0001;2.20173;48.9047;2.47638;12
15:01:44.897;48.9551;2.33906;49.0028;2.20173;48.9074;2.47638;12
15:01:44.913;48.956;2.33906;49.0037;2.20173;48.9083;2.47638;12
15:01:44.913;48.9581;2.33906;49.0057;2.20173;48.9104;2.47638;12
15:01:44.929;48.9601;2.33906;49.0078;2.20173;48.9124;2.47638;12
15:01:44.929;48.9619;2.33906;49.0095;2.20173;48.9142;2.47638;12
15:01:44.943;48.9639;2.33906;49.0116;2.20173;48.9162;2.47638;12
15:01:44.970;48.9662;2.33871;49.0138;2.20139;48.9185;2.47604;12
15:01:44.984;48.9687;2.33871;49.0163;2.20139;48.921;2.47604;12
15:01:44.998;48.9702;2.33871;49.0179;2.20139;48.9226;2.47604;12
15:01:44.999;48.9709;2.33871;49.0186;2.20139;48.9232;2.47604;12
15:01:45.013;48.9714;2.33871;49.019;2.20139;48.9237;2.47604;12
15:01:45.015;48.9718;2.33871;49.0195;2.20139;48.9241;2.47604;12
15:01:45.046;48.9723;2.33871;49.0199;2.20139;48.9246;2.47604;12
15:01:45.069;48.9725;2.33871;49.0201;2.20139;48.9248;2.47604;12
15:01:45.361;48.9732;2.33871;49.0208;2.20139;48.9255;2.47604;12
15:01:45.362;48.9748;2.33871;49.0224;2.20139;48.9271;2.47604;12
15:01:45.418;48.9772;2.33871;49.0249;2.20139;48.9296;2.47604;12
15:01:45.418;48.9802;2.33871;49.0278;2.20139;48.9325;2.47604;12
15:01:45.418;48.9903;2.33871;49.0379;2.20139;48.9426;2.47604;12
15:01:45.419;49.002;2.33871;49.0496;2.20139;48.9543;2.47604;12
15:01:45.439;49.0101;2.33871;49.0577;2.20139;48.9625;2.47604;12
15:01:45.453;49.0182;2.33871;49.0658;2.20139;48.9706;2.47604;12
15:01:45.467;49.02;2.33871;49.0676;2.20139;48.9724;2.47604;12
15:01:45.468;49.0225;2.33871;49.0701;2.20139;48.9749;2.47604;12
15:01:45.483;49.0234;2.33871;49.071;2.20139;48.9758;2.47604;12
15:01:45.834;49.0238;2.33871;49.0714;2.20139;48.9762;2.47604;12
15:01:45.834;49.0277;2.33871;49.0753;2.20139;48.98;2.47604;12
15:01:45.859;49.0304;2.33871;49.078;2.20139;48.9827;2.47604;12
15:01:45.872;49.0385;2.33871;49.0861;2.20139;48.9909;2.47604;12
15:01:45.890;49.0479;2.33871;49.0955;2.20139;49.0003;2.47604;12
15:01:45.891;49.0572;2.33871;49.1047;2.20139;49.0096;2.47604;12
15:01:45.906;49.063;2.33871;49.1106;2.20139;49.0154;2.47604;12
15:01:45.937;49.0691;2.33871;49.1166;2.20139;49.0215;2.47604;12
15:01:45.938;49.0718;2.33871;49.1193;2.20139;49.0242;2.47604;12
15:01:45.954;49.0734;2.33871;49.1209;2.20139;49.0258;2.47604;12
15:01:45.954;49.0745;2.33871;49.122;2.20139;49.0269;2.47604;12
15:01:45.979;49.0752;2.33871;49.1227;2.20139;49.0276;2.47604;12
15:01:45.993;49.0756;2.33871;49.1231;2.20139;49.028;2.47604;12
15:01:46.360;49.0767;2.33871;49.1243;2.20139;49.0291;2.47604;12
15:01:46.362;49.0801;2.33871;49.1276;2.20139;49.0325;2.47604;12
15:01:46.375;49.083;2.33871;49.1306;2.20139;49.0354;2.47604;12
15:01:46.389;49.0862;2.33871;49.1337;2.20139;49.0386;2.47604;12
15:01:46.402;49.0905;2.33871;49.138;2.20139;49.0429;2.47604;12
15:01:46.417;49.097;2.33871;49.1445;2.20139;49.0494;2.47604;12
15:01:46.431;49.1053;2.33871;49.1528;2.20139;49.0577;2.47604;12
15:01:46.431;49.1087;2.33871;49.1562;2.20139;49.0611;2.47604;12
15:01:46.449;49.1118;2.33871;49.1593;2.20139;49.0643;2.47604;12
15:01:46.462;49.1163;2.33871;49.1638;2.20139;49.0687;2.47604;12
15:01:46.484;49.1179;2.33871;49.1654;2.20139;49.0703;2.47604;12
15:01:46.484;49.121;2.33871;49.1685;2.20139;49.0735;2.47604;12
15:01:46.496;49.1217;2.33871;49.1692;2.20139;49.0742;2.47604;12
15:01:46.497;49.1224;2.33871;49.1699;2.20139;49.0748;2.47604;12
15:01:46.524;49.1228;2.33871;49.1703;2.20139;49.0753;2.47604;12
15:01:46.525;49.123;2.33871;49.1705;2.20139;49.0755;2.47604;12
15:01:46.906;49.1246;2.33871;49.1721;2.20139;49.0771;2.47604;12
15:01:46.906;49.1266;2.33871;49.1741;2.20139;49.0791;2.47604;12
15:01:46.918;49.1363;2.33871;49.1838;2.20139;49.0888;2.47604;12
15:01:46.944;49.1451;2.33871;49.1925;2.20139;49.0975;2.47604;12
15:01:46.946;49.1513;2.33871;49.1988;2.20139;49.1038;2.47604;12
15:01:46.946;49.1576;2.33871;49.2051;2.20139;49.1101;2.47604;12
15:01:46.975;49.1603;2.33871;49.2078;2.20139;49.1128;2.47604;12
15:01:46.975;49.1684;2.33871;49.2159;2.20139;49.1209;2.47604;12
15:01:47.004;49.1715;2.33871;49.219;2.20139;49.1241;2.47604;12
15:01:47.023;49.174;2.33871;49.2215;2.20139;49.1265;2.47604;12
15:01:47.036;49.1745;2.33871;49.2219;2.20139;49.127;2.47604;12
15:01:47.356;49.1758;2.33871;49.2233;2.20139;49.1283;2.47604;12
15:01:47.367;49.1803;2.33871;49.2277;2.20139;49.1328;2.47604;12
15:01:47.381;49.1859;2.33871;49.2333;2.20139;49.1384;2.47604;12
15:01:47.394;49.1944;2.33871;49.2419;2.20139;49.147;2.47604;12
15:01:47.408;49.2021;2.33871;49.2495;2.20139;49.1546;2.47604;12
15:01:47.411;49.2063;2.33906;49.2537;2.20173;49.1589;2.47638;12
15:01:47.411;49.2104;2.3394;49.2578;2.20207;49.1629;2.47672;12
15:01:47.440;49.2133;2.3394;49.2607;2.20207;49.1658;2.47672;12
15:01:47.442;49.2164;2.3394;49.2638;2.20207;49.169;2.47672;12
15:01:47.442;49.2182;2.3394;49.2656;2.20207;49.1708;2.47672;12
15:01:47.456;49.2191;2.3394;49.2665;2.20207;49.1717;2.47672;12
15:01:47.482;49.22;2.3394;49.2674;2.20207;49.1726;2.47672;12
15:01:47.775;49.2216;2.3394;49.269;2.20207;49.1741;2.47672;12
15:01:47.777;49.2261;2.3394;49.2735;2.20207;49.1786;2.47672;12
15:01:47.811;49.2348;2.3394;49.2822;2.20207;49.1874;2.47672;12
15:01:47.813;49.253;2.3394;49.3003;2.20207;49.2055;2.47672;12
15:01:47.842;49.259;2.3394;49.3064;2.20207;49.2116;2.47672;12
15:01:47.843;49.2624;2.3394;49.3097;2.20207;49.215;2.47672;12
15:01:47.843;49.2633;2.3394;49.3106;2.20207;49.2159;2.47672;12
15:01:47.870;49.2653;2.3394;49.3126;2.20207;49.2179;2.47672;12
15:01:47.871;49.2671;2.3394;49.3144;2.20207;49.2197;2.47672;12
15:01:47.899;49.2677;2.3394;49.3151;2.20207;49.2203;2.47672;12
15:01:48.211;49.2684;2.3394;49.3158;2.20207;49.221;2.47672;12
15:01:48.211;49.2722;2.3394;49.3196;2.20207;49.2248;2.47672;12
15:01:48.212;49.2774;2.3394;49.3247;2.20207;49.23;2.47672;12
15:01:48.241;49.2805;2.3394;49.3279;2.20207;49.2331;2.47672;12
15:01:48.243;49.2966;2.3394;49.344;2.20207;49.2493;2.47672;12
15:01:48.243;49.3004;2.3394;49.3478;2.20207;49.2531;2.47672;12
15:01:48.271;49.3074;2.3394;49.3547;2.20207;49.26;2.47672;12
15:01:48.285;49.3161;2.3394;49.3634;2.20207;49.2688;2.47672;12
15:01:48.299;49.3206;2.3394;49.3679;2.20207;49.2732;2.47672;12
15:01:48.314;49.3248;2.3394;49.3721;2.20207;49.2775;2.47672;12
15:01:48.315;49.3262;2.3394;49.3735;2.20207;49.2788;2.47672;12
15:01:48.315;49.3266;2.3394;49.3739;2.20207;49.2793;2.47672;12
15:01:48.332;49.3271;2.3394;49.3744;2.20207;49.2797;2.47672;12
15:01:48.693;49.328;2.3394;49.3753;2.20207;49.2806;2.47672;12
15:01:48.694;49.3311;2.3394;49.3784;2.20207;49.2838;2.47672;12
15:01:48.706;49.334;2.3394;49.3813;2.20207;49.2867;2.47672;12
15:01:48.707;49.3374;2.3394;49.3847;2.20207;49.29;2.47672;12
15:01:48.724;49.3512;2.3394;49.3985;2.20207;49.3039;2.47672;12
15:01:48.738;49.3579;2.3394;49.4052;2.20207;49.3106;2.47672;12
15:01:48.738;49.3618;2.3394;49.409;2.20207;49.3144;2.47672;12
15:01:48.767;49.3754;2.3394;49.4226;2.20207;49.3281;2.47672;12
15:01:48.781;49.3778;2.3394;49.4251;2.20207;49.3306;2.47672;12
15:01:48.783;49.3859;2.3394;49.4331;2.20207;49.3386;2.47672;12
15:01:48.809;49.3895;2.3394;49.4367;2.20207;49.3422;2.47672;12
15:01:48.810;49.3926;2.3394;49.4398;2.20207;49.3453;2.47672;12
15:01:48.810;49.3942;2.3394;49.4414;2.20207;49.3469;2.47672;12
15:01:48.840;49.3957;2.3394;49.443;2.20207;49.3484;2.47672;12
15:01:48.842;49.3964;2.3394;49.4436;2.20207;49.3491;2.47672;12
15:01:48.842;49.3973;2.3394;49.4445;2.20207;49.35;2.47672;12
15:01:48.878;49.3986;2.3394;49.4459;2.20207;49.3513;2.47672;12
15:01:48.878;49.3993;2.3394;49.4465;2.20207;49.352;2.47672;12
15:01:48.901;49.4004;2.3394;49.4477;2.20207;49.3531;2.47672;12
15:01:48.914;49.4013;2.3394;49.4485;2.20207;49.354;2.47672;12
15:01:48.916;49.4015;2.3394;49.4488;2.20207;49.3543;2.47672;12
15:01:48.918;49.402;2.3394;49.4492;2.20207;49.3547;2.47672;12
15:01:48.949;49.4024;2.3394;49.4496;2.20207;49.3551;2.47672;12
15:01:48.962;49.4029;2.3394;49.4501;2.20207;49.3556;2.47672;12
15:01:49.033;49.4026;2.33974;49.4499;2.20242;49.3554;2.47707;12
15:01:49.047;49.4013;2.34009;49.4485;2.20276;49.354;2.47741;12
15:01:49.048;49.3993;2.34077;49.4465;2.20345;49.352;2.4781;12
15:01:49.307;49.4;2.34077;49.4472;2.20345;49.3527;2.4781;12
15:01:49.307;49.4047;2.34077;49.4519;2.20345;49.3574;2.4781;12
15:01:49.331;49.4123;2.34077;49.4595;2.20345;49.365;2.4781;12
15:01:49.345;49.4236;2.34077;49.4709;2.20345;49.3764;2.4781;12
15:01:49.359;49.4299;2.34077;49.4771;2.20345;49.3826;2.4781;12
15:01:49.372;49.439;2.34077;49.4863;2.20345;49.3918;2.4781;12
15:01:49.386;49.4471;2.34077;49.4943;2.20345;49.3999;2.4781;12
15:01:49.399;49.448;2.34077;49.4952;2.20345;49.4007;2.4781;12
15:01:49.417;49.4522;2.34077;49.4994;2.20345;49.405;2.4781;12
15:01:49.431;49.4542;2.34077;49.5014;2.20345;49.407;2.4781;12
15:01:49.449;49.4553;2.34077;49.5025;2.20345;49.4081;2.4781;12
15:01:49.450;49.4565;2.34077;49.5036;2.20345;49.4092;2.4781;12
15:01:49.480;49.4576;2.34077;49.5047;2.20345;49.4104;2.4781;12
15:01:49.480;49.4591;2.34077;49.5063;2.20345;49.4119;2.4781;12
15:01:49.508;49.4603;2.34077;49.5074;2.20345;49.413;2.4781;12
15:01:49.521;49.4609;2.34077;49.5081;2.20345;49.4137;2.4781;12
15:01:49.522;49.4614;2.34077;49.5085;2.20345;49.4142;2.4781;12
15:01:49.549;49.4616;2.34077;49.5088;2.20345;49.4144;2.4781;12
15:01:49.569;49.4618;2.34077;49.509;2.20345;49.4146;2.4781;12
15:01:49.711;49.4616;2.34077;49.5088;2.20345;49.4144;2.4781;12
15:01:49.736;49.4614;2.34077;49.5085;2.20345;49.4142;2.4781;12
15:01:49.752;49.4612;2.34077;49.5083;2.20345;49.4139;2.4781;12
15:01:49.774;49.4609;2.34077;49.5081;2.20345;49.4137;2.4781;12
15:01:49.774;49.4607;2.34077;49.5079;2.20345;49.4135;2.4781;12
15:01:49.798;49.46;2.34077;49.5072;2.20345;49.4128;2.4781;12
15:01:49.810;49.4591;2.34077;49.5063;2.20345;49.4119;2.4781;12
15:01:49.812;49.4589;2.34077;49.5061;2.20345;49.4117;2.4781;12
15:01:49.812;49.4585;2.34077;49.5056;2.20345;49.4113;2.4781;12
15:01:49.826;49.4578;2.34077;49.505;2.20345;49.4106;2.4781;12
15:01:49.840;49.4571;2.34077;49.5043;2.20345;49.4099;2.4781;12
15:01:50.282;49.4549;2.34077;49.5021;2.20345;49.4077;2.4781;12
15:01:50.282;49.4478;2.34077;49.4949;2.20345;49.4005;2.4781;12
15:01:50.310;49.4361;2.34077;49.4833;2.20345;49.3889;2.4781;12
15:01:50.327;49.4205;2.34077;49.4677;2.20345;49.3733;2.4781;12
15:01:50.338;49.4011;2.34009;49.4483;2.20276;49.3538;2.47741;12
15:01:50.354;49.398;2.34009;49.4452;2.20276;49.3507;2.47741;12
15:01:50.368;49.3951;2.34009;49.4423;2.20276;49.3478;2.47741;12
15:01:50.817;49.3953;2.34009;49.4425;2.20276;49.348;2.47741;12
15:01:50.857;49.3942;2.34009;49.4414;2.20276;49.3469;2.47741;12
15:01:50.858;49.3926;2.34009;49.4398;2.20276;49.3453;2.47741;12
15:01:50.886;49.3837;2.33974;49.4309;2.20242;49.3364;2.47707;12
15:01:50.903;49.3626;2.33562;49.4099;2.1983;49.3153;2.47295;12
15:01:50.915;49.3441;2.33253;49.3914;2.19521;49.2967;2.46986;12
15:01:50.916;49.3414;2.32944;49.3887;2.19212;49.2941;2.46677;12
15:01:50.948;49.3414;2.32635;49.3887;2.18903;49.2941;2.46368;12
15:01:50.962;49.3414;2.32498;49.3887;2.18765;49.2941;2.46231;12
15:01:50.975;49.3414;2.3243;49.3887;2.18697;49.2941;2.46162;12
15:01:50.976;49.3414;2.32395;49.3887;2.18662;49.2941;2.46128;12
15:01:51.713;49.2615;2.32224;49.3088;2.18491;49.2141;2.45956;12
15:01:51.886;49.2603;2.32224;49.3077;2.18491;49.2129;2.45956;12
15:01:51.903;49.2588;2.32224;49.3061;2.18491;49.2114;2.45956;12
15:01:51.904;49.2572;2.32224;49.3046;2.18491;49.2098;2.45956;12
15:01:51.904;49.2554;2.32224;49.3028;2.18491;49.208;2.45956;12
15:01:51.939;49.2532;2.32224;49.3005;2.18491;49.2058;2.45956;12
15:01:51.941;49.2489;2.32224;49.2963;2.18491;49.2015;2.45956;12
15:01:51.967;49.2471;2.32224;49.2945;2.18491;49.1997;2.45956;12
15:01:51.980;49.2431;2.32224;49.2905;2.18491;49.1957;2.45956;12
15:01:51.994;49.2391;2.32224;49.2864;2.18491;49.1916;2.45956;12
15:01:52.009;49.237;2.32224;49.2844;2.18491;49.1896;2.45956;12
15:01:52.010;49.2328;2.32224;49.2802;2.18491;49.1853;2.45956;12
15:01:52.025;49.2261;2.32224;49.2735;2.18491;49.1786;2.45956;12
15:01:52.053;49.2211;2.32224;49.2685;2.18491;49.1737;2.45956;12
15:01:52.066;49.2198;2.32224;49.2672;2.18491;49.1723;2.45956;12
15:01:52.066;49.2178;2.32224;49.2652;2.18491;49.1703;2.45956;12
15:01:52.079;49.2162;2.32224;49.2636;2.18491;49.1687;2.45956;12
15:01:52.093;49.2142;2.32224;49.2616;2.18491;49.1667;2.45956;12
15:01:52.107;49.2135;2.32224;49.2609;2.18491;49.166;2.45956;12
15:01:52.122;49.2133;2.32224;49.2607;2.18491;49.1658;2.45956;12
15:01:52.397;49.2124;2.32224;49.2598;2.18491;49.1649;2.45956;12
15:01:52.408;49.2108;2.32224;49.2582;2.18491;49.1633;2.45956;12
15:01:52.422;49.2021;2.32224;49.2495;2.18491;49.1546;2.45956;12
15:01:52.438;49.1866;2.32224;49.234;2.18491;49.1391;2.45956;12
15:01:52.450;49.1733;2.32224;49.2208;2.18491;49.1259;2.45956;12
15:01:52.451;49.1657;2.32258;49.2132;2.18525;49.1182;2.4599;12
15:01:52.467;49.163;2.32258;49.2105;2.18525;49.1155;2.4599;12
15:01:52.469;49.1583;2.32258;49.2058;2.18525;49.1108;2.4599;12
15:01:52.469;49.1572;2.32258;49.2046;2.18525;49.1097;2.4599;12
15:01:52.495;49.1545;2.32258;49.202;2.18525;49.107;2.4599;12
15:01:52.499;49.1511;2.32258;49.1986;2.18525;49.1036;2.4599;12
15:01:52.523;49.1502;2.32258;49.1977;2.18525;49.1027;2.4599;12
15:01:52.524;49.15;2.32258;49.1975;2.18525;49.1025;2.4599;12
15:01:52.814;49.1498;2.32258;49.1972;2.18525;49.1022;2.4599;12
15:01:52.814;49.1469;2.32258;49.1943;2.18525;49.0993;2.4599;12
15:01:52.839;49.1437;2.32258;49.1912;2.18525;49.0962;2.4599;12
15:01:52.856;49.1314;2.32258;49.1788;2.18525;49.0838;2.4599;12
15:01:52.867;49.1145;2.32258;49.162;2.18525;49.067;2.4599;12
15:01:52.868;49.1026;2.32258;49.1501;2.18525;49.055;2.4599;12
15:01:52.897;49.0947;2.32258;49.1422;2.18525;49.0471;2.4599;12
15:01:52.911;49.0929;2.32258;49.1404;2.18525;49.0453;2.4599;12
15:01:52.924;49.0875;2.32258;49.1351;2.18525;49.04;2.4599;12
15:01:52.925;49.085;2.32258;49.1326;2.18525;49.0375;2.4599;12
15:01:52.960;49.0841;2.32258;49.1317;2.18525;49.0366;2.4599;12
15:01:53.298;49.083;2.32258;49.1306;2.18525;49.0354;2.4599;12
15:01:53.298;49.077;2.32258;49.1245;2.18525;49.0294;2.4599;12
15:01:53.323;49.065;2.32258;49.1126;2.18525;49.0174;2.4599;12
15:01:53.325;49.0563;2.32258;49.1038;2.18525;49.0087;2.4599;12
15:01:53.325;49.0524;2.32258;49.1;2.18525;49.0048;2.4599;12
15:01:53.352;49.045;2.32258;49.0926;2.18525;48.9974;2.4599;12
15:01:53.366;49.0376;2.32258;49.0852;2.18525;48.99;2.4599;12
15:01:53.379;49.0302;2.32258;49.0777;2.18525;48.9825;2.4599;12
15:01:53.394;49.0293;2.32258;49.0768;2.18525;48.9816;2.4599;12
15:01:53.719;49.0288;2.32258;49.0764;2.18525;48.9812;2.4599;12
15:01:53.733;49.0254;2.32258;49.073;2.18525;48.9778;2.4599;12
15:01:53.736;49.0202;2.32258;49.0678;2.18525;48.9726;2.4599;12
15:01:53.755;49.0169;2.32258;49.0645;2.18525;48.9692;2.4599;12
15:01:53.755;49.0128;2.32258;49.0604;2.18525;48.9652;2.4599;12
15:01:53.771;49.0058;2.32258;49.0535;2.18525;48.9582;2.4599;12
15:01:53.795;48.9991;2.32258;49.0467;2.18525;48.9514;2.4599;12
15:01:53.809;48.9939;2.32258;49.0415;2.18525;48.9462;2.4599;12
15:01:53.824;48.9932;2.32258;49.0409;2.18525;48.9456;2.4599;12
15:01:53.840;48.9903;2.32258;49.0379;2.18525;48.9426;2.4599;12
15:01:53.840;48.9885;2.32258;49.0361;2.18525;48.9408;2.4599;12
15:01:53.867;48.9862;2.32258;49.0339;2.18525;48.9386;2.4599;12
15:01:53.868;48.9853;2.32258;49.033;2.18525;48.9377;2.4599;12
15:01:53.868;48.9847;2.32258;49.0323;2.18525;48.937;2.4599;12
15:01:53.898;48.984;2.32258;49.0316;2.18525;48.9363;2.4599;12
15:01:53.898;48.9829;2.32258;49.0305;2.18525;48.9352;2.4599;12
15:01:53.924;48.9822;2.32258;49.0298;2.18525;48.9345;2.4599;12
15:01:53.925;48.9817;2.32258;49.0294;2.18525;48.9341;2.4599;12
15:01:53.941;48.9815;2.32258;49.0291;2.18525;48.9338;2.4599;12
15:01:53.941;48.9813;2.32258;49.0289;2.18525;48.9336;2.4599;12
15:01:53.972;48.9808;2.32258;49.0285;2.18525;48.9332;2.4599;12
15:01:53.972;48.9802;2.32258;49.0278;2.18525;48.9325;2.4599;12
15:01:53.997;48.9793;2.32258;49.0269;2.18525;48.9316;2.4599;12
15:01:53.998;48.9779;2.32292;49.0255;2.18559;48.9302;2.46025;12
15:01:54.013;48.9775;2.32292;49.0251;2.18559;48.9298;2.46025;12
15:01:54.013;48.977;2.32327;49.0246;2.18594;48.9293;2.46059;12
15:01:54.028;48.9766;2.32327;49.0242;2.18594;48.9289;2.46059;12
15:01:54.028;48.9759;2.32327;49.0235;2.18594;48.9282;2.46059;12
15:01:54.058;48.9754;2.32361;49.0231;2.18628;48.9277;2.46093;12
15:01:54.058;48.9741;2.32361;49.0217;2.18628;48.9264;2.46093;12
15:01:54.090;48.9711;2.32395;49.0188;2.18662;48.9235;2.46128;12
15:01:54.091;48.9671;2.3243;49.0147;2.18697;48.9194;2.46162;12
15:01:54.105;48.9644;2.32498;49.012;2.18765;48.9167;2.46231;12
15:01:54.145;48.9614;2.32533;49.0091;2.188;48.9138;2.46265;12
15:01:54.152;48.959;2.32567;49.0066;2.18834;48.9113;2.46299;12
15:01:54.180;48.9572;2.32601;49.0048;2.18868;48.9095;2.46334;12
15:01:54.183;48.9549;2.32601;49.0026;2.18868;48.9072;2.46334;12
15:01:54.196;48.9531;2.32635;49.0008;2.18903;48.9054;2.46368;12
15:01:54.197;48.9531;2.3267;49.0008;2.18937;48.9054;2.46402;12
15:01:54.233;48.9531;2.32704;49.0008;2.18971;48.9054;2.46437;12
15:01:54.251;48.9531;2.32738;49.0008;2.19006;48.9054;2.46471;12
15:01:54.580;48.9529;2.32738;49.0005;2.19006;48.9052;2.46471;12
15:01:54.580;48.9524;2.32738;49.0001;2.19006;48.9047;2.46471;12
15:01:54.605;48.9504;2.32738;48.9981;2.19006;48.9027;2.46471;12
15:01:54.619;48.9466;2.32738;48.9942;2.19006;48.8989;2.46471;12
15:01:54.634;48.9407;2.32738;48.9884;2.19006;48.893;2.46471;12
15:01:54.635;48.9369;2.32738;48.9846;2.19006;48.8892;2.46471;12
15:01:54.662;48.9269;2.32738;48.9746;2.19006;48.8792;2.46471;12
15:01:54.676;48.9161;2.32738;48.9638;2.19006;48.8684;2.46471;12
15:01:54.694;48.9096;2.32738;48.9573;2.19006;48.8618;2.46471;12
15:01:54.707;48.9019;2.32738;48.9496;2.19006;48.8542;2.46471;12
15:01:54.730;48.8963;2.32738;48.944;2.19006;48.8485;2.46471;12
15:01:54.731;48.8911;2.32738;48.9388;2.19006;48.8433;2.46471;12
15:01:54.745;48.8899;2.32738;48.9377;2.19006;48.8422;2.46471;12
15:01:54.759;48.8884;2.32738;48.9361;2.19006;48.8406;2.46471;12
15:01:54.762;48.8868;2.32738;48.9345;2.19006;48.839;2.46471;12
15:01:54.788;48.8861;2.32738;48.9338;2.19006;48.8383;2.46471;12
15:01:54.790;48.8859;2.32738;48.9336;2.19006;48.8381;2.46471;12
15:01:54.858;48.8857;2.32738;48.9334;2.19006;48.8379;2.46471;12
15:01:54.944;48.8854;2.32738;48.9332;2.19006;48.8377;2.46471;12
15:01:54.969;48.8852;2.32738;48.9329;2.19006;48.8374;2.46471;12
15:01:55.001;48.885;2.32738;48.9327;2.19006;48.8372;2.46471;12
15:01:55.016;48.8845;2.32738;48.9323;2.19006;48.8368;2.46471;12
15:01:55.030;48.8827;2.32738;48.9305;2.19006;48.8349;2.46471;12
15:01:55.044;48.8805;2.32738;48.9282;2.19006;48.8327;2.46471;12
15:01:55.048;48.8784;2.32738;48.9262;2.19006;48.8307;2.46471;12
15:01:55.060;48.8778;2.32738;48.9255;2.19006;48.83;2.46471;12
15:01:55.060;48.8773;2.32738;48.925;2.19006;48.8295;2.46471;12
15:01:55.087;48.8769;2.32738;48.9246;2.19006;48.8291;2.46471;12
15:01:55.101;48.8764;2.32738;48.9241;2.19006;48.8286;2.46471;12
15:01:55.103;48.8762;2.32738;48.9239;2.19006;48.8284;2.46471;12
15:01:55.368;48.8755;2.32738;48.9232;2.19006;48.8277;2.46471;12
15:01:55.370;48.8726;2.32738;48.9203;2.19006;48.8248;2.46471;12
15:01:55.385;48.8701;2.32704;48.9178;2.18971;48.8223;2.46437;12
15:01:55.412;48.8662;2.3267;48.914;2.18937;48.8185;2.46402;12
15:01:55.426;48.8644;2.32635;48.9122;2.18903;48.8166;2.46368;12
15:01:55.440;48.8633;2.32635;48.911;2.18903;48.8155;2.46368;12
15:01:55.441;48.8631;2.32635;48.9108;2.18903;48.8153;2.46368;12
15:01:55.455;48.8631;2.32601;48.9108;2.18868;48.8153;2.46334;12
15:01:55.878;48.8629;2.32601;48.9106;2.18868;48.8151;2.46334;12
15:01:55.878;48.8622;2.32601;48.9099;2.18868;48.8144;2.46334;12
15:01:55.878;48.8613;2.32601;48.909;2.18868;48.8135;2.46334;12
15:01:55.892;48.859;2.32601;48.9068;2.18868;48.8112;2.46334;12
15:01:55.892;48.8572;2.32601;48.9049;2.18868;48.8094;2.46334;12
15:01:55.919;48.8547;2.32601;48.9025;2.18868;48.8069;2.46334;12
15:01:55.937;48.8493;2.32601;48.897;2.18868;48.8015;2.46334;12
15:01:55.950;48.8446;2.32601;48.8923;2.18868;48.7967;2.46334;12
15:01:55.977;48.84;2.32601;48.8878;2.18868;48.7922;2.46334;12
15:01:55.981;48.8373;2.32601;48.8851;2.18868;48.7895;2.46334;12
15:01:56.005;48.8362;2.32601;48.884;2.18868;48.7884;2.46334;12
15:01:56.019;48.836;2.32601;48.8837;2.18868;48.7882;2.46334;12
15:01:56.257;48.8357;2.32601;48.8835;2.18868;48.7879;2.46334;12
15:01:56.274;48.8355;2.32601;48.8833;2.18868;48.7877;2.46334;12
15:01:56.275;48.8353;2.32601;48.8831;2.18868;48.7875;2.46334;12
15:01:56.301;48.8344;2.32601;48.8822;2.18868;48.7866;2.46334;12
15:01:56.315;48.8332;2.32601;48.881;2.18868;48.7854;2.46334;12
15:01:56.329;48.8319;2.32601;48.8797;2.18868;48.7841;2.46334;12
15:01:56.343;48.8305;2.32601;48.8783;2.18868;48.7827;2.46334;12
15:01:56.360;48.8276;2.32601;48.8754;2.18868;48.7798;2.46334;12
15:01:56.360;48.8256;2.32601;48.8733;2.18868;48.7777;2.46334;12
15:01:56.373;48.8233;2.32601;48.8711;2.18868;48.7755;2.46334;12
15:01:56.388;48.8226;2.32601;48.8704;2.18868;48.7748;2.46334;12
15:01:56.389;48.8222;2.32601;48.87;2.18868;48.7743;2.46334;12
15:01:56.418;48.8219;2.32601;48.8697;2.18868;48.7741;2.46334;12
15:01:56.430;48.8213;2.32601;48.8691;2.18868;48.7734;2.46334;12
15:01:56.517;48.8215;2.32601;48.8693;2.18868;48.7737;2.46334;12
15:01:56.517;48.8217;2.32601;48.8695;2.18868;48.7739;2.46334;12
15:01:56.529;48.8224;2.32601;48.8702;2.18868;48.7746;2.46334;12
15:01:56.556;48.8238;2.32601;48.8715;2.18868;48.7759;2.46334;12
15:01:56.571;48.8271;2.32601;48.8749;2.18868;48.7793;2.46334;12
15:01:56.573;48.8287;2.32601;48.8765;2.18868;48.7809;2.46334;12
15:01:56.573;48.831;2.32601;48.8788;2.18868;48.7832;2.46334;12
15:01:56.588;48.8353;2.32601;48.8831;2.18868;48.7875;2.46334;12
15:01:56.614;48.8403;2.32601;48.888;2.18868;48.7924;2.46334;12
15:01:56.628;48.8464;2.32635;48.8941;2.18903;48.7985;2.46368;12
15:01:56.642;48.8522;2.3267;48.9;2.18937;48.8044;2.46402;12
15:01:56.644;48.8549;2.3267;48.9027;2.18937;48.8072;2.46402;12
15:01:56.645;48.8574;2.3267;48.9052;2.18937;48.8096;2.46402;12
15:01:56.672;48.8599;2.3267;48.9077;2.18937;48.8121;2.46402;12
15:01:56.688;48.8638;2.3267;48.9115;2.18937;48.816;2.46402;12
15:01:56.688;48.8678;2.3267;48.9156;2.18937;48.82;2.46402;12
15:01:56.715;48.8717;2.3267;48.9194;2.18937;48.8239;2.46402;12
15:01:56.734;48.875;2.32635;48.9228;2.18903;48.8273;2.46368;12
15:01:56.748;48.8775;2.32601;48.9253;2.18868;48.8298;2.46334;12
15:01:56.771;48.8805;2.32567;48.9282;2.18834;48.8327;2.46299;12
15:01:56.785;48.8843;2.32533;48.932;2.188;48.8365;2.46265;12
15:01:56.786;48.8861;2.32498;48.9338;2.18765;48.8383;2.46231;12
15:01:56.814;48.8893;2.32498;48.937;2.18765;48.8415;2.46231;12
15:01:56.828;48.8915;2.32498;48.9392;2.18765;48.8438;2.46231;12
15:01:56.832;48.894;2.32498;48.9417;2.18765;48.8462;2.46231;12
15:01:56.845;48.8949;2.32498;48.9426;2.18765;48.8471;2.46231;12
15:01:56.845;48.8956;2.32498;48.9433;2.18765;48.8478;2.46231;12
15:01:56.872;48.8963;2.32498;48.944;2.18765;48.8485;2.46231;12
15:01:56.886;48.8969;2.32498;48.9447;2.18765;48.8492;2.46231;12
15:01:56.900;48.8972;2.32498;48.9449;2.18765;48.8494;2.46231;12
15:01:56.914;48.8974;2.32498;48.9451;2.18765;48.8496;2.46231;12
15:01:57.088;48.8972;2.32498;48.9449;2.18765;48.8494;2.46231;12
15:01:57.089;48.8965;2.32498;48.9442;2.18765;48.8487;2.46231;12
15:01:57.114;48.8933;2.32567;48.9411;2.18834;48.8456;2.46299;12
15:01:57.128;48.8909;2.32601;48.9386;2.18868;48.8431;2.46334;12
15:01:57.143;48.8854;2.3267;48.9332;2.18937;48.8377;2.46402;12
15:01:57.143;48.878;2.32773;48.9257;2.1904;48.8302;2.46505;12
15:01:57.158;48.8728;2.32807;48.9205;2.19074;48.825;2.4654;12
15:01:57.176;48.8696;2.32807;48.9174;2.19074;48.8218;2.4654;12
15:01:57.176;48.8669;2.32807;48.9147;2.19074;48.8191;2.4654;12
15:01:57.200;48.8644;2.32807;48.9122;2.19074;48.8166;2.4654;12
15:01:57.214;48.8601;2.32807;48.9079;2.19074;48.8124;2.4654;12
15:01:57.228;48.8574;2.32807;48.9052;2.19074;48.8096;2.4654;12
15:01:57.247;48.8543;2.32807;48.902;2.19074;48.8065;2.4654;12
15:01:57.264;48.8516;2.32807;48.8993;2.19074;48.8037;2.4654;12
15:01:57.264;48.8495;2.32807;48.8973;2.19074;48.8017;2.4654;12
15:01:57.299;48.8473;2.32807;48.895;2.19074;48.7995;2.4654;12
15:01:57.301;48.8468;2.32807;48.8946;2.19074;48.799;2.4654;12
15:01:57.301;48.8466;2.32807;48.8943;2.19074;48.7988;2.4654;12
15:01:57.317;48.8461;2.32807;48.8939;2.19074;48.7983;2.4654;12
15:01:57.343;48.8459;2.32807;48.8937;2.19074;48.7981;2.4654;12
15:01:57.358;48.8455;2.32807;48.8932;2.19074;48.7976;2.4654;12
15:01:57.358;48.8439;2.32807;48.8916;2.19074;48.7961;2.4654;12
15:01:57.376;48.843;2.32807;48.8907;2.19074;48.7952;2.4654;12
15:01:57.376;48.8423;2.32807;48.8901;2.19074;48.7945;2.4654;12
15:01:57.400;48.8414;2.32807;48.8891;2.19074;48.7936;2.4654;12
15:01:57.401;48.8403;2.32807;48.888;2.19074;48.7924;2.4654;12
15:01:57.429;48.8396;2.32807;48.8873;2.19074;48.7918;2.4654;12
15:01:57.445;48.8391;2.32807;48.8869;2.19074;48.7913;2.4654;12
15:01:57.522;48.8394;2.32807;48.8871;2.19074;48.7915;2.4654;12
15:01:57.537;48.8396;2.32841;48.8873;2.19109;48.7918;2.46574;12
15:01:57.552;48.8398;2.32841;48.8876;2.19109;48.792;2.46574;12
15:01:57.566;48.84;2.32841;48.8878;2.19109;48.7922;2.46574;12
15:01:57.579;48.8405;2.32841;48.8882;2.19109;48.7927;2.46574;12
15:01:57.593;48.8409;2.32841;48.8887;2.19109;48.7931;2.46574;12
15:01:57.595;48.8412;2.32841;48.8889;2.19109;48.7934;2.46574;12
15:01:57.596;48.8414;2.32841;48.8891;2.19109;48.7936;2.46574;12
15:01:57.627;48.8425;2.32841;48.8903;2.19109;48.7947;2.46574;12
15:01:57.628;48.8434;2.32841;48.8912;2.19109;48.7956;2.46574;12
15:01:57.629;48.8446;2.32841;48.8923;2.19109;48.7967;2.46574;12
15:01:57.656;48.8459;2.32841;48.8937;2.19109;48.7981;2.46574;12
15:01:57.657;48.8495;2.32841;48.8973;2.19109;48.8017;2.46574;12
15:01:57.686;48.8545;2.32841;48.9022;2.19109;48.8067;2.46574;12
15:01:57.686;48.8597;2.32841;48.9074;2.19109;48.8119;2.46574;12
15:01:57.700;48.8622;2.32841;48.9099;2.19109;48.8144;2.46574;12
15:01:57.700;48.8647;2.32841;48.9124;2.19109;48.8169;2.46574;12
15:01:57.715;48.8667;2.32841;48.9144;2.19109;48.8189;2.46574;12
15:01:57.744;48.8696;2.32841;48.9174;2.19109;48.8218;2.46574;12
15:01:57.744;48.8737;2.32841;48.9214;2.19109;48.8259;2.46574;12
15:01:57.775;48.8755;2.32807;48.9232;2.19074;48.8277;2.4654;12
15:01:57.789;48.8775;2.32773;48.9253;2.1904;48.8298;2.46505;12
15:01:57.812;48.8798;2.32773;48.9275;2.1904;48.832;2.46505;12
15:01:57.826;48.882;2.32738;48.9298;2.19006;48.8343;2.46471;12
15:01:57.827;48.8829;2.32738;48.9307;2.19006;48.8352;2.46471;12
15:01:57.828;48.8836;2.32738;48.9314;2.19006;48.8358;2.46471;12
15:01:57.844;48.8843;2.32738;48.932;2.19006;48.8365;2.46471;12
15:01:57.845;48.8854;2.32704;48.9332;2.18971;48.8377;2.46437;12
15:01:57.873;48.8859;2.32704;48.9336;2.18971;48.8381;2.46437;12
15:01:57.873;48.8875;2.3267;48.9352;2.18937;48.8397;2.46402;12
15:01:57.888;48.8899;2.3267;48.9377;2.18937;48.8422;2.46402;12
15:01:57.915;48.8924;2.3267;48.9402;2.18937;48.8447;2.46402;12
15:01:57.916;48.8931;2.3267;48.9408;2.18937;48.8453;2.46402;12
15:01:57.917;48.8942;2.3267;48.942;2.18937;48.8465;2.46402;12
15:01:57.945;48.8951;2.3267;48.9428;2.18937;48.8474;2.46402;12
15:01:57.945;48.8969;2.3267;48.9447;2.18937;48.8492;2.46402;12
15:01:57.972;48.8981;2.3267;48.9458;2.18937;48.8503;2.46402;12
15:01:57.986;48.8992;2.3267;48.9469;2.18937;48.8514;2.46402;12
15:01:57.988;48.8994;2.3267;48.9471;2.18937;48.8517;2.46402;12
15:01:57.989;48.8999;2.3267;48.9476;2.18937;48.8521;2.46402;12
15:01:58.003;48.9003;2.3267;48.948;2.18937;48.8526;2.46402;12
15:01:58.031;48.901;2.32704;48.9487;2.18971;48.8532;2.46437;12
15:01:58.031;48.9012;2.32704;48.9489;2.18971;48.8535;2.46437;12
15:01:58.058;48.9019;2.32704;48.9496;2.18971;48.8542;2.46437;12
15:01:58.059;48.9021;2.32704;48.9498;2.18971;48.8544;2.46437;12
15:01:58.060;48.9028;2.32704;48.9505;2.18971;48.8551;2.46437;12
15:01:58.087;48.903;2.32704;48.9507;2.18971;48.8553;2.46437;12
15:01:58.102;48.9039;2.32738;48.9516;2.19006;48.8562;2.46471;12
15:01:58.103;48.9051;2.32738;48.9528;2.19006;48.8573;2.46471;12
15:01:58.131;48.9064;2.32738;48.9541;2.19006;48.8587;2.46471;12
15:01:58.146;48.9085;2.32738;48.9562;2.19006;48.8607;2.46471;12
15:01:58.160;48.9098;2.32738;48.9575;2.19006;48.8621;2.46471;12
15:01:58.176;48.9121;2.32738;48.9598;2.19006;48.8643;2.46471;12
15:01:58.188;48.9148;2.32738;48.9625;2.19006;48.867;2.46471;12
15:01:58.202;48.917;2.32738;48.9647;2.19006;48.8693;2.46471;12
15:01:58.204;48.9179;2.32738;48.9656;2.19006;48.8702;2.46471;12
15:01:58.205;48.9188;2.32738;48.9665;2.19006;48.8711;2.46471;12
15:01:58.232;48.9195;2.32738;48.9672;2.19006;48.8718;2.46471;12
15:01:58.246;48.9206;2.32738;48.9683;2.19006;48.8729;2.46471;12
15:01:58.262;48.922;2.32738;48.9697;2.19006;48.8743;2.46471;12
15:01:58.262;48.9227;2.32738;48.9703;2.19006;48.8749;2.46471;12
15:01:58.276;48.9229;2.32738;48.9706;2.19006;48.8752;2.46471;12
15:01:58.277;48.9233;2.32738;48.971;2.19006;48.8756;2.46471;12
15:01:58.304;48.9236;2.32738;48.9713;2.19006;48.8758;2.46471;12
15:01:58.305;48.9238;2.32738;48.9715;2.19006;48.8761;2.46471;12
15:01:58.332;48.924;2.32738;48.9717;2.19006;48.8763;2.46471;12
15:01:58.759;48.9242;2.32738;48.9719;2.19006;48.8765;2.46471;12
15:01:58.759;48.9267;2.32738;48.9744;2.19006;48.879;2.46471;12
15:01:58.772;48.929;2.32738;48.9767;2.19006;48.8813;2.46471;12
15:01:58.773;48.9315;2.32738;48.9791;2.19006;48.8837;2.46471;12
15:01:58.805;48.9344;2.32738;48.9821;2.19006;48.8867;2.46471;12
15:01:58.814;48.945;2.32738;48.9927;2.19006;48.8973;2.46471;12
15:01:58.820;48.9468;2.32738;48.9945;2.19006;48.8991;2.46471;12
15:01:58.821;48.9502;2.32738;48.9978;2.19006;48.9025;2.46471;12
15:01:58.855;48.9538;2.32738;49.0014;2.19006;48.9061;2.46471;12
15:01:58.869;48.9572;2.32738;49.0048;2.19006;48.9095;2.46471;12
15:01:58.883;48.959;2.32738;49.0066;2.19006;48.9113;2.46471;12
15:01:58.898;48.9599;2.32738;49.0075;2.19006;48.9122;2.46471;12
15:01:58.900;48.9601;2.32738;49.0078;2.19006;48.9124;2.46471;12
15:01:58.926;48.9608;2.32738;49.0084;2.19006;48.9131;2.46471;12
15:01:58.940;48.9614;2.32738;49.0091;2.19006;48.9138;2.46471;12
15:01:58.955;48.9623;2.32738;49.01;2.19006;48.9147;2.46471;12
15:01:58.969;48.963;2.32738;49.0107;2.19006;48.9153;2.46471;12
15:01:58.973;48.9635;2.32738;49.0111;2.19006;48.9158;2.46471;12
15:01:58.998;48.9644;2.32738;49.012;2.19006;48.9167;2.46471;12
15:01:58.999;48.9651;2.32738;49.0127;2.19006;48.9174;2.46471;12
15:01:59.027;48.9664;2.32738;49.0141;2.19006;48.9187;2.46471;12
15:01:59.028;48.9671;2.32738;49.0147;2.19006;48.9194;2.46471;12
15:01:59.042;48.968;2.32738;49.0156;2.19006;48.9203;2.46471;12
15:01:59.058;48.9689;2.32738;49.0165;2.19006;48.9212;2.46471;12
15:01:59.058;48.9707;2.32704;49.0183;2.18971;48.923;2.46437;12
15:01:59.085;48.9729;2.3267;49.0206;2.18937;48.9253;2.46402;12
15:01:59.099;48.9748;2.32635;49.0224;2.18903;48.9271;2.46368;12
15:01:59.113;48.9768;2.32601;49.0244;2.18868;48.9291;2.46334;12
15:01:59.128;48.9775;2.32601;49.0251;2.18868;48.9298;2.46334;12
15:01:59.144;48.9788;2.32567;49.0264;2.18834;48.9311;2.46299;12
15:01:59.144;48.9804;2.32567;49.028;2.18834;48.9327;2.46299;12
15:01:59.170;48.9824;2.32533;49.03;2.188;48.9347;2.46265;12
15:01:59.172;48.9833;2.32533;49.0309;2.188;48.9356;2.46265;12
15:01:59.173;48.984;2.32533;49.0316;2.188;48.9363;2.46265;12
15:01:59.202;48.9847;2.32533;49.0323;2.188;48.937;2.46265;12
15:01:59.216;48.9858;2.32533;49.0334;2.188;48.9381;2.46265;12
15:01:59.216;48.9862;2.32533;49.0339;2.188;48.9386;2.46265;12
15:01:59.248;48.9865;2.32533;49.0341;2.188;48.9388;2.46265;12
15:01:59.718;48.9869;2.32533;49.0345;2.188;48.9393;2.46265;12
15:01:59.718;48.991;2.32533;49.0386;2.188;48.9433;2.46265;12
15:01:59.748;49.0029;2.32533;49.0505;2.188;48.9553;2.46265;12
15:01:59.767;49.0205;2.32533;49.0681;2.188;48.9728;2.46265;12
15:01:59.771;49.0412;2.32533;49.0888;2.188;48.9936;2.46265;12
15:01:59.800;49.0542;2.32533;49.1018;2.188;49.0066;2.46265;12
15:01:59.812;49.063;2.32533;49.1106;2.188;49.0154;2.46265;12
15:01:59.832;49.0711;2.32533;49.1186;2.188;49.0235;2.46265;12
15:01:59.833;49.0745;2.32533;49.122;2.188;49.0269;2.46265;12
15:01:59.860;49.077;2.32533;49.1245;2.188;49.0294;2.46265;12
15:01:59.874;49.0776;2.32533;49.1252;2.188;49.03;2.46265;12
15:01:59.889;49.0781;2.32533;49.1256;2.188;49.0305;2.46265;12
15:01:59.946;49.0774;2.32533;49.125;2.188;49.0298;2.46265;12
15:01:59.947;49.0758;2.32601;49.1234;2.18868;49.0283;2.46334;12
15:01:59.964;49.0736;2.32773;49.1211;2.1904;49.026;2.46505;12
15:02:00.352;49.0745;2.32773;49.122;2.1904;49.0269;2.46505;12
15:02:00.352;49.0776;2.32773;49.1252;2.1904;49.03;2.46505;12
15:02:00.365;49.0801;2.32773;49.1276;2.1904;49.0325;2.46505;12
15:02:00.365;49.0828;2.32773;49.1303;2.1904;49.0352;2.46505;12
15:02:00.391;49.0859;2.32773;49.1335;2.1904;49.0384;2.46505;12
15:02:00.405;49.0911;2.32773;49.1386;2.1904;49.0435;2.46505;12
15:02:00.422;49.0974;2.32773;49.1449;2.1904;49.0499;2.46505;12
15:02:00.422;49.1003;2.32773;49.1479;2.1904;49.0528;2.46505;12
15:02:00.422;49.1026;2.32773;49.1501;2.1904;49.055;2.46505;12
15:02:00.447;49.1048;2.32773;49.1524;2.1904;49.0573;2.46505;12
15:02:00.466;49.1071;2.32773;49.1546;2.1904;49.0595;2.46505;12
15:02:00.467;49.11;2.32773;49.1575;2.1904;49.0625;2.46505;12
15:02:00.480;49.1114;2.32773;49.1589;2.1904;49.0638;2.46505;12
15:02:00.501;49.1123;2.32773;49.1598;2.1904;49.0647;2.46505;12
15:02:00.515;49.1161;2.32773;49.1636;2.1904;49.0685;2.46505;12
15:02:00.516;49.1176;2.32773;49.1651;2.1904;49.0701;2.46505;12
15:02:00.517;49.1183;2.32773;49.1658;2.1904;49.0708;2.46505;12
15:02:00.545;49.1199;2.32773;49.1674;2.1904;49.0723;2.46505;12
15:02:00.545;49.1228;2.32773;49.1703;2.1904;49.0753;2.46505;12
15:02:00.560;49.1251;2.32773;49.1726;2.1904;49.0775;2.46505;12
15:02:00.586;49.128;2.32773;49.1755;2.1904;49.0804;2.46505;12
15:02:00.587;49.1293;2.32773;49.1768;2.1904;49.0818;2.46505;12
15:02:00.601;49.132;2.32773;49.1795;2.1904;49.0845;2.46505;12
15:02:00.627;49.1356;2.32773;49.1831;2.1904;49.0881;2.46505;12
15:02:00.641;49.139;2.32773;49.1865;2.1904;49.0915;2.46505;12
15:02:00.642;49.1397;2.32773;49.1871;2.1904;49.0921;2.46505;12
15:02:00.670;49.1435;2.32773;49.191;2.1904;49.096;2.46505;12
15:02:00.670;49.1469;2.32773;49.1943;2.1904;49.0993;2.46505;12
15:02:00.684;49.1478;2.32773;49.1952;2.1904;49.1002;2.46505;12
15:02:00.688;49.1493;2.32773;49.1968;2.1904;49.1018;2.46505;12
15:02:00.711;49.1504;2.32773;49.1979;2.1904;49.1029;2.46505;12
15:02:00.725;49.1525;2.32773;49.1999;2.1904;49.1049;2.46505;12
15:02:00.726;49.1536;2.32773;49.201;2.1904;49.1061;2.46505;12
15:02:00.753;49.154;2.32773;49.2015;2.1904;49.1065;2.46505;12
15:02:00.767;49.1545;2.32773;49.202;2.1904;49.107;2.46505;12
15:02:01.215;49.1549;2.32773;49.2024;2.1904;49.1074;2.46505;12
15:02:01.215;49.1605;2.32773;49.208;2.1904;49.113;2.46505;12
15:02:01.228;49.1635;2.32773;49.2109;2.1904;49.116;2.46505;12
15:02:01.228;49.1673;2.32773;49.2147;2.1904;49.1198;2.46505;12
15:02:01.246;49.1767;2.32773;49.2242;2.1904;49.1292;2.46505;12
15:02:01.260;49.1816;2.32773;49.2291;2.1904;49.1342;2.46505;12
15:02:01.260;49.1839;2.32773;49.2313;2.1904;49.1364;2.46505;12
15:02:01.292;49.1913;2.32773;49.2387;2.1904;49.1438;2.46505;12
15:02:01.306;49.1973;2.32773;49.2448;2.1904;49.1499;2.46505;12
15:02:01.320;49.2;2.32773;49.2475;2.1904;49.1526;2.46505;12
15:02:01.336;49.205;2.32773;49.2524;2.1904;49.1575;2.46505;12
15:02:01.336;49.209;2.32773;49.2564;2.1904;49.1616;2.46505;12
15:02:01.363;49.214;2.32773;49.2614;2.1904;49.1665;2.46505;12
15:02:01.375;49.2164;2.32773;49.2638;2.1904;49.169;2.46505;12
15:02:01.379;49.2216;2.32773;49.269;2.1904;49.1741;2.46505;12
15:02:01.396;49.2249;2.32773;49.2723;2.1904;49.1775;2.46505;12
15:02:01.432;49.2283;2.32773;49.2757;2.1904;49.1809;2.46505;12
15:02:01.432;49.2312;2.32773;49.2786;2.1904;49.1838;2.46505;12
15:02:01.445;49.2321;2.32773;49.2795;2.1904;49.1847;2.46505;12
15:02:01.461;49.2326;2.32773;49.2799;2.1904;49.1851;2.46505;12
15:02:01.461;49.233;2.32773;49.2804;2.1904;49.1856;2.46505;12
15:02:01.489;49.2332;2.32773;49.2806;2.1904;49.1858;2.46505;12
15:02:01.503;49.2335;2.32773;49.2808;2.1904;49.186;2.46505;12
15:02:01.907;49.2339;2.32773;49.2813;2.1904;49.1865;2.46505;12
15:02:01.907;49.2373;2.32773;49.2847;2.1904;49.1898;2.46505;12
15:02:01.932;49.2438;2.32773;49.2911;2.1904;49.1963;2.46505;12
15:02:01.945;49.2586;2.32773;49.3059;2.1904;49.2112;2.46505;12
15:02:01.960;49.2624;2.32773;49.3097;2.1904;49.215;2.46505;12
15:02:01.976;49.2767;2.32773;49.3241;2.1904;49.2293;2.46505;12
15:02:01.976;49.2899;2.32773;49.3373;2.1904;49.2425;2.46505;12
15:02:02.003;49.2969;2.32773;49.3442;2.1904;49.2495;2.46505;12
15:02:02.022;49.3042;2.32773;49.3516;2.1904;49.2569;2.46505;12
15:02:02.036;49.3092;2.32773;49.3565;2.1904;49.2618;2.46505;12
15:02:02.050;49.3116;2.32773;49.359;2.1904;49.2643;2.46505;12
15:02:02.050;49.3139;2.32773;49.3612;2.1904;49.2665;2.46505;12
15:02:02.065;49.3152;2.32773;49.3625;2.1904;49.2679;2.46505;12
15:02:02.092;49.3166;2.32773;49.3639;2.1904;49.2692;2.46505;12
15:02:02.093;49.3172;2.32773;49.3645;2.1904;49.2699;2.46505;12
15:02:02.120;49.3175;2.32773;49.3648;2.1904;49.2701;2.46505;12
15:02:02.195;49.3172;2.32773;49.3645;2.1904;49.2699;2.46505;12
15:02:02.196;49.317;2.32773;49.3643;2.1904;49.2696;2.46505;12
15:02:02.587;49.3184;2.32773;49.3657;2.1904;49.271;2.46505;12
15:02:02.588;49.3199;2.32773;49.3672;2.1904;49.2726;2.46505;12
15:02:02.612;49.3253;2.32773;49.3726;2.1904;49.2779;2.46505;12
15:02:02.626;49.3327;2.32773;49.38;2.1904;49.2853;2.46505;12
15:02:02.645;49.3371;2.32773;49.3844;2.1904;49.2898;2.46505;12
15:02:02.658;49.3472;2.32773;49.3945;2.1904;49.2999;2.46505;12
15:02:02.660;49.3501;2.32773;49.3974;2.1904;49.3028;2.46505;12
15:02:02.660;49.3528;2.32773;49.4001;2.1904;49.3055;2.46505;12
15:02:02.693;49.3577;2.32773;49.405;2.1904;49.3104;2.46505;12
15:02:02.694;49.36;2.32773;49.4072;2.1904;49.3126;2.46505;12
15:02:02.695;49.362;2.32773;49.4092;2.1904;49.3147;2.46505;12
15:02:02.711;49.3669;2.32773;49.4142;2.1904;49.3196;2.46505;12
15:02:02.724;49.3711;2.32773;49.4184;2.1904;49.3238;2.46505;12
15:02:02.724;49.3738;2.32773;49.4211;2.1904;49.3265;2.46505;12
15:02:02.752;49.3756;2.32773;49.4229;2.1904;49.3283;2.46505;12
15:02:02.752;49.381;2.32773;49.4282;2.1904;49.3337;2.46505;12
15:02:02.778;49.3857;2.32773;49.4329;2.1904;49.3384;2.46505;12
15:02:02.779;49.3866;2.32773;49.4338;2.1904;49.3393;2.46505;12
15:02:02.793;49.3881;2.32773;49.4354;2.1904;49.3408;2.46505;12
15:02:02.807;49.3892;2.32773;49.4365;2.1904;49.342;2.46505;12
15:02:02.821;49.391;2.32773;49.4383;2.1904;49.3438;2.46505;12
15:02:02.821;49.3917;2.32773;49.4389;2.1904;49.3444;2.46505;12
15:02:02.835;49.3922;2.32773;49.4394;2.1904;49.3449;2.46505;12
15:02:02.839;49.3926;2.32773;49.4398;2.1904;49.3453;2.46505;12
15:02:02.839;49.393;2.32773;49.4403;2.1904;49.3458;2.46505;12
15:02:02.876;49.3939;2.32773;49.4412;2.1904;49.3466;2.46505;12
15:02:02.889;49.3951;2.32773;49.4423;2.1904;49.3478;2.46505;12
15:02:02.903;49.3955;2.32773;49.4427;2.1904;49.3482;2.46505;12
15:02:02.927;49.3957;2.32773;49.443;2.1904;49.3484;2.46505;12
15:02:03.115;49.3957;2.32807;49.443;2.19074;49.3484;2.4654;12
15:02:03.176;49.3955;2.32807;49.4427;2.19074;49.3482;2.4654;12
15:02:03.190;49.3953;2.32807;49.4425;2.19074;49.348;2.4654;12
15:02:03.207;49.3951;2.32807;49.4423;2.19074;49.3478;2.4654;12
15:02:03.256;49.3948;2.32807;49.4421;2.19074;49.3475;2.4654;12
15:02:03.287;49.3946;2.32807;49.4418;2.19074;49.3473;2.4654;12
15:02:03.302;49.3944;2.32807;49.4416;2.19074;49.3471;2.4654;12
15:02:03.316;49.3942;2.32807;49.4414;2.19074;49.3469;2.4654;12
15:02:03.320;49.3926;2.32807;49.4398;2.19074;49.3453;2.4654;12
15:02:03.344;49.3877;2.32876;49.4349;2.19143;49.3404;2.46608;12
15:02:03.357;49.383;2.32979;49.4302;2.19246;49.3357;2.46711;12
15:02:03.371;49.3738;2.33116;49.4211;2.19383;49.3265;2.46849;12
15:02:03.389;49.3559;2.33425;49.4032;2.19692;49.3086;2.47158;12
15:02:03.400;49.3418;2.33631;49.3891;2.19898;49.2945;2.47364;12
15:02:03.401;49.3329;2.33768;49.3802;2.20036;49.2856;2.47501;12
15:02:03.434;49.3089;2.33837;49.3563;2.20104;49.2616;2.4757;12
15:02:03.447;49.3007;2.33837;49.348;2.20104;49.2533;2.4757;12
15:02:03.465;49.2964;2.33837;49.3437;2.20104;49.249;2.4757;12
15:02:03.466;49.2866;2.33837;49.3339;2.20104;49.2392;2.4757;12
15:02:03.479;49.2832;2.33837;49.3305;2.20104;49.2358;2.4757;12
15:02:03.493;49.2814;2.33837;49.3288;2.20104;49.234;2.4757;12
15:02:03.508;49.2729;2.33906;49.3203;2.20173;49.2255;2.47638;12
15:02:03.508;49.2729;2.34043;49.3203;2.2031;49.2255;2.47775;12
15:02:03.534;49.2729;2.34077;49.3203;2.20345;49.2255;2.4781;12
15:02:03.548;49.2729;2.34112;49.3203;2.20379;49.2255;2.47844;12
15:02:03.562;49.2729;2.34146;49.3203;2.20413;49.2255;2.47878;12
15:02:03.702;49.2729;2.3418;49.3203;2.20448;49.2255;2.47913;12
15:02:04.094;49.2718;2.3418;49.3191;2.20448;49.2244;2.47913;12
15:02:04.095;49.2621;2.3418;49.3095;2.20448;49.2147;2.47913;12
15:02:04.123;49.2547;2.3418;49.3021;2.20448;49.2073;2.47913;12
15:02:04.135;49.2417;2.3418;49.2891;2.20448;49.1943;2.47913;12
15:02:04.153;49.2357;2.3418;49.2831;2.20448;49.1883;2.47913;12
15:02:04.167;49.2234;2.3418;49.2708;2.20448;49.1759;2.47913;12
15:02:04.181;49.2218;2.3418;49.2692;2.20448;49.1744;2.47913;12
15:02:04.194;49.2171;2.3418;49.2645;2.20448;49.1696;2.47913;12
15:02:04.197;49.2146;2.3418;49.262;2.20448;49.1672;2.47913;12
15:02:04.222;49.214;2.3418;49.2614;2.20448;49.1665;2.47913;12
15:02:04.235;49.2135;2.3418;49.2609;2.20448;49.166;2.47913;12
15:02:04.564;49.2133;2.3418;49.2607;2.20448;49.1658;2.47913;12
15:02:04.565;49.2115;2.3418;49.2589;2.20448;49.164;2.47913;12
15:02:04.593;49.2097;2.3418;49.2571;2.20448;49.1622;2.47913;12
15:02:04.607;49.2005;2.3418;49.2479;2.20448;49.153;2.47913;12
15:02:04.625;49.1967;2.3418;49.2441;2.20448;49.1492;2.47913;12
15:02:04.626;49.1832;2.34146;49.2307;2.20413;49.1357;2.47878;12
15:02:04.655;49.1814;2.34146;49.2289;2.20413;49.1339;2.47878;12
15:02:04.669;49.1767;2.34146;49.2242;2.20413;49.1292;2.47878;12
15:02:04.684;49.1729;2.34146;49.2203;2.20413;49.1254;2.47878;12
15:02:04.686;49.1709;2.34146;49.2183;2.20413;49.1234;2.47878;12
15:02:04.699;49.17;2.34146;49.2174;2.20413;49.1225;2.47878;12
15:02:04.713;49.1698;2.34146;49.2172;2.20413;49.1222;2.47878;12
15:02:05.054;49.1695;2.34146;49.217;2.20413;49.122;2.47878;12
15:02:05.055;49.1635;2.34146;49.2109;2.20413;49.116;2.47878;12
15:02:05.079;49.1536;2.34146;49.201;2.20413;49.1061;2.47878;12
15:02:05.105;49.1455;2.34146;49.193;2.20413;49.098;2.47878;12
15:02:05.113;49.1262;2.34146;49.1737;2.20413;49.0787;2.47878;12
15:02:05.124;49.108;2.34146;49.1555;2.20413;49.0604;2.47878;12
15:02:05.140;49.1075;2.34146;49.155;2.20413;49.06;2.47878;12
15:02:05.616;49.1073;2.34146;49.1548;2.20413;49.0597;2.47878;12
15:02:05.616;49.1066;2.34146;49.1541;2.20413;49.0591;2.47878;12
15:02:05.640;49.1035;2.34146;49.151;2.20413;49.0559;2.47878;12
15:02:05.654;49.0976;2.34146;49.1452;2.20413;49.0501;2.47878;12
15:02:05.655;49.0938;2.34146;49.1413;2.20413;49.0462;2.47878;12
15:02:05.686;49.0839;2.34146;49.1315;2.20413;49.0364;2.47878;12
15:02:05.690;49.0761;2.34146;49.1236;2.20413;49.0285;2.47878;12
15:02:05.718;49.0695;2.34146;49.1171;2.20413;49.0219;2.47878;12
15:02:05.731;49.0664;2.34146;49.1139;2.20413;49.0188;2.47878;12
15:02:05.745;49.0637;2.34146;49.1112;2.20413;49.0161;2.47878;12
15:02:05.759;49.0623;2.34146;49.1099;2.20413;49.0147;2.47878;12
15:02:05.772;49.061;2.34146;49.1085;2.20413;49.0134;2.47878;12
15:02:05.786;49.0605;2.34146;49.1081;2.20413;49.0129;2.47878;12
15:02:05.800;49.0596;2.34146;49.1072;2.20413;49.012;2.47878;12
15:02:05.815;49.0592;2.34146;49.1067;2.20413;49.0116;2.47878;12
15:02:05.836;49.059;2.34146;49.1065;2.20413;49.0114;2.47878;12
15:02:06.164;49.0587;2.34146;49.1063;2.20413;49.0111;2.47878;12
15:02:06.176;49.0563;2.34146;49.1038;2.20413;49.0087;2.47878;12
15:02:06.189;49.0518;2.34146;49.0993;2.20413;49.0042;2.47878;12
15:02:06.203;49.0488;2.34146;49.0964;2.20413;49.0012;2.47878;12
15:02:06.217;49.0421;2.34146;49.0897;2.20413;48.9945;2.47878;12
15:02:06.234;49.0347;2.34146;49.0822;2.20413;48.987;2.47878;12
15:02:06.234;49.0326;2.34146;49.0802;2.20413;48.985;2.47878;12
15:02:06.234;49.0299;2.34146;49.0775;2.20413;48.9823;2.47878;12
15:02:06.259;49.0288;2.34146;49.0764;2.20413;48.9812;2.47878;12
15:02:06.276;49.025;2.34146;49.0726;2.20413;48.9773;2.47878;12
15:02:06.289;49.0225;2.34146;49.0701;2.20413;48.9749;2.47878;12
15:02:06.310;49.0202;2.34146;49.0678;2.20413;48.9726;2.47878;12
15:02:06.313;49.0189;2.34146;49.0665;2.20413;48.9713;2.47878;12
15:02:06.313;49.0182;2.34146;49.0658;2.20413;48.9706;2.47878;12
15:02:06.339;49.0173;2.34146;49.0649;2.20413;48.9697;2.47878;12
15:02:06.355;49.0162;2.34146;49.0638;2.20413;48.9686;2.47878;12
15:02:06.356;49.0151;2.34146;49.0627;2.20413;48.9674;2.47878;12
15:02:06.368;49.0144;2.34146;49.062;2.20413;48.9668;2.47878;12
15:02:06.368;49.014;2.34146;49.0616;2.20413;48.9663;2.47878;12
15:02:06.394;49.0135;2.34146;49.0611;2.20413;48.9659;2.47878;12
15:02:06.408;49.0128;2.34146;49.0604;2.20413;48.9652;2.47878;12
15:02:06.409;49.0119;2.34146;49.0595;2.20413;48.9643;2.47878;12
15:02:06.424;49.0115;2.34146;49.0591;2.20413;48.9638;2.47878;12
15:02:06.451;49.0108;2.34146;49.0584;2.20413;48.9632;2.47878;12
15:02:06.451;49.0106;2.34146;49.0582;2.20413;48.9629;2.47878;12
15:02:06.482;49.0103;2.34146;49.0579;2.20413;48.9627;2.47878;12
15:02:06.495;49.0101;2.34146;49.0577;2.20413;48.9625;2.47878;12
15:02:06.595;49.0106;2.34146;49.0582;2.20413;48.9629;2.47878;12
15:02:06.595;49.011;2.34146;49.0586;2.20413;48.9634;2.47878;12
15:02:06.608;49.0117;2.34146;49.0593;2.20413;48.9641;2.47878;12
15:02:06.609;49.0119;2.34146;49.0595;2.20413;48.9643;2.47878;12
15:02:06.635;49.0124;2.34146;49.06;2.20413;48.9647;2.47878;12
15:02:06.648;49.0142;2.3418;49.0618;2.20448;48.9665;2.47913;12
15:02:06.650;49.0167;2.34249;49.0643;2.20516;48.969;2.47981;12
15:02:06.676;49.0173;2.34283;49.0649;2.20551;48.9697;2.48016;12
15:02:06.690;49.02;2.34318;49.0676;2.20585;48.9724;2.4805;12
15:02:06.703;49.0223;2.34352;49.0699;2.20619;48.9746;2.48084;12
15:02:06.719;49.0241;2.34352;49.0717;2.20619;48.9764;2.48084;12
15:02:06.733;49.025;2.34352;49.0726;2.20619;48.9773;2.48084;12
15:02:06.733;49.0277;2.34386;49.0753;2.20654;48.98;2.48119;12
15:02:06.759;49.0293;2.34386;49.0768;2.20654;48.9816;2.48119;12
15:02:06.773;49.0313;2.34386;49.0789;2.20654;48.9837;2.48119;12
15:02:06.788;49.032;2.34386;49.0795;2.20654;48.9843;2.48119;12
15:02:06.788;49.0329;2.34386;49.0804;2.20654;48.9852;2.48119;12
15:02:06.814;49.0338;2.34386;49.0813;2.20654;48.9861;2.48119;12
15:02:06.816;49.0342;2.34386;49.0818;2.20654;48.9866;2.48119;12
15:02:06.816;49.0347;2.34386;49.0822;2.20654;48.987;2.48119;12
15:02:06.843;49.0351;2.34386;49.0827;2.20654;48.9875;2.48119;12
15:02:06.856;49.0362;2.34386;49.0838;2.20654;48.9886;2.48119;12
15:02:06.871;49.0376;2.34386;49.0852;2.20654;48.99;2.48119;12
15:02:06.871;49.0383;2.34386;49.0858;2.20654;48.9906;2.48119;12
15:02:06.885;49.0389;2.34386;49.0865;2.20654;48.9913;2.48119;12
15:02:06.899;49.0396;2.34386;49.0872;2.20654;48.992;2.48119;12
15:02:06.912;49.0403;2.34386;49.0879;2.20654;48.9927;2.48119;12
15:02:06.926;49.0412;2.34386;49.0888;2.20654;48.9936;2.48119;12
15:02:06.928;49.0416;2.34386;49.0892;2.20654;48.994;2.48119;12
15:02:06.954;49.0419;2.34386;49.0894;2.20654;48.9942;2.48119;12
15:02:06.968;49.0423;2.34386;49.0899;2.20654;48.9947;2.48119;12
15:02:06.982;49.0425;2.34386;49.0901;2.20654;48.9949;2.48119;12
15:02:06.996;49.0428;2.34386;49.0903;2.20654;48.9951;2.48119;12
15:02:06.998;49.043;2.34386;49.0906;2.20654;48.9954;2.48119;12
15:02:07.024;49.0432;2.34386;49.0908;2.20654;48.9956;2.48119;12
15:02:07.028;49.0434;2.34386;49.091;2.20654;48.9958;2.48119;12
15:02:07.051;49.0437;2.34386;49.0912;2.20654;48.996;2.48119;12
15:02:07.066;49.0446;2.34386;49.0921;2.20654;48.9969;2.48119;12
15:02:07.080;49.0452;2.34386;49.0928;2.20654;48.9976;2.48119;12
15:02:07.080;49.0457;2.34386;49.0933;2.20654;48.9981;2.48119;12
15:02:07.094;49.0461;2.34386;49.0937;2.20654;48.9985;2.48119;12
15:02:07.107;49.0466;2.34386;49.0942;2.20654;48.999;2.48119;12
15:02:07.108;49.0473;2.34386;49.0948;2.20654;48.9996;2.48119;12
15:02:07.122;49.0477;2.34386;49.0953;2.20654;49.0001;2.48119;12
15:02:07.137;49.0479;2.34386;49.0955;2.20654;49.0003;2.48119;12
15:02:07.137;49.0482;2.34386;49.0957;2.20654;49.0005;2.48119;12
15:02:07.168;49.0488;2.34386;49.0964;2.20654;49.0012;2.48119;12
15:02:07.190;49.0495;2.34386;49.0971;2.20654;49.0019;2.48119;12
15:02:07.202;49.05;2.34386;49.0975;2.20654;49.0023;2.48119;12
15:02:07.215;49.0504;2.34386;49.098;2.20654;49.0028;2.48119;12
15:02:07.260;49.0506;2.34386;49.0982;2.20654;49.003;2.48119;12
15:02:07.393;49.0504;2.34386;49.098;2.20654;49.0028;2.48119;12
15:02:07.393;49.0502;2.34386;49.0978;2.20654;49.0026;2.48119;12
15:02:07.394;49.05;2.34386;49.0975;2.20654;49.0023;2.48119;12
15:02:07.419;49.0497;2.34386;49.0973;2.20654;49.0021;2.48119;12
15:02:07.433;49.0491;2.34386;49.0966;2.20654;49.0014;2.48119;12
15:02:07.448;49.0484;2.34386;49.096;2.20654;49.0008;2.48119;12
15:02:07.449;49.0482;2.34386;49.0957;2.20654;49.0005;2.48119;12
15:02:07.449;49.0477;2.34386;49.0953;2.20654;49.0001;2.48119;12
15:02:07.465;49.0475;2.34386;49.0951;2.20654;48.9999;2.48119;12
15:02:07.466;49.0473;2.34386;49.0948;2.20654;48.9996;2.48119;12
15:02:07.493;49.0468;2.34386;49.0944;2.20654;48.9992;2.48119;12
15:02:07.494;49.0466;2.34386;49.0942;2.20654;48.999;2.48119;12
15:02:07.525;49.0464;2.34386;49.0939;2.20654;48.9987;2.48119;12
15:02:07.525;49.0459;2.34386;49.0935;2.20654;48.9983;2.48119;12
15:02:07.542;49.0455;2.34386;49.093;2.20654;48.9978;2.48119;12
15:02:07.568;49.0448;2.34386;49.0924;2.20654;48.9972;2.48119;12
15:02:07.569;49.0441;2.34386;49.0917;2.20654;48.9965;2.48119;12
15:02:07.584;49.0437;2.34386;49.0912;2.20654;48.996;2.48119;12
15:02:07.584;49.0434;2.34386;49.091;2.20654;48.9958;2.48119;12
15:02:07.611;49.043;2.34352;49.0906;2.20619;48.9954;2.48084;12
15:02:07.612;49.0423;2.34352;49.0899;2.20619;48.9947;2.48084;12
15:02:07.626;49.0419;2.34352;49.0894;2.20619;48.9942;2.48084;12
15:02:07.653;49.0416;2.34352;49.0892;2.20619;48.994;2.48084;12
15:02:07.677;49.0414;2.34352;49.089;2.20619;48.9938;2.48084;12
15:02:07.681;49.0412;2.34352;49.0888;2.20619;48.9936;2.48084;12
15:02:07.704;49.0412;2.34318;49.0888;2.20585;48.9936;2.4805;12
15:02:07.719;49.041;2.34318;49.0885;2.20585;48.9933;2.4805;12
15:02:07.746;49.0407;2.34318;49.0883;2.20585;48.9931;2.4805;12
15:02:07.750;49.0405;2.34318;49.0881;2.20585;48.9929;2.4805;12
15:02:07.775;49.0405;2.34283;49.0881;2.20551;48.9929;2.48016;12
15:02:07.788;49.0403;2.34283;49.0879;2.20551;48.9927;2.48016;12
15:02:07.790;49.0401;2.34283;49.0876;2.20551;48.9924;2.48016;12
15:02:07.790;49.0398;2.34283;49.0874;2.20551;48.9922;2.48016;12
15:02:07.805;49.0396;2.34283;49.0872;2.20551;48.992;2.48016;12
15:02:07.836;49.0394;2.34283;49.087;2.20551;48.9918;2.48016;12
15:02:07.836;49.0392;2.34249;49.0867;2.20516;48.9915;2.47981;12
15:02:07.860;49.0389;2.34249;49.0865;2.20516;48.9913;2.47981;12
15:02:07.876;49.0387;2.34249;49.0863;2.20516;48.9911;2.47981;12
15:02:08.056;49.0389;2.34249;49.0865;2.20516;48.9913;2.47981;12
15:02:08.056;49.0392;2.34249;49.0867;2.20516;48.9915;2.47981;12
15:02:08.056;49.0394;2.34249;49.087;2.20516;48.9918;2.47981;12
15:02:08.083;49.0396;2.34249;49.0872;2.20516;48.992;2.47981;12
15:02:08.099;49.0398;2.34249;49.0874;2.20516;48.9922;2.47981;12
15:02:08.112;49.0401;2.34249;49.0876;2.20516;48.9924;2.47981;12
15:02:08.131;49.0403;2.34249;49.0879;2.20516;48.9927;2.47981;12
15:02:08.155;49.0405;2.34249;49.0881;2.20516;48.9929;2.47981;12
15:02:08.172;49.0407;2.34249;49.0883;2.20516;48.9931;2.47981;12
15:02:08.186;49.041;2.34249;49.0885;2.20516;48.9933;2.47981;12
15:02:08.200;49.041;2.34283;49.0885;2.20551;48.9933;2.48016;12
15:02:08.201;49.0412;2.34318;49.0888;2.20585;48.9936;2.4805;12
15:02:08.235;49.0412;2.34352;49.0888;2.20619;48.9936;2.48084;12
15:02:08.251;49.0414;2.34352;49.089;2.20619;48.9938;2.48084;12
15:02:08.266;49.0416;2.34386;49.0892;2.20654;48.994;2.48119;12
15:02:08.291;49.0416;2.34421;49.0892;2.20688;48.994;2.48153;12
15:02:08.308;49.0419;2.34421;49.0894;2.20688;48.9942;2.48153;12
15:02:08.432;49.0419;2.34455;49.0894;2.20722;48.9942;2.48187;12
15:02:08.450;49.0419;2.34489;49.0894;2.20757;48.9942;2.48222;12
15:02:08.467;49.0419;2.34558;49.0894;2.20825;48.9942;2.4829;12
15:02:08.485;49.0419;2.34592;49.0894;2.2086;48.9942;2.48325;12
15:02:08.485;49.0419;2.34627;49.0894;2.20894;48.9942;2.48359;12
15:02:08.511;49.0419;2.34661;49.0894;2.20928;48.9942;2.48393;12
15:02:08.525;49.0419;2.34695;49.0894;2.20963;48.9942;2.48428;12
15:02:08.525;49.0419;2.3473;49.0894;2.20997;48.9942;2.48462;12
15:02:08.551;49.0419;2.34764;49.0894;2.21031;48.9942;2.48496;12
