14:00:45.050;48.8547;2.34661;48.9502;2.07195;48.7591;2.62126;11
14:00:45.050;48.8547;2.34661;48.9502;2.07195;48.7591;2.62126;11
14:00:45.221;48.8547;2.34661;48.9025;2.20928;48.8069;2.48393;12
14:00:45.221;48.8547;2.34661;48.9025;2.20928;48.8069;2.48393;12
14:00:45.502;48.8547;2.34661;48.8786;2.27795;48.8308;2.41527;13
14:00:45.502;48.8547;2.34661;48.8786;2.27795;48.8308;2.41527;13
14:00:46.235;48.8547;2.34678;48.8786;2.27812;48.8308;2.41544;13
14:00:46.376;48.8548;2.34678;48.8787;2.27812;48.8309;2.41544;13
14:00:46.422;48.8549;2.34678;48.8788;2.27812;48.8311;2.41544;13
14:00:46.422;48.8554;2.34678;48.8793;2.27812;48.8315;2.41544;13
14:00:46.422;48.8559;2.34678;48.8797;2.27812;48.832;2.41544;13
14:00:46.454;48.8562;2.34678;48.8801;2.27812;48.8323;2.41544;13
14:00:46.454;48.8564;2.34678;48.8803;2.27812;48.8325;2.41544;13
14:00:46.485;48.8568;2.34678;48.8806;2.27812;48.8329;2.41544;13
14:00:46.547;48.8569;2.34678;48.8807;2.27812;48.833;2.41544;13
14:00:46.578;48.857;2.34678;48.8809;2.27812;48.8331;2.41544;13
14:00:46.610;48.8571;2.34678;48.881;2.27812;48.8332;2.41544;13
14:00:46.641;48.8573;2.34678;48.8812;2.27812;48.8334;2.41544;13
14:00:46.641;48.8574;2.34678;48.8813;2.27812;48.8335;2.41544;13
14:00:46.641;48.8578;2.34678;48.8816;2.27812;48.8339;2.41544;13
14:00:46.672;48.858;2.34678;48.8819;2.27812;48.8341;2.41544;13
14:00:46.672;48.8582;2.34678;48.8821;2.27812;48.8343;2.41544;13
14:00:46.672;48.8586;2.34678;48.8824;2.27812;48.8347;2.41544;13
14:00:46.703;48.8589;2.34678;48.8828;2.27812;48.835;2.41544;13
14:00:46.703;48.8591;2.34678;48.883;2.27812;48.8352;2.41544;13
14:00:46.750;48.8593;2.34678;48.8832;2.27812;48.8355;2.41544;13
14:00:46.750;48.8595;2.34678;48.8833;2.27812;48.8356;2.41544;13
14:00:46.750;48.8597;2.34678;48.8836;2.27812;48.8358;2.41544;13
14:00:46.781;48.8599;2.34678;48.8838;2.27812;48.836;2.41544;13
14:00:46.812;48.86;2.34678;48.8839;2.27812;48.8361;2.41544;13
14:00:46.812;48.8602;2.34678;48.8841;2.27812;48.8364;2.41544;13
14:00:46.812;48.8606;2.34678;48.8845;2.27812;48.8367;2.41544;13
14:00:46.844;48.8608;2.34678;48.8847;2.27812;48.8369;2.41544;13
14:00:46.844;48.8611;2.34678;48.885;2.27812;48.8373;2.41544;13
14:00:46.844;48.8614;2.34678;48.8853;2.27812;48.8375;2.41544;13
14:00:46.844;48.8615;2.34678;48.8854;2.27812;48.8376;2.41544;13
14:00:46.875;48.8616;2.34678;48.8855;2.27812;48.8377;2.41544;13
14:00:46.875;48.8621;2.34661;48.8859;2.27795;48.8382;2.41527;13
14:00:46.906;48.8626;2.34661;48.8865;2.27795;48.8387;2.41527;13
14:00:46.906;48.8633;2.34661;48.8872;2.27795;48.8394;2.41527;13
14:00:46.953;48.8639;2.34661;48.8877;2.27795;48.84;2.41527;13
14:00:46.953;48.8649;2.34661;48.8888;2.27795;48.841;2.41527;13
14:00:46.953;48.8656;2.34678;48.8894;2.27812;48.8417;2.41544;13
14:00:46.984;48.8663;2.3473;48.8902;2.27863;48.8425;2.41596;13
14:00:47.046;48.8669;2.3473;48.8908;2.27863;48.843;2.41596;13
14:00:47.046;48.8671;2.34747;48.891;2.2788;48.8433;2.41613;13
14:00:47.046;48.8674;2.34764;48.8912;2.27898;48.8435;2.4163;13
14:00:47.046;48.8676;2.34764;48.8915;2.27898;48.8437;2.4163;13
14:00:47.046;48.8677;2.34764;48.8916;2.27898;48.8438;2.4163;13
14:00:47.078;48.8679;2.34764;48.8918;2.27898;48.8441;2.4163;13
14:00:47.078;48.868;2.34764;48.8919;2.27898;48.8442;2.4163;13
14:00:47.109;48.8682;2.34764;48.892;2.27898;48.8443;2.4163;13
14:00:47.109;48.8683;2.34764;48.8921;2.27898;48.8444;2.4163;13
14:00:47.140;48.8684;2.34764;48.8923;2.27898;48.8445;2.4163;13
14:00:47.140;48.8685;2.34764;48.8924;2.27898;48.8446;2.4163;13
14:00:47.171;48.8687;2.34764;48.8926;2.27898;48.8448;2.4163;13
14:00:47.171;48.8688;2.34764;48.8927;2.27898;48.845;2.4163;13
14:00:47.171;48.8691;2.34764;48.8929;2.27898;48.8452;2.4163;13
14:00:47.202;48.8692;2.34764;48.8931;2.27898;48.8453;2.4163;13
14:00:47.202;48.8693;2.34764;48.8932;2.27898;48.8454;2.4163;13
14:00:47.234;48.8694;2.34764;48.8933;2.27898;48.8455;2.4163;13
14:00:47.265;48.8695;2.34764;48.8934;2.27898;48.8456;2.4163;13
14:00:47.265;48.8696;2.34764;48.8935;2.27898;48.8457;2.4163;13
14:00:47.327;48.8697;2.34764;48.8936;2.27898;48.8459;2.4163;13
14:00:47.327;48.8699;2.34764;48.8937;2.27898;48.846;2.4163;13
14:00:47.327;48.8702;2.34747;48.8941;2.2788;48.8463;2.41613;13
14:00:47.327;48.8706;2.34747;48.8945;2.2788;48.8468;2.41613;13
14:00:47.358;48.8717;2.3473;48.8955;2.27863;48.8478;2.41596;13
14:00:47.358;48.8718;2.34713;48.8956;2.27846;48.8479;2.41579;13
14:00:47.358;48.872;2.34713;48.8959;2.27846;48.8481;2.41579;13
14:00:47.358;48.8721;2.34713;48.896;2.27846;48.8482;2.41579;13
14:00:47.405;48.8722;2.34713;48.8961;2.27846;48.8483;2.41579;13
14:00:47.811;48.8723;2.34713;48.8962;2.27846;48.8484;2.41579;13
14:00:47.842;48.8725;2.34713;48.8963;2.27846;48.8486;2.41579;13
14:00:47.873;48.8726;2.34713;48.8964;2.27846;48.8487;2.41579;13
14:00:47.873;48.8729;2.34713;48.8968;2.27846;48.849;2.41579;13
14:00:47.873;48.8735;2.34713;48.8973;2.27846;48.8496;2.41579;13
14:00:47.873;48.874;2.34713;48.8979;2.27846;48.8502;2.41579;13
14:00:47.904;48.8742;2.34713;48.8981;2.27846;48.8504;2.41579;13
14:00:47.904;48.8749;2.34713;48.8988;2.27846;48.8511;2.41579;13
14:00:47.951;48.8755;2.34713;48.8994;2.27846;48.8516;2.41579;13
14:00:47.951;48.8757;2.34713;48.8996;2.27846;48.8518;2.41579;13
14:00:47.951;48.8758;2.34713;48.8997;2.27846;48.852;2.41579;13
14:00:47.982;48.8761;2.34713;48.8999;2.27846;48.8522;2.41579;13
14:00:47.982;48.8762;2.34713;48.9;2.27846;48.8523;2.41579;13
14:00:48.029;48.8763;2.34713;48.9002;2.27846;48.8524;2.41579;13
14:00:48.076;48.8764;2.34713;48.9003;2.27846;48.8525;2.41579;13
14:00:48.076;48.8765;2.34713;48.9004;2.27846;48.8526;2.41579;13
14:00:48.107;48.8767;2.34713;48.9006;2.27846;48.8529;2.41579;13
14:00:48.107;48.8769;2.34713;48.9007;2.27846;48.853;2.41579;13
14:00:48.107;48.8772;2.34713;48.9011;2.27846;48.8533;2.41579;13
14:00:48.138;48.8775;2.34713;48.9014;2.27846;48.8536;2.41579;13
14:00:48.138;48.8778;2.34713;48.9016;2.27846;48.8539;2.41579;13
14:00:48.138;48.878;2.34713;48.9019;2.27846;48.8541;2.41579;13
14:00:48.170;48.8783;2.34713;48.9022;2.27846;48.8544;2.41579;13
14:00:48.170;48.8788;2.34713;48.9026;2.27846;48.8549;2.41579;13
14:00:48.201;48.879;2.3473;48.9029;2.27863;48.8551;2.41596;13
14:00:48.201;48.8791;2.3473;48.903;2.27863;48.8552;2.41596;13
14:00:48.201;48.8792;2.3473;48.9031;2.27863;48.8553;2.41596;13
14:00:48.201;48.8796;2.3473;48.9034;2.27863;48.8557;2.41596;13
14:00:48.232;48.88;2.34747;48.9039;2.2788;48.8561;2.41613;13
14:00:48.232;48.8801;2.34747;48.904;2.2788;48.8562;2.41613;13
14:00:48.232;48.8803;2.34764;48.9042;2.27898;48.8565;2.4163;13
14:00:48.263;48.8806;2.34764;48.9044;2.27898;48.8567;2.4163;13
14:00:48.263;48.8809;2.34781;48.9048;2.27915;48.857;2.41647;13
14:00:48.263;48.8814;2.34781;48.9052;2.27915;48.8575;2.41647;13
14:00:48.294;48.8815;2.34798;48.9053;2.27932;48.8576;2.41664;13
14:00:48.294;48.882;2.34816;48.9059;2.27949;48.8582;2.41682;13
14:00:48.341;48.8825;2.34816;48.9064;2.27949;48.8586;2.41682;13
14:00:48.341;48.8829;2.34833;48.9068;2.27966;48.8591;2.41699;13
14:00:48.372;48.8833;2.3485;48.9072;2.27983;48.8594;2.41716;13
14:00:48.372;48.8835;2.3485;48.9074;2.27983;48.8596;2.41716;13
14:00:48.372;48.8836;2.3485;48.9075;2.27983;48.8597;2.41716;13
14:00:48.404;48.8837;2.3485;48.9076;2.27983;48.8599;2.41716;13
14:00:48.404;48.884;2.34867;48.9078;2.28001;48.8601;2.41733;13
14:00:48.435;48.8843;2.34867;48.9082;2.28001;48.8604;2.41733;13
14:00:48.435;48.8844;2.34867;48.9083;2.28001;48.8605;2.41733;13
14:00:48.435;48.8846;2.34867;48.9085;2.28001;48.8608;2.41733;13
14:00:48.482;48.885;2.34867;48.9089;2.28001;48.8611;2.41733;13
14:00:48.482;48.8853;2.34867;48.9092;2.28001;48.8614;2.41733;13
14:00:48.482;48.8857;2.34867;48.9095;2.28001;48.8618;2.41733;13
14:00:48.513;48.8858;2.34867;48.9096;2.28001;48.8619;2.41733;13
14:00:48.513;48.8859;2.34867;48.9098;2.28001;48.862;2.41733;13
14:00:48.872;48.886;2.34867;48.9099;2.28001;48.8621;2.41733;13
14:00:48.934;48.8862;2.34867;48.9101;2.28001;48.8623;2.41733;13
14:00:48.934;48.887;2.34867;48.9109;2.28001;48.8631;2.41733;13
14:00:48.934;48.8887;2.34867;48.9126;2.28001;48.8648;2.41733;13
14:00:48.934;48.8898;2.34867;48.9137;2.28001;48.866;2.41733;13
14:00:48.934;48.8911;2.34867;48.9149;2.28001;48.8672;2.41733;13
14:00:48.950;48.8931;2.34867;48.917;2.28001;48.8692;2.41733;13
14:00:48.981;48.8961;2.34867;48.92;2.28001;48.8723;2.41733;13
14:00:48.981;48.8986;2.34867;48.9225;2.28001;48.8748;2.41733;13
14:00:48.981;48.9;2.34867;48.9239;2.28001;48.8761;2.41733;13
14:00:48.981;48.9013;2.34867;48.9252;2.28001;48.8775;2.41733;13
14:00:49.012;48.9034;2.34867;48.9272;2.28001;48.8795;2.41733;13
14:00:49.012;48.9036;2.34867;48.9275;2.28001;48.8797;2.41733;13
14:00:49.012;48.9044;2.34867;48.9282;2.28001;48.8805;2.41733;13
14:00:49.043;48.9057;2.34867;48.9296;2.28001;48.8819;2.41733;13
14:00:49.074;48.9062;2.34867;48.93;2.28001;48.8823;2.41733;13
14:00:49.074;48.9064;2.34867;48.9303;2.28001;48.8825;2.41733;13
14:00:49.106;48.9065;2.34867;48.9304;2.28001;48.8827;2.41733;13
14:00:49.917;48.9547;2.34661;48.9786;2.27795;48.9309;2.41527;13
14:00:50.744;48.9546;2.34661;48.9785;2.27795;48.9308;2.41527;13
14:00:50.775;48.9543;2.34661;48.9781;2.27795;48.9305;2.41527;13
14:00:50.837;48.9533;2.34661;48.9771;2.27795;48.9294;2.41527;13
14:00:50.837;48.9524;2.34661;48.9762;2.27795;48.9285;2.41527;13
14:00:50.837;48.952;2.34661;48.9759;2.27795;48.9282;2.41527;13
14:00:50.837;48.951;2.34661;48.9749;2.27795;48.9272;2.41527;13
14:00:50.837;48.9508;2.34661;48.9746;2.27795;48.9269;2.41527;13
14:00:50.837;48.9499;2.34661;48.9737;2.27795;48.926;2.41527;13
14:00:50.837;48.9488;2.34661;48.9726;2.27795;48.9249;2.41527;13
14:00:50.900;48.9476;2.34661;48.9715;2.27795;48.9238;2.41527;13
14:00:50.900;48.9471;2.34661;48.9709;2.27795;48.9232;2.41527;13
14:00:50.900;48.9456;2.34661;48.9695;2.27795;48.9218;2.41527;13
14:00:50.900;48.9449;2.34661;48.9688;2.27795;48.9211;2.41527;13
14:00:50.900;48.9441;2.34661;48.968;2.27795;48.9203;2.41527;13
14:00:50.931;48.9436;2.34661;48.9674;2.27795;48.9197;2.41527;13
14:00:50.931;48.9435;2.34661;48.9673;2.27795;48.9196;2.41527;13
14:00:51.321;48.9434;2.34661;48.9672;2.27795;48.9195;2.41527;13
14:00:51.368;48.9432;2.34661;48.9671;2.27795;48.9194;2.41527;13
14:00:51.368;48.9429;2.34661;48.9668;2.27795;48.9191;2.41527;13
14:00:51.368;48.9421;2.34661;48.966;2.27795;48.9183;2.41527;13
14:00:51.399;48.9407;2.34661;48.9645;2.27795;48.9168;2.41527;13
14:00:51.399;48.9396;2.34661;48.9635;2.27795;48.9158;2.41527;13
14:00:51.430;48.9384;2.34661;48.9622;2.27795;48.9146;2.41527;13
14:00:51.430;48.9378;2.34661;48.9617;2.27795;48.914;2.41527;13
14:00:51.430;48.9372;2.34661;48.961;2.27795;48.9133;2.41527;13
14:00:51.461;48.9362;2.34661;48.9601;2.27795;48.9124;2.41527;13
14:00:51.461;48.9358;2.34661;48.9596;2.27795;48.9119;2.41527;13
14:00:51.461;48.9355;2.34661;48.9593;2.27795;48.9116;2.41527;13
14:00:51.492;48.9353;2.34661;48.9592;2.27795;48.9115;2.41527;13
14:00:51.492;48.9352;2.34661;48.9591;2.27795;48.9114;2.41527;13
14:00:51.524;48.9351;2.34661;48.959;2.27795;48.9113;2.41527;13
14:00:51.524;48.935;2.34661;48.9589;2.27795;48.9112;2.41527;13
14:00:51.555;48.9349;2.34661;48.9588;2.27795;48.911;2.41527;13
14:00:51.555;48.9348;2.34661;48.9586;2.27795;48.9109;2.41527;13
14:00:51.586;48.9346;2.34661;48.9584;2.27795;48.9107;2.41527;13
14:00:51.617;48.9344;2.34661;48.9583;2.27795;48.9106;2.41527;13
14:00:51.648;48.9343;2.34661;48.9582;2.27795;48.9105;2.41527;13
14:00:51.648;48.9343;2.34644;48.9582;2.27777;48.9105;2.4151;13
14:00:51.680;48.9343;2.34627;48.9582;2.2776;48.9105;2.41493;13
14:00:51.680;48.9342;2.34627;48.9581;2.2776;48.9104;2.41493;13
14:00:51.680;48.9342;2.3461;48.9581;2.27743;48.9104;2.41476;13
14:00:51.711;48.9341;2.3461;48.958;2.27743;48.9103;2.41476;13
14:00:51.711;48.9341;2.34592;48.958;2.27726;48.9103;2.41458;13
14:00:51.742;48.9339;2.34558;48.9577;2.27692;48.91;2.41424;13
14:00:51.773;48.9336;2.34507;48.9574;2.2764;48.9097;2.41373;13
14:00:51.773;48.9328;2.34386;48.9566;2.2752;48.9089;2.41252;13
14:00:51.836;48.932;2.34266;48.9558;2.274;48.9081;2.41132;13
14:00:51.836;48.9313;2.34146;48.9551;2.2728;48.9074;2.41012;13
14:00:51.836;48.9306;2.33974;48.9545;2.27108;48.9068;2.4084;13
14:00:51.836;48.9303;2.33837;48.9541;2.26971;48.9064;2.40703;13
14:00:51.867;48.9303;2.33734;48.9541;2.26868;48.9064;2.406;13
14:00:51.867;48.9302;2.33562;48.954;2.26696;48.9063;2.40428;13
14:00:51.898;48.9302;2.33391;48.954;2.26524;48.9063;2.40257;13
14:00:51.898;48.9306;2.33185;48.9545;2.26318;48.9068;2.40051;13
14:00:51.929;48.931;2.33065;48.9548;2.26198;48.9071;2.39931;13
14:00:51.929;48.9313;2.32962;48.9551;2.26095;48.9074;2.39828;13
14:00:51.929;48.9316;2.32876;48.9555;2.26009;48.9078;2.39742;13
14:00:51.929;48.9321;2.32773;48.9559;2.25906;48.9082;2.39639;13
14:00:51.960;48.9327;2.3267;48.9565;2.25803;48.9088;2.39536;13
14:00:51.960;48.9331;2.3255;48.9569;2.25683;48.9092;2.39416;13
14:00:51.960;48.9337;2.32464;48.9575;2.25597;48.9098;2.3933;13
14:00:51.960;48.9349;2.32292;48.9588;2.25426;48.911;2.39158;13
14:00:51.992;48.9355;2.32224;48.9593;2.25357;48.9116;2.39089;13
14:00:51.992;48.9358;2.32189;48.9596;2.25323;48.9119;2.39055;13
14:00:52.023;48.937;2.32035;48.9609;2.25168;48.9132;2.38901;13
14:00:52.023;48.9372;2.32;48.961;2.25134;48.9133;2.38866;13
14:00:52.023;48.9374;2.31966;48.9612;2.251;48.9135;2.38832;13
14:00:52.023;48.9376;2.31932;48.9614;2.25065;48.9138;2.38798;13
14:00:52.023;48.9377;2.31897;48.9616;2.25031;48.9139;2.38763;13
14:00:52.054;48.9378;2.3188;48.9617;2.25014;48.914;2.38746;13
14:00:52.085;48.9381;2.31829;48.9619;2.24962;48.9142;2.38695;13
14:00:52.101;48.9382;2.31794;48.962;2.24928;48.9143;2.3866;13
14:00:52.101;48.9382;2.31777;48.962;2.24911;48.9143;2.38643;13
14:00:52.132;48.9383;2.31777;48.9621;2.24911;48.9144;2.38643;13
14:00:52.132;48.9383;2.3176;48.9621;2.24894;48.9144;2.38626;13
14:00:52.132;48.9384;2.31743;48.9622;2.24876;48.9146;2.38609;13
14:00:52.163;48.9385;2.31726;48.9623;2.24859;48.9147;2.38592;13
14:00:52.163;48.9386;2.31709;48.9625;2.24842;48.9148;2.38574;13
14:00:52.194;48.9387;2.31691;48.9626;2.24825;48.9149;2.38557;13
14:00:52.194;48.939;2.31674;48.9628;2.24808;48.9151;2.3854;13
14:00:52.226;48.9395;2.3164;48.9634;2.24773;48.9157;2.38506;13
14:00:52.226;48.9399;2.31623;48.9637;2.24756;48.916;2.38489;13
14:00:52.226;48.94;2.31623;48.9638;2.24756;48.9161;2.38489;13
14:00:52.257;48.9403;2.31606;48.9642;2.24739;48.9165;2.38471;13
14:00:52.257;48.9405;2.31606;48.9644;2.24739;48.9167;2.38471;13
14:00:52.257;48.9407;2.31606;48.9645;2.24739;48.9168;2.38471;13
14:00:52.288;48.941;2.31588;48.9648;2.24722;48.9171;2.38454;13
14:00:52.288;48.9411;2.31588;48.965;2.24722;48.9173;2.38454;13
14:00:52.319;48.9412;2.31588;48.9651;2.24722;48.9174;2.38454;13
14:00:52.350;48.9412;2.3164;48.9651;2.24773;48.9174;2.38506;13
14:00:52.350;48.941;2.31691;48.9648;2.24825;48.9171;2.38557;13
14:00:52.382;48.9395;2.31863;48.9634;2.24997;48.9157;2.38729;13
14:00:52.382;48.9381;2.32035;48.9619;2.25168;48.9142;2.38901;13
14:00:52.413;48.937;2.32155;48.9609;2.25288;48.9132;2.39021;13
14:00:52.413;48.9359;2.32241;48.9598;2.25374;48.9121;2.39107;13
14:00:52.413;48.9343;2.32412;48.9582;2.25546;48.9105;2.39278;13
14:00:52.460;48.9316;2.3267;48.9555;2.25803;48.9078;2.39536;13
14:00:52.460;48.9307;2.32773;48.9546;2.25906;48.9069;2.39639;13
14:00:52.460;48.9298;2.32841;48.9537;2.25975;48.906;2.39707;13
14:00:52.460;48.9296;2.32876;48.9534;2.26009;48.9058;2.39742;13
14:00:52.491;48.9289;2.32962;48.9528;2.26095;48.9051;2.39828;13
14:00:52.491;48.9278;2.33047;48.9516;2.26181;48.9039;2.39913;13
14:00:52.491;48.9275;2.33082;48.9513;2.26215;48.9036;2.39948;13
14:00:52.491;48.927;2.33133;48.9509;2.26267;48.9031;2.39999;13
14:00:52.522;48.9268;2.3315;48.9506;2.26284;48.9029;2.40016;13
14:00:52.522;48.9264;2.33202;48.9503;2.26336;48.9026;2.40068;13
14:00:52.522;48.9262;2.33219;48.9501;2.26353;48.9024;2.40085;13
14:00:52.522;48.926;2.33253;48.9498;2.26387;48.9021;2.40119;13
14:00:52.553;48.9258;2.33288;48.9496;2.26421;48.9019;2.40154;13
14:00:52.553;48.9254;2.33339;48.9493;2.26473;48.9016;2.40205;13
14:00:52.584;48.925;2.33391;48.9488;2.26524;48.9011;2.40257;13
14:00:52.584;48.9245;2.33425;48.9484;2.26559;48.9007;2.40291;13
14:00:52.616;48.9241;2.33459;48.9479;2.26593;48.9002;2.40325;13
14:00:52.616;48.9237;2.33494;48.9476;2.26627;48.8999;2.4036;13
14:00:52.616;48.9235;2.33511;48.9474;2.26645;48.8997;2.40377;13
14:00:52.662;48.9233;2.33511;48.9471;2.26645;48.8994;2.40377;13
14:00:52.662;48.923;2.33528;48.9468;2.26662;48.8991;2.40394;13
14:00:52.662;48.9227;2.33528;48.9466;2.26662;48.8989;2.40394;13
14:00:52.694;48.922;2.33545;48.9459;2.26679;48.8982;2.40411;13
14:00:52.694;48.9215;2.33562;48.9453;2.26696;48.8976;2.40428;13
14:00:52.694;48.9209;2.33597;48.9448;2.2673;48.8971;2.40463;13
14:00:52.725;48.9207;2.33614;48.9445;2.26748;48.8968;2.4048;13
14:00:52.725;48.9205;2.33614;48.9443;2.26748;48.8966;2.4048;13
14:00:52.725;48.9203;2.33631;48.9442;2.26765;48.8965;2.40497;13
14:00:52.725;48.92;2.33648;48.9439;2.26782;48.8961;2.40514;13
14:00:52.756;48.9199;2.33648;48.9437;2.26782;48.896;2.40514;13
14:00:52.756;48.9196;2.33683;48.9434;2.26816;48.8957;2.40549;13
14:00:52.787;48.9192;2.337;48.9431;2.26833;48.8954;2.40566;13
14:00:52.787;48.9188;2.33734;48.9426;2.26868;48.8949;2.406;13
14:00:52.787;48.9187;2.33751;48.9425;2.26885;48.8948;2.40617;13
14:00:52.787;48.9184;2.33751;48.9423;2.26885;48.8946;2.40617;13
14:00:52.818;48.9182;2.33786;48.9421;2.26919;48.8943;2.40652;13
14:00:52.818;48.9181;2.33786;48.942;2.26919;48.8942;2.40652;13
14:00:52.818;48.918;2.33786;48.9418;2.26919;48.8941;2.40652;13
14:00:52.850;48.9179;2.33803;48.9417;2.26936;48.894;2.40669;13
14:00:52.850;48.9175;2.3382;48.9414;2.26954;48.8937;2.40686;13
14:00:52.881;48.9173;2.33837;48.9412;2.26971;48.8935;2.40703;13
14:00:52.881;48.9171;2.33854;48.9409;2.26988;48.8932;2.4072;13
14:00:52.912;48.9169;2.33871;48.9407;2.27005;48.893;2.40737;13
14:00:53.380;48.9167;2.33871;48.9406;2.27005;48.8929;2.40737;13
14:00:53.411;48.9166;2.33871;48.9405;2.27005;48.8928;2.40737;13
14:00:53.442;48.9165;2.33871;48.9404;2.27005;48.8927;2.40737;13
14:00:53.442;48.9163;2.33871;48.9402;2.27005;48.8924;2.40737;13
14:00:53.442;48.9158;2.33871;48.9397;2.27005;48.892;2.40737;13
14:00:53.474;48.9152;2.33871;48.939;2.27005;48.8913;2.40737;13
14:00:53.474;48.9146;2.33871;48.9384;2.27005;48.8907;2.40737;13
14:00:53.505;48.9144;2.33871;48.9382;2.27005;48.8905;2.40737;13
14:00:53.505;48.9139;2.33871;48.9378;2.27005;48.8901;2.40737;13
14:00:53.536;48.9136;2.33871;48.9374;2.27005;48.8897;2.40737;13
14:00:53.536;48.9131;2.33871;48.937;2.27005;48.8893;2.40737;13
14:00:53.567;48.9126;2.33889;48.9364;2.27022;48.8887;2.40755;13
14:00:53.567;48.9123;2.33889;48.9362;2.27022;48.8885;2.40755;13
14:00:53.567;48.9119;2.33906;48.9357;2.27039;48.888;2.40772;13
14:00:53.567;48.9115;2.33906;48.9354;2.27039;48.8877;2.40772;13
14:00:53.598;48.9109;2.33923;48.9347;2.27057;48.887;2.40789;13
14:00:53.598;48.9104;2.33923;48.9343;2.27057;48.8866;2.40789;13
14:00:53.630;48.9101;2.3394;48.9339;2.27074;48.8862;2.40806;13
14:00:53.645;48.91;2.3394;48.9338;2.27074;48.8861;2.40806;13
14:00:53.645;48.9098;2.3394;48.9336;2.27074;48.8859;2.40806;13
14:00:53.676;48.9096;2.33957;48.9335;2.27091;48.8858;2.40823;13
14:00:53.676;48.9095;2.33957;48.9334;2.27091;48.8857;2.40823;13
14:00:53.676;48.9094;2.33957;48.9333;2.27091;48.8856;2.40823;13
14:00:53.676;48.9093;2.33957;48.9332;2.27091;48.8854;2.40823;13
14:00:53.708;48.9092;2.33957;48.933;2.27091;48.8853;2.40823;13
14:00:53.708;48.9091;2.33957;48.9329;2.27091;48.8852;2.40823;13
14:00:53.739;48.9091;2.33974;48.9329;2.27108;48.8852;2.4084;13
14:00:53.739;48.909;2.33974;48.9328;2.27108;48.8851;2.4084;13
14:00:53.801;48.9089;2.33974;48.9327;2.27108;48.885;2.4084;13
14:00:53.832;48.9087;2.33974;48.9326;2.27108;48.8849;2.4084;13
14:00:53.988;48.9089;2.33992;48.9327;2.27125;48.885;2.40858;13
14:00:54.020;48.909;2.33992;48.9328;2.27125;48.8851;2.40858;13
14:00:54.035;48.9092;2.33992;48.933;2.27125;48.8853;2.40858;13
14:00:54.035;48.9096;2.33992;48.9335;2.27125;48.8858;2.40858;13
14:00:54.066;48.9101;2.33992;48.9339;2.27125;48.8862;2.40858;13
14:00:54.066;48.9111;2.33992;48.935;2.27125;48.8872;2.40858;13
14:00:54.098;48.9123;2.33992;48.9362;2.27125;48.8885;2.40858;13
14:00:54.098;48.9131;2.33992;48.937;2.27125;48.8893;2.40858;13
14:00:54.098;48.9148;2.33957;48.9387;2.27091;48.891;2.40823;13
14:00:54.129;48.9171;2.33923;48.9409;2.27057;48.8932;2.40789;13
14:00:54.129;48.9197;2.33854;48.9435;2.26988;48.8958;2.4072;13
14:00:54.160;48.9215;2.3382;48.9453;2.26954;48.8976;2.40686;13
14:00:54.160;48.9233;2.33786;48.9471;2.26919;48.8994;2.40652;13
14:00:54.160;48.924;2.33768;48.9478;2.26902;48.9001;2.40634;13
14:00:54.191;48.9255;2.33734;48.9494;2.26868;48.9017;2.406;13
14:00:54.191;48.9262;2.33734;48.9501;2.26868;48.9024;2.406;13
14:00:54.222;48.9271;2.337;48.951;2.26833;48.9033;2.40566;13
14:00:54.254;48.9279;2.33683;48.9518;2.26816;48.904;2.40549;13
14:00:54.254;48.9288;2.33665;48.9527;2.26799;48.905;2.40531;13
14:00:54.254;48.9294;2.33665;48.9532;2.26799;48.9055;2.40531;13
14:00:54.285;48.9298;2.33665;48.9537;2.26799;48.906;2.40531;13
14:00:54.285;48.9299;2.33665;48.9538;2.26799;48.9061;2.40531;13
14:00:54.316;48.9302;2.33665;48.954;2.26799;48.9063;2.40531;13
14:00:54.316;48.9305;2.33648;48.9543;2.26782;48.9067;2.40514;13
14:00:54.347;48.9307;2.33648;48.9546;2.26782;48.9069;2.40514;13
14:00:54.347;48.9313;2.33631;48.9551;2.26765;48.9074;2.40497;13
14:00:54.347;48.9316;2.33631;48.9555;2.26765;48.9078;2.40497;13
14:00:54.394;48.932;2.33614;48.9558;2.26748;48.9081;2.4048;13
14:00:54.394;48.9325;2.33614;48.9564;2.26748;48.9087;2.4048;13
14:00:54.394;48.9331;2.33614;48.9569;2.26748;48.9092;2.4048;13
14:00:54.425;48.9337;2.33614;48.9575;2.26748;48.9098;2.4048;13
14:00:54.425;48.934;2.33597;48.9578;2.2673;48.9101;2.40463;13
14:00:54.456;48.9342;2.33597;48.9581;2.2673;48.9104;2.40463;13
14:00:54.456;48.9343;2.33597;48.9582;2.2673;48.9105;2.40463;13
14:00:54.456;48.9344;2.33597;48.9583;2.2673;48.9106;2.40463;13
14:00:54.456;48.9347;2.3358;48.9585;2.26713;48.9108;2.40446;13
14:00:54.488;48.9349;2.3358;48.9588;2.26713;48.911;2.40446;13
14:00:54.488;48.9352;2.3358;48.9591;2.26713;48.9114;2.40446;13
14:00:54.488;48.9353;2.3358;48.9592;2.26713;48.9115;2.40446;13
14:00:54.519;48.9356;2.3358;48.9594;2.26713;48.9117;2.40446;13
14:00:54.519;48.9357;2.3358;48.9595;2.26713;48.9118;2.40446;13
14:00:54.550;48.9358;2.3358;48.9596;2.26713;48.9119;2.40446;13
14:00:54.550;48.936;2.3358;48.9599;2.26713;48.9122;2.40446;13
14:00:54.581;48.9364;2.3358;48.9602;2.26713;48.9125;2.40446;13
14:00:54.581;48.9367;2.3358;48.9605;2.26713;48.9128;2.40446;13
14:00:54.612;48.9369;2.3358;48.9608;2.26713;48.9131;2.40446;13
14:00:54.612;48.9372;2.3358;48.961;2.26713;48.9133;2.40446;13
14:00:54.612;48.9375;2.3358;48.9613;2.26713;48.9136;2.40446;13
14:00:54.612;48.9378;2.3358;48.9617;2.26713;48.914;2.40446;13
14:00:54.659;48.9382;2.3358;48.962;2.26713;48.9143;2.40446;13
14:00:55.018;48.9384;2.3358;48.9622;2.26713;48.9146;2.40446;13
14:00:55.049;48.9386;2.3358;48.9625;2.26713;48.9148;2.40446;13
14:00:55.049;48.9399;2.3358;48.9637;2.26713;48.916;2.40446;13
14:00:55.049;48.942;2.3358;48.9659;2.26713;48.9182;2.40446;13
14:00:55.080;48.9449;2.3358;48.9688;2.26713;48.9211;2.40446;13
14:00:55.080;48.9465;2.3358;48.9703;2.26713;48.9227;2.40446;13
14:00:55.112;48.949;2.3358;48.9728;2.26713;48.9252;2.40446;13
14:00:55.112;48.9519;2.3358;48.9758;2.26713;48.9281;2.40446;13
14:00:55.143;48.9545;2.3358;48.9784;2.26713;48.9307;2.40446;13
14:00:55.143;48.9567;2.3358;48.9805;2.26713;48.9328;2.40446;13
14:00:55.174;48.9581;2.3358;48.982;2.26713;48.9343;2.40446;13
14:00:55.190;48.9597;2.3358;48.9835;2.26713;48.9359;2.40446;13
14:00:55.252;48.9611;2.3358;48.9849;2.26713;48.9372;2.40446;13
14:00:55.252;48.9615;2.3358;48.9853;2.26713;48.9377;2.40446;13
14:00:55.252;48.9617;2.3358;48.9856;2.26713;48.9379;2.40446;13
14:00:55.252;48.962;2.3358;48.9858;2.26713;48.9381;2.40446;13
14:00:55.252;48.9624;2.3358;48.9862;2.26713;48.9386;2.40446;13
14:00:55.299;48.9629;2.3358;48.9867;2.26713;48.939;2.40446;13
14:00:55.299;48.9631;2.3358;48.9869;2.26713;48.9393;2.40446;13
14:00:55.299;48.9632;2.3358;48.987;2.26713;48.9394;2.40446;13
14:00:55.299;48.9634;2.3358;48.9873;2.26713;48.9396;2.40446;13
14:00:55.299;48.9636;2.3358;48.9875;2.26713;48.9398;2.40446;13
14:00:55.299;48.9638;2.3358;48.9876;2.26713;48.9399;2.40446;13
14:00:55.299;48.9639;2.3358;48.9877;2.26713;48.94;2.40446;13
14:00:55.330;48.964;2.3358;48.9878;2.26713;48.9402;2.40446;13
14:00:55.346;48.9641;2.3358;48.9879;2.26713;48.9403;2.40446;13
14:00:55.377;48.9642;2.33562;48.988;2.26696;48.9404;2.40428;13
14:00:55.704;48.9643;2.33562;48.9882;2.26696;48.9405;2.40428;13
14:00:55.736;48.9644;2.33562;48.9883;2.26696;48.9406;2.40428;13
14:00:55.736;48.966;2.33562;48.9898;2.26696;48.9422;2.40428;13
14:00:55.736;48.9684;2.33562;48.9922;2.26696;48.9445;2.40428;13
14:00:55.767;48.9718;2.33562;48.9956;2.26696;48.9479;2.40428;13
14:00:55.767;48.9739;2.33562;48.9977;2.26696;48.9501;2.40428;13
14:00:55.767;48.9749;2.33562;48.9987;2.26696;48.9511;2.40428;13
14:00:55.798;48.9771;2.33562;49.0009;2.26696;48.9532;2.40428;13
14:00:55.798;48.9814;2.33562;49.0053;2.26696;48.9576;2.40428;13
14:00:55.829;48.9843;2.33562;49.0081;2.26696;48.9604;2.40428;13
14:00:55.829;48.9855;2.33562;49.0093;2.26696;48.9617;2.40428;13
14:00:55.860;48.9865;2.33562;49.0103;2.26696;48.9627;2.40428;13
14:00:55.860;48.987;2.33562;49.0108;2.26696;48.9632;2.40428;13
14:00:55.892;48.9871;2.33562;49.0109;2.26696;48.9633;2.40428;13
14:00:56.266;48.9872;2.33562;49.011;2.26696;48.9634;2.40428;13
14:00:56.266;48.9873;2.33562;49.0111;2.26696;48.9635;2.40428;13
14:00:56.297;48.9878;2.33562;49.0116;2.26696;48.9639;2.40428;13
14:00:56.297;48.9889;2.33562;49.0127;2.26696;48.9651;2.40428;13
14:00:56.297;48.9898;2.33562;49.0136;2.26696;48.966;2.40428;13
14:00:56.360;48.9911;2.33562;49.015;2.26696;48.9673;2.40428;13
14:00:56.360;48.9919;2.33562;49.0158;2.26696;48.9681;2.40428;13
14:00:56.360;48.9945;2.33562;49.0183;2.26696;48.9707;2.40428;13
14:00:56.360;48.9973;2.33562;49.0211;2.26696;48.9735;2.40428;13
14:00:56.360;48.9996;2.33562;49.0234;2.26696;48.9758;2.40428;13
14:00:56.391;49.0005;2.33562;49.0243;2.26696;48.9767;2.40428;13
14:00:56.391;49.0016;2.33562;49.0254;2.26696;48.9778;2.40428;13
14:00:56.391;49.0024;2.33562;49.0262;2.26696;48.9786;2.40428;13
14:00:56.422;49.004;2.33562;49.0278;2.26696;48.9802;2.40428;13
14:00:56.422;49.0054;2.33562;49.0293;2.26696;48.9816;2.40428;13
14:00:56.453;49.0067;2.33562;49.0305;2.26696;48.9829;2.40428;13
14:00:56.453;49.007;2.33562;49.0308;2.26696;48.9832;2.40428;13
14:00:56.453;49.008;2.33562;49.0318;2.26696;48.9842;2.40428;13
14:00:56.484;49.0092;2.33562;49.033;2.26696;48.9853;2.40428;13
14:00:56.484;49.0099;2.33562;49.0338;2.26696;48.9861;2.40428;13
14:00:56.516;49.0104;2.33562;49.0342;2.26696;48.9866;2.40428;13
14:00:56.516;49.0117;2.33562;49.0356;2.26696;48.9879;2.40428;13
14:00:56.547;49.0128;2.33562;49.0366;2.26696;48.9889;2.40428;13
14:00:56.547;49.013;2.33562;49.0368;2.26696;48.9892;2.40428;13
14:00:56.547;49.0133;2.33562;49.0371;2.26696;48.9895;2.40428;13
14:00:56.547;49.0137;2.33562;49.0375;2.26696;48.9898;2.40428;13
14:00:56.578;49.014;2.33562;49.0378;2.26696;48.9902;2.40428;13
14:00:56.578;49.0142;2.33562;49.038;2.26696;48.9904;2.40428;13
14:00:56.625;49.0143;2.33562;49.0382;2.26696;48.9905;2.40428;13
14:00:56.952;49.0145;2.33562;49.0383;2.26696;48.9906;2.40428;13
14:00:56.984;49.0147;2.33562;49.0385;2.26696;48.9909;2.40428;13
14:00:56.984;49.0152;2.33562;49.0391;2.26696;48.9914;2.40428;13
14:00:56.984;49.0173;2.33562;49.0411;2.26696;48.9935;2.40428;13
14:00:57.030;49.0186;2.33562;49.0424;2.26696;48.9948;2.40428;13
14:00:57.030;49.0196;2.33562;49.0434;2.26696;48.9958;2.40428;13
14:00:57.030;49.0211;2.33562;49.0449;2.26696;48.9973;2.40428;13
14:00:57.062;49.0248;2.33562;49.0486;2.26696;49.001;2.40428;13
14:00:57.062;49.0298;2.33562;49.0536;2.26696;49.006;2.40428;13
14:00:57.093;49.0322;2.33562;49.056;2.26696;49.0084;2.40428;13
14:00:57.093;49.0328;2.33562;49.0566;2.26696;49.009;2.40428;13
14:00:57.093;49.0357;2.33562;49.0595;2.26696;49.0119;2.40428;13
14:00:57.124;49.0378;2.33562;49.0616;2.26696;49.014;2.40428;13
14:00:57.124;49.0394;2.33562;49.0632;2.26696;49.0156;2.40428;13
14:00:57.155;49.0411;2.33562;49.0649;2.26696;49.0173;2.40428;13
14:00:57.155;49.0415;2.33562;49.0653;2.26696;49.0177;2.40428;13
14:00:57.155;49.0418;2.33562;49.0656;2.26696;49.018;2.40428;13
14:00:57.186;49.0421;2.33562;49.0659;2.26696;49.0183;2.40428;13
14:00:57.186;49.0425;2.33562;49.0663;2.26696;49.0187;2.40428;13
14:00:57.218;49.0426;2.33562;49.0664;2.26696;49.0188;2.40428;13
14:00:57.608;49.0427;2.33562;49.0665;2.26696;49.0189;2.40428;13
14:00:57.608;49.0428;2.33562;49.0666;2.26696;49.019;2.40428;13
14:00:57.639;49.044;2.33562;49.0678;2.26696;49.0202;2.40428;13
14:00:57.639;49.0461;2.33562;49.0699;2.26696;49.0223;2.40428;13
14:00:57.670;49.0483;2.33562;49.0721;2.26696;49.0245;2.40428;13
14:00:57.670;49.0511;2.33562;49.0749;2.26696;49.0273;2.40428;13
14:00:57.670;49.0525;2.33562;49.0763;2.26696;49.0287;2.40428;13
14:00:57.701;49.0538;2.33562;49.0776;2.26696;49.03;2.40428;13
14:00:57.701;49.0563;2.33562;49.0801;2.26696;49.0325;2.40428;13
14:00:57.732;49.0581;2.33562;49.0819;2.26696;49.0343;2.40428;13
14:00:57.732;49.0589;2.33562;49.0827;2.26696;49.0351;2.40428;13
14:00:57.732;49.0597;2.33562;49.0835;2.26696;49.0359;2.40428;13
14:00:57.764;49.0604;2.33562;49.0841;2.26696;49.0366;2.40428;13
14:00:57.764;49.0617;2.33562;49.0855;2.26696;49.0379;2.40428;13
14:00:57.764;49.0634;2.33562;49.0872;2.26696;49.0396;2.40428;13
14:00:57.795;49.0643;2.33562;49.0881;2.26696;49.0405;2.40428;13
14:00:57.795;49.0654;2.33562;49.0892;2.26696;49.0416;2.40428;13
14:00:57.795;49.0663;2.33562;49.0901;2.26696;49.0425;2.40428;13
14:00:57.826;49.068;2.33562;49.0918;2.26696;49.0442;2.40428;13
14:00:57.826;49.0698;2.33562;49.0936;2.26696;49.046;2.40428;13
14:00:57.857;49.0708;2.33562;49.0946;2.26696;49.047;2.40428;13
14:00:57.857;49.0712;2.33562;49.0949;2.26696;49.0474;2.40428;13
14:00:57.857;49.0717;2.33562;49.0955;2.26696;49.0479;2.40428;13
14:00:57.904;49.0731;2.33545;49.0969;2.26679;49.0493;2.40411;13
14:00:57.904;49.074;2.33528;49.0978;2.26662;49.0502;2.40394;13
14:00:57.935;49.0742;2.33511;49.098;2.26645;49.0504;2.40377;13
14:00:57.935;49.0742;2.33494;49.098;2.26627;49.0504;2.4036;13
14:00:57.966;49.0743;2.33494;49.0981;2.26627;49.0505;2.4036;13
14:00:58.310;49.0748;2.33494;49.0985;2.26627;49.051;2.4036;13
14:00:58.372;49.0756;2.33494;49.0993;2.26627;49.0518;2.4036;13
14:00:58.372;49.0776;2.33494;49.1013;2.26627;49.0538;2.4036;13
14:00:58.372;49.0806;2.33494;49.1044;2.26627;49.0568;2.4036;13
14:00:58.372;49.0823;2.33494;49.1061;2.26627;49.0585;2.4036;13
14:00:58.372;49.0843;2.33494;49.1081;2.26627;49.0605;2.4036;13
14:00:58.372;49.0866;2.33494;49.1103;2.26627;49.0628;2.4036;13
14:00:58.403;49.0903;2.33494;49.1141;2.26627;49.0665;2.4036;13
14:00:58.403;49.0941;2.33494;49.1179;2.26627;49.0703;2.4036;13
14:00:58.434;49.096;2.33494;49.1198;2.26627;49.0722;2.4036;13
14:00:58.434;49.0979;2.33494;49.1217;2.26627;49.0742;2.4036;13
14:00:58.434;49.0992;2.33494;49.1229;2.26627;49.0754;2.4036;13
14:00:58.466;49.1006;2.33494;49.1244;2.26627;49.0769;2.4036;13
14:00:58.466;49.1016;2.33494;49.1254;2.26627;49.0779;2.4036;13
14:00:58.497;49.1024;2.33494;49.1262;2.26627;49.0787;2.4036;13
14:00:58.512;49.1027;2.33494;49.1265;2.26627;49.079;2.4036;13
14:00:58.544;49.103;2.33494;49.1267;2.26627;49.0792;2.4036;13
14:00:58.871;49.1031;2.33494;49.1269;2.26627;49.0793;2.4036;13
14:00:58.902;49.1035;2.33494;49.1273;2.26627;49.0798;2.4036;13
14:00:58.902;49.1054;2.33494;49.1292;2.26627;49.0817;2.4036;13
14:00:58.902;49.1082;2.33494;49.1319;2.26627;49.0844;2.4036;13
14:00:58.934;49.1098;2.33494;49.1336;2.26627;49.0861;2.4036;13
14:00:58.934;49.1116;2.33494;49.1354;2.26627;49.0879;2.4036;13
14:00:58.934;49.1142;2.33494;49.138;2.26627;49.0905;2.4036;13
14:00:58.965;49.1195;2.33494;49.1432;2.26627;49.0957;2.4036;13
14:00:58.965;49.1234;2.33494;49.1472;2.26627;49.0997;2.4036;13
14:00:58.965;49.1275;2.33494;49.1512;2.26627;49.1037;2.4036;13
14:00:58.996;49.1291;2.33494;49.1528;2.26627;49.1053;2.4036;13
14:00:58.996;49.132;2.33494;49.1557;2.26627;49.1082;2.4036;13
14:00:59.027;49.1344;2.33494;49.1582;2.26627;49.1107;2.4036;13
14:00:59.027;49.1358;2.33494;49.1595;2.26627;49.112;2.4036;13
14:00:59.074;49.1374;2.33477;49.1611;2.2661;49.1136;2.40343;13
14:00:59.074;49.1383;2.33477;49.162;2.2661;49.1145;2.40343;13
14:00:59.074;49.1387;2.33459;49.1624;2.26593;49.1149;2.40325;13
14:00:59.105;49.1388;2.33459;49.1626;2.26593;49.1151;2.40325;13
14:00:59.480;49.139;2.33459;49.1628;2.26593;49.1153;2.40325;13
14:00:59.480;49.1395;2.33459;49.1632;2.26593;49.1157;2.40325;13
14:00:59.495;49.1411;2.33459;49.1648;2.26593;49.1173;2.40325;13
14:00:59.511;49.142;2.33459;49.1657;2.26593;49.1182;2.40325;13
14:00:59.511;49.1433;2.33459;49.167;2.26593;49.1196;2.40325;13
14:00:59.542;49.1465;2.33459;49.1702;2.26593;49.1227;2.40325;13
14:00:59.542;49.1505;2.33459;49.1742;2.26593;49.1268;2.40325;13
14:00:59.573;49.1527;2.33459;49.1765;2.26593;49.129;2.40325;13
14:00:59.573;49.1552;2.33459;49.179;2.26593;49.1315;2.40325;13
14:00:59.573;49.1563;2.33459;49.1801;2.26593;49.1326;2.40325;13
14:00:59.604;49.16;2.33459;49.1838;2.26593;49.1363;2.40325;13
14:00:59.604;49.1649;2.33459;49.1886;2.26593;49.1411;2.40325;13
14:00:59.636;49.1671;2.33459;49.1908;2.26593;49.1434;2.40325;13
14:00:59.636;49.169;2.33425;49.1927;2.26559;49.1453;2.40291;13
14:00:59.636;49.1698;2.33425;49.1935;2.26559;49.1461;2.40291;13
14:00:59.636;49.1706;2.33408;49.1943;2.26542;49.1469;2.40274;13
14:00:59.667;49.1709;2.33391;49.1947;2.26524;49.1472;2.40257;13
14:00:59.667;49.1714;2.33391;49.1951;2.26524;49.1476;2.40257;13
14:01:00.135;49.1829;2.33391;49.2067;2.26524;49.1592;2.40257;13
14:01:00.166;49.1866;2.33391;49.2104;2.26524;49.1629;2.40257;13
14:01:00.166;49.1907;2.33391;49.2144;2.26524;49.167;2.40257;13
14:01:00.197;49.1934;2.33391;49.2171;2.26524;49.1696;2.40257;13
14:01:00.197;49.1948;2.33391;49.2186;2.26524;49.1711;2.40257;13
14:01:00.228;49.1957;2.33391;49.2194;2.26524;49.172;2.40257;13
14:01:00.228;49.1963;2.33391;49.22;2.26524;49.1726;2.40257;13
14:01:00.260;49.1964;2.33391;49.2201;2.26524;49.1727;2.40257;13
14:01:00.587;49.1965;2.33391;49.2202;2.26524;49.1728;2.40257;13
14:01:00.618;49.1968;2.33391;49.2206;2.26524;49.1731;2.40257;13
14:01:00.618;49.1987;2.33391;49.2225;2.26524;49.175;2.40257;13
14:01:00.618;49.2018;2.33391;49.2255;2.26524;49.1781;2.40257;13
14:01:00.650;49.2037;2.33391;49.2274;2.26524;49.18;2.40257;13
14:01:00.650;49.2058;2.33391;49.2295;2.26524;49.1821;2.40257;13
14:01:00.650;49.2086;2.33391;49.2323;2.26524;49.1849;2.40257;13
14:01:00.681;49.2155;2.33391;49.2392;2.26524;49.1917;2.40257;13
14:01:00.681;49.2214;2.33391;49.2451;2.26524;49.1977;2.40257;13
14:01:00.712;49.2277;2.33391;49.2514;2.26524;49.204;2.40257;13
14:01:00.712;49.2333;2.33391;49.257;2.26524;49.2096;2.40257;13
14:01:00.743;49.2364;2.33391;49.2601;2.26524;49.2127;2.40257;13
14:01:00.743;49.2394;2.33322;49.2631;2.26456;49.2158;2.40188;13
14:01:00.774;49.24;2.33305;49.2637;2.26439;49.2163;2.40171;13
14:01:00.774;49.2409;2.33271;49.2646;2.26404;49.2172;2.40137;13
14:01:00.774;49.2416;2.33253;49.2653;2.26387;49.2179;2.40119;13
14:01:00.774;49.2424;2.33236;49.2661;2.2637;49.2187;2.40102;13
14:01:00.806;49.2426;2.33219;49.2663;2.26353;49.2189;2.40085;13
14:01:01.196;49.2428;2.33219;49.2665;2.26353;49.2191;2.40085;13
14:01:01.211;49.2429;2.33219;49.2666;2.26353;49.2192;2.40085;13
14:01:01.289;49.2443;2.33219;49.268;2.26353;49.2206;2.40085;13
14:01:01.289;49.2466;2.33219;49.2703;2.26353;49.2229;2.40085;13
14:01:01.289;49.2498;2.33219;49.2735;2.26353;49.2261;2.40085;13
14:01:01.289;49.2563;2.33219;49.2799;2.26353;49.2326;2.40085;13
14:01:01.289;49.2601;2.33219;49.2838;2.26353;49.2364;2.40085;13
14:01:01.289;49.2658;2.33219;49.2895;2.26353;49.2421;2.40085;13
14:01:01.320;49.2686;2.33219;49.2923;2.26353;49.2449;2.40085;13
14:01:01.320;49.2718;2.33219;49.2955;2.26353;49.2481;2.40085;13
14:01:01.336;49.2747;2.33219;49.2984;2.26353;49.2511;2.40085;13
14:01:01.367;49.2761;2.33219;49.2998;2.26353;49.2524;2.40085;13
14:01:01.367;49.2771;2.33219;49.3008;2.26353;49.2534;2.40085;13
14:01:01.398;49.2775;2.33219;49.3012;2.26353;49.2539;2.40085;13
14:01:01.851;49.2777;2.33219;49.3013;2.26353;49.254;2.40085;13
14:01:01.882;49.2778;2.33219;49.3014;2.26353;49.2541;2.40085;13
14:01:01.882;49.2785;2.33219;49.3022;2.26353;49.2549;2.40085;13
14:01:01.882;49.2819;2.33219;49.3056;2.26353;49.2582;2.40085;13
14:01:01.913;49.2831;2.33219;49.3068;2.26353;49.2595;2.40085;13
14:01:01.913;49.2877;2.33219;49.3114;2.26353;49.264;2.40085;13
14:01:01.944;49.2931;2.33219;49.3168;2.26353;49.2694;2.40085;13
14:01:01.944;49.2959;2.33219;49.3196;2.26353;49.2722;2.40085;13
14:01:01.944;49.2987;2.33219;49.3224;2.26353;49.275;2.40085;13
14:01:01.991;49.3015;2.33219;49.3252;2.26353;49.2778;2.40085;13
14:01:01.991;49.3115;2.33219;49.3351;2.26353;49.2878;2.40085;13
14:01:02.022;49.318;2.3315;49.3416;2.26284;49.2943;2.40016;13
14:01:02.022;49.3213;2.33065;49.345;2.26198;49.2976;2.39931;13
14:01:02.022;49.3232;2.3303;49.3469;2.26164;49.2995;2.39896;13
14:01:02.054;49.3253;2.32979;49.349;2.26112;49.3017;2.39845;13
14:01:02.054;49.326;2.32944;49.3497;2.26078;49.3023;2.3981;13
14:01:02.085;49.3266;2.32927;49.3502;2.26061;49.3029;2.39793;13
14:01:02.522;49.327;2.32927;49.3507;2.26061;49.3034;2.39793;13
14:01:02.522;49.3283;2.32927;49.3519;2.26061;49.3046;2.39793;13
14:01:02.553;49.3328;2.32927;49.3565;2.26061;49.3092;2.39793;13
14:01:02.584;49.3372;2.32927;49.3609;2.26061;49.3135;2.39793;13
14:01:02.584;49.3429;2.32927;49.3666;2.26061;49.3192;2.39793;13
14:01:02.615;49.3485;2.32927;49.3721;2.26061;49.3248;2.39793;13
14:01:02.615;49.3515;2.32927;49.3752;2.26061;49.3279;2.39793;13
14:01:02.615;49.3527;2.32927;49.3764;2.26061;49.3291;2.39793;13
14:01:02.615;49.3549;2.32927;49.3785;2.26061;49.3312;2.39793;13
14:01:02.646;49.3585;2.32927;49.3821;2.26061;49.3348;2.39793;13
14:01:02.646;49.3599;2.32927;49.3835;2.26061;49.3363;2.39793;13
14:01:02.678;49.3614;2.32927;49.385;2.26061;49.3377;2.39793;13
14:01:02.678;49.362;2.32927;49.3857;2.26061;49.3384;2.39793;13
14:01:02.709;49.3624;2.32927;49.386;2.26061;49.3387;2.39793;13
14:01:02.740;49.3625;2.32927;49.3861;2.26061;49.3388;2.39793;13
14:01:03.083;49.3628;2.32927;49.3865;2.26061;49.3392;2.39793;13
14:01:03.161;49.3633;2.32927;49.3869;2.26061;49.3396;2.39793;13
14:01:03.161;49.3659;2.32927;49.3896;2.26061;49.3423;2.39793;13
14:01:03.161;49.3692;2.32927;49.3928;2.26061;49.3455;2.39793;13
14:01:03.161;49.371;2.32927;49.3946;2.26061;49.3473;2.39793;13
14:01:03.161;49.3751;2.32927;49.3987;2.26061;49.3515;2.39793;13
14:01:03.192;49.3795;2.32927;49.4031;2.26061;49.3558;2.39793;13
14:01:03.192;49.3839;2.32927;49.4076;2.26061;49.3603;2.39793;13
14:01:03.192;49.3864;2.32927;49.41;2.26061;49.3628;2.39793;13
14:01:03.224;49.39;2.32927;49.4136;2.26061;49.3663;2.39793;13
14:01:03.224;49.3933;2.32927;49.4169;2.26061;49.3697;2.39793;13
14:01:03.255;49.3953;2.32927;49.4189;2.26061;49.3717;2.39793;13
14:01:03.255;49.397;2.32927;49.4206;2.26061;49.3734;2.39793;13
14:01:03.286;49.3979;2.32927;49.4215;2.26061;49.3743;2.39793;13
14:01:03.286;49.3982;2.32927;49.4219;2.26061;49.3746;2.39793;13
14:01:03.317;49.3983;2.32927;49.422;2.26061;49.3747;2.39793;13
14:01:03.692;49.3986;2.32927;49.4222;2.26061;49.3749;2.39793;13
14:01:03.692;49.3993;2.32927;49.423;2.26061;49.3757;2.39793;13
14:01:03.723;49.4018;2.32927;49.4254;2.26061;49.3782;2.39793;13
14:01:03.723;49.4047;2.32927;49.4283;2.26061;49.3811;2.39793;13
14:01:03.754;49.4065;2.32927;49.4301;2.26061;49.3829;2.39793;13
14:01:03.754;49.4087;2.32927;49.4324;2.26061;49.3851;2.39793;13
14:01:03.754;49.4112;2.32927;49.4348;2.26061;49.3876;2.39793;13
14:01:03.785;49.417;2.32962;49.4406;2.26095;49.3934;2.39828;13
14:01:03.785;49.4234;2.33013;49.447;2.26147;49.3997;2.39879;13
14:01:03.816;49.4268;2.33013;49.4504;2.26147;49.4032;2.39879;13
14:01:03.816;49.4304;2.33013;49.454;2.26147;49.4068;2.39879;13
14:01:03.816;49.4333;2.33013;49.4569;2.26147;49.4097;2.39879;13
14:01:03.848;49.4343;2.33013;49.4579;2.26147;49.4107;2.39879;13
14:01:03.848;49.4347;2.33013;49.4584;2.26147;49.4111;2.39879;13
14:01:03.879;49.4354;2.33013;49.459;2.26147;49.4118;2.39879;13
14:01:03.879;49.4356;2.33013;49.4593;2.26147;49.412;2.39879;13
14:01:03.941;49.4355;2.33013;49.4591;2.26147;49.4119;2.39879;13
14:01:03.941;49.4353;2.33013;49.4589;2.26147;49.4117;2.39879;13
14:01:03.972;49.4347;2.33013;49.4584;2.26147;49.4111;2.39879;13
14:01:04.300;49.4352;2.33013;49.4588;2.26147;49.4116;2.39879;13
14:01:04.362;49.4361;2.33013;49.4597;2.26147;49.4125;2.39879;13
14:01:04.378;49.4377;2.33013;49.4613;2.26147;49.414;2.39879;13
14:01:04.378;49.4399;2.33013;49.4635;2.26147;49.4163;2.39879;13
14:01:04.378;49.4411;2.33013;49.4647;2.26147;49.4175;2.39879;13
14:01:04.378;49.444;2.33013;49.4676;2.26147;49.4204;2.39879;13
14:01:04.409;49.4467;2.33013;49.4703;2.26147;49.4231;2.39879;13
14:01:04.472;49.4492;2.33013;49.4728;2.26147;49.4255;2.39879;13
14:01:04.472;49.4504;2.33013;49.474;2.26147;49.4268;2.39879;13
14:01:04.472;49.4507;2.33013;49.4743;2.26147;49.4271;2.39879;13
14:01:04.472;49.4523;2.33013;49.4759;2.26147;49.4287;2.39879;13
14:01:04.472;49.4529;2.33013;49.4765;2.26147;49.4293;2.39879;13
14:01:04.472;49.4538;2.33013;49.4774;2.26147;49.4302;2.39879;13
14:01:04.472;49.4542;2.33013;49.4778;2.26147;49.4306;2.39879;13
14:01:04.472;49.4544;2.33013;49.478;2.26147;49.4308;2.39879;13
14:01:04.503;49.4546;2.33013;49.4782;2.26147;49.431;2.39879;13
14:01:04.503;49.4548;2.33013;49.4784;2.26147;49.4312;2.39879;13
14:01:04.503;49.455;2.33013;49.4785;2.26147;49.4314;2.39879;13
14:01:05.174;49.4553;2.33013;49.4789;2.26147;49.4317;2.39879;13
14:01:05.236;49.4558;2.33013;49.4794;2.26147;49.4323;2.39879;13
14:01:05.236;49.4575;2.33013;49.4811;2.26147;49.4339;2.39879;13
14:01:05.236;49.4595;2.33013;49.4831;2.26147;49.4359;2.39879;13
14:01:05.236;49.4605;2.33013;49.4841;2.26147;49.4369;2.39879;13
14:01:05.298;49.4627;2.33013;49.4863;2.26147;49.439;2.39879;13
14:01:05.298;49.4647;2.33013;49.4883;2.26147;49.4411;2.39879;13
14:01:05.298;49.4658;2.33013;49.4894;2.26147;49.4422;2.39879;13
14:01:05.298;49.4679;2.33013;49.4915;2.26147;49.4443;2.39879;13
14:01:05.298;49.4697;2.32996;49.4933;2.2613;49.4461;2.39862;13
14:01:05.298;49.4709;2.32962;49.4945;2.26095;49.4473;2.39828;13
14:01:05.330;49.4719;2.32927;49.4955;2.26061;49.4483;2.39793;13
14:01:05.392;49.4729;2.32876;49.4965;2.26009;49.4493;2.39742;13
14:01:05.392;49.4735;2.32859;49.4971;2.25992;49.4499;2.39725;13
14:01:05.392;49.4739;2.32824;49.4975;2.25958;49.4503;2.3969;13
14:01:05.392;49.4741;2.32824;49.4977;2.25958;49.4506;2.3969;13
14:01:05.392;49.4743;2.32824;49.4978;2.25958;49.4507;2.3969;13
14:01:05.876;49.4744;2.32824;49.498;2.25958;49.4508;2.3969;13
14:01:05.907;49.4746;2.32824;49.4982;2.25958;49.451;2.3969;13
14:01:05.954;49.475;2.32824;49.4986;2.25958;49.4514;2.3969;13
14:01:05.954;49.4759;2.32824;49.4995;2.25958;49.4523;2.3969;13
14:01:05.954;49.4767;2.32824;49.5003;2.25958;49.4531;2.3969;13
14:01:05.954;49.4787;2.32824;49.5023;2.25958;49.4551;2.3969;13
14:01:05.954;49.4812;2.32824;49.5047;2.25958;49.4576;2.3969;13
14:01:05.985;49.4846;2.32824;49.5082;2.25958;49.461;2.3969;13
14:01:05.985;49.4855;2.32824;49.5091;2.25958;49.4619;2.3969;13
14:01:06.016;49.4894;2.32824;49.513;2.25958;49.4658;2.3969;13
14:01:06.016;49.4927;2.32824;49.5162;2.25958;49.4691;2.3969;13
14:01:06.047;49.4938;2.32824;49.5173;2.25958;49.4702;2.3969;13
14:01:06.047;49.4968;2.32824;49.5204;2.25958;49.4732;2.3969;13
14:01:06.078;49.4997;2.32824;49.5233;2.25958;49.4761;2.3969;13
14:01:06.078;49.5018;2.32824;49.5254;2.25958;49.4782;2.3969;13
14:01:06.078;49.5028;2.32824;49.5264;2.25958;49.4792;2.3969;13
14:01:06.110;49.5035;2.32824;49.527;2.25958;49.4799;2.3969;13
14:01:06.110;49.5038;2.32824;49.5274;2.25958;49.4802;2.3969;13
14:01:06.141;49.5044;2.32824;49.5279;2.25958;49.4808;2.3969;13
14:01:06.141;49.5046;2.32807;49.5282;2.25941;49.481;2.39673;13
14:01:06.219;49.5045;2.32807;49.528;2.25941;49.4809;2.39673;13
14:01:06.234;49.5044;2.32807;49.5279;2.25941;49.4808;2.39673;13
14:01:06.234;49.504;2.32807;49.5276;2.25941;49.4804;2.39673;13
14:01:06.281;49.5036;2.32807;49.5271;2.25941;49.48;2.39673;13
14:01:06.281;49.5034;2.3279;49.5269;2.25924;49.4798;2.39656;13
14:01:06.281;49.5031;2.3279;49.5267;2.25924;49.4796;2.39656;13
14:01:06.281;49.5025;2.32756;49.526;2.25889;49.4789;2.39622;13
