13:54:58.600;48.8547;2.34661;48.9502;2.07195;48.7591;2.62126;11
13:54:58.600;48.8547;2.34661;48.9502;2.07195;48.7591;2.62126;11
13:54:58.772;48.8547;2.34661;48.9025;2.20928;48.8069;2.48393;12
13:54:58.772;48.8547;2.34661;48.9025;2.20928;48.8069;2.48393;12
13:54:59.006;48.8547;2.34661;48.8786;2.27795;48.8308;2.41527;13
13:54:59.006;48.8547;2.34661;48.8786;2.27795;48.8308;2.41527;13
13:55:00.004;48.8547;2.34661;48.8667;2.31228;48.8428;2.38094;14
13:55:00.004;48.8547;2.34661;48.8667;2.31228;48.8428;2.38094;14
13:55:01.548;48.8547;2.34661;48.8786;2.27795;48.8308;2.41527;13
13:55:01.548;48.8547;2.34661;48.8786;2.27795;48.8308;2.41527;13
13:55:03.030;48.8549;2.34661;48.8788;2.27795;48.8311;2.41527;13
13:55:03.062;48.8549;2.34678;48.8788;2.27812;48.8311;2.41544;13
13:55:03.062;48.8553;2.34713;48.8792;2.27846;48.8314;2.41579;13
13:55:03.062;48.8555;2.3473;48.8794;2.27863;48.8316;2.41596;13
13:55:03.093;48.8557;2.34764;48.8796;2.27898;48.8318;2.4163;13
13:55:03.093;48.8564;2.34833;48.8803;2.27966;48.8325;2.41699;13
13:55:03.093;48.8569;2.34867;48.8807;2.28001;48.833;2.41733;13
13:55:03.108;48.8579;2.34953;48.8818;2.28086;48.834;2.41819;13
13:55:03.140;48.859;2.35056;48.8829;2.28189;48.8351;2.41922;13
13:55:03.155;48.8601;2.35142;48.884;2.28275;48.8363;2.42008;13
13:55:03.155;48.8608;2.35193;48.8847;2.28327;48.8369;2.42059;13
13:55:03.186;48.861;2.3521;48.8849;2.28344;48.8372;2.42076;13
13:55:03.186;48.8617;2.35228;48.8856;2.28361;48.8378;2.42094;13
13:55:03.186;48.8623;2.35262;48.8862;2.28395;48.8384;2.42128;13
13:55:03.218;48.8627;2.35262;48.8866;2.28395;48.8388;2.42128;13
13:55:03.218;48.8632;2.35262;48.8871;2.28395;48.8393;2.42128;13
13:55:03.249;48.8638;2.35262;48.8876;2.28395;48.8399;2.42128;13
13:55:03.249;48.8644;2.35262;48.8883;2.28395;48.8405;2.42128;13
13:55:03.280;48.8649;2.35262;48.8888;2.28395;48.841;2.42128;13
13:55:03.280;48.8653;2.35262;48.8892;2.28395;48.8414;2.42128;13
13:55:03.280;48.8659;2.35245;48.8898;2.28378;48.842;2.42111;13
13:55:03.311;48.8675;2.35176;48.8913;2.2831;48.8436;2.42042;13
13:55:03.311;48.8687;2.35125;48.8926;2.28258;48.8448;2.41991;13
13:55:03.311;48.8693;2.35107;48.8932;2.28241;48.8454;2.41973;13
13:55:03.311;48.8703;2.35073;48.8942;2.28207;48.8464;2.41939;13
13:55:03.342;48.8712;2.35039;48.8951;2.28172;48.8473;2.41905;13
13:55:03.342;48.8731;2.35004;48.897;2.28138;48.8492;2.4187;13
13:55:03.374;48.8765;2.34987;48.9004;2.28121;48.8526;2.41853;13
13:55:03.405;48.8801;2.34987;48.904;2.28121;48.8562;2.41853;13
13:55:03.405;48.8812;2.34987;48.9051;2.28121;48.8574;2.41853;13
13:55:03.452;48.8833;2.35004;48.9072;2.28138;48.8594;2.4187;13
13:55:03.452;48.8843;2.35022;48.9082;2.28155;48.8604;2.41888;13
13:55:03.452;48.8848;2.35039;48.9086;2.28172;48.8609;2.41905;13
13:55:03.452;48.8851;2.35039;48.909;2.28172;48.8612;2.41905;13
13:55:03.483;48.8854;2.35056;48.9093;2.28189;48.8615;2.41922;13
13:55:03.483;48.8857;2.35056;48.9095;2.28189;48.8618;2.41922;13
13:55:03.545;48.8857;2.35073;48.9095;2.28207;48.8618;2.41939;13
13:55:03.576;48.8855;2.35073;48.9094;2.28207;48.8617;2.41939;13
13:55:03.576;48.8854;2.35073;48.9093;2.28207;48.8615;2.41939;13
13:55:03.608;48.8852;2.35073;48.9091;2.28207;48.8613;2.41939;13
13:55:03.608;48.885;2.35073;48.9089;2.28207;48.8611;2.41939;13
13:55:03.608;48.8849;2.35073;48.9087;2.28207;48.861;2.41939;13
13:55:03.639;48.8848;2.35073;48.9086;2.28207;48.8609;2.41939;13
13:55:03.639;48.8846;2.3509;48.9085;2.28224;48.8608;2.41956;13
13:55:03.686;48.8845;2.3509;48.9084;2.28224;48.8606;2.41956;13
13:55:03.717;48.8843;2.3509;48.9082;2.28224;48.8604;2.41956;13
13:55:03.717;48.8841;2.3509;48.9079;2.28224;48.8602;2.41956;13
13:55:03.717;48.8829;2.3509;48.9068;2.28224;48.8591;2.41956;13
13:55:03.717;48.8812;2.3509;48.9051;2.28224;48.8574;2.41956;13
13:55:03.748;48.8796;2.3509;48.9034;2.28224;48.8557;2.41956;13
13:55:03.748;48.8765;2.3509;48.9004;2.28224;48.8526;2.41956;13
13:55:03.779;48.874;2.35056;48.8979;2.28189;48.8502;2.41922;13
13:55:03.779;48.8727;2.35022;48.8965;2.28155;48.8488;2.41888;13
13:55:03.779;48.8713;2.3497;48.8952;2.28104;48.8474;2.41836;13
13:55:03.810;48.8684;2.34901;48.8923;2.28035;48.8445;2.41767;13
13:55:03.810;48.8669;2.34867;48.8908;2.28001;48.843;2.41733;13
13:55:03.810;48.8653;2.34798;48.8892;2.27932;48.8414;2.41664;13
13:55:03.810;48.8644;2.34764;48.8883;2.27898;48.8405;2.4163;13
13:55:03.842;48.8615;2.34661;48.8854;2.27795;48.8376;2.41527;13
13:55:03.842;48.8584;2.34558;48.8823;2.27692;48.8345;2.41424;13
13:55:03.873;48.8569;2.34489;48.8807;2.27623;48.833;2.41355;13
13:55:03.873;48.8556;2.34438;48.8795;2.27571;48.8317;2.41304;13
13:55:03.904;48.8538;2.34369;48.8777;2.27503;48.8299;2.41235;13
13:55:03.904;48.8523;2.34335;48.8762;2.27468;48.8284;2.41201;13
13:55:03.935;48.8507;2.34283;48.8745;2.27417;48.8268;2.41149;13
13:55:03.935;48.8495;2.34249;48.8734;2.27383;48.8256;2.41115;13
13:55:03.966;48.8488;2.34215;48.8727;2.27348;48.825;2.41081;13
13:55:03.966;48.8483;2.34215;48.8722;2.27348;48.8244;2.41081;13
13:55:03.966;48.8478;2.34198;48.8717;2.27331;48.8239;2.41064;13
13:55:03.998;48.8475;2.3418;48.8714;2.27314;48.8236;2.41046;13
13:55:04.356;48.8475;2.34146;48.8714;2.2728;48.8236;2.41012;13
13:55:04.388;48.8475;2.3406;48.8714;2.27194;48.8236;2.40926;13
13:55:04.388;48.8475;2.33751;48.8714;2.26885;48.8236;2.40617;13
13:55:04.419;48.8475;2.33305;48.8714;2.26439;48.8236;2.40171;13
13:55:04.419;48.8475;2.3279;48.8714;2.25924;48.8236;2.39656;13
13:55:04.419;48.8475;2.32224;48.8714;2.25357;48.8236;2.39089;13
13:55:04.450;48.8475;2.32086;48.8714;2.2522;48.8236;2.38952;13
13:55:04.450;48.8475;2.31623;48.8714;2.24756;48.8236;2.38489;13
13:55:04.450;48.8475;2.31245;48.8714;2.24379;48.8236;2.38111;13
13:55:04.481;48.8475;2.30919;48.8714;2.24052;48.8236;2.37785;13
13:55:04.512;48.8471;2.30438;48.871;2.23572;48.8232;2.37304;13
13:55:04.512;48.847;2.30301;48.8709;2.23434;48.8231;2.37167;13
13:55:04.559;48.8465;2.29803;48.8704;2.22937;48.8226;2.36669;13
13:55:04.559;48.8462;2.29597;48.8701;2.22731;48.8223;2.36463;13
13:55:04.559;48.8461;2.29408;48.87;2.22542;48.8222;2.36274;13
13:55:04.559;48.8461;2.29237;48.87;2.2237;48.8222;2.36103;13
13:55:04.590;48.8461;2.28739;48.87;2.21872;48.8222;2.35605;13
13:55:04.590;48.8462;2.28275;48.8701;2.21409;48.8223;2.35141;13
13:55:04.622;48.8478;2.27743;48.8717;2.20877;48.8239;2.34609;13
13:55:04.622;48.8483;2.27623;48.8722;2.20757;48.8244;2.34489;13
13:55:04.653;48.8486;2.27537;48.8725;2.20671;48.8247;2.34403;13
13:55:04.653;48.8492;2.27383;48.8731;2.20516;48.8253;2.34249;13
13:55:04.653;48.8495;2.27245;48.8734;2.20379;48.8256;2.34111;13
13:55:05.012;48.8498;2.27228;48.8736;2.20362;48.8259;2.34094;13
13:55:05.043;48.8507;2.27125;48.8745;2.20259;48.8268;2.33991;13
13:55:05.043;48.8532;2.26868;48.8771;2.20001;48.8294;2.33734;13
13:55:05.074;48.8588;2.26387;48.8827;2.19521;48.8349;2.33253;13
13:55:05.136;48.873;2.24962;48.8969;2.18096;48.8491;2.31828;13
13:55:05.199;48.8739;2.24739;48.8978;2.17873;48.85;2.31605;13
13:55:07.071;48.8741;2.24739;48.898;2.17873;48.8503;2.31605;13
13:55:07.102;48.8744;2.24739;48.8982;2.17873;48.8505;2.31605;13
13:55:07.102;48.8756;2.24739;48.8995;2.17873;48.8517;2.31605;13
13:55:07.102;48.877;2.24773;48.9008;2.17907;48.8531;2.31639;13
13:55:07.133;48.8792;2.24842;48.9031;2.17976;48.8553;2.31708;13
13:55:07.133;48.8822;2.24962;48.906;2.18096;48.8583;2.31828;13
13:55:07.164;48.8837;2.25014;48.9076;2.18147;48.8599;2.3188;13
13:55:07.164;48.8855;2.25082;48.9094;2.18216;48.8617;2.31948;13
13:55:07.164;48.8871;2.25168;48.911;2.18302;48.8633;2.32034;13
13:55:07.164;48.888;2.25203;48.9119;2.18336;48.8642;2.32068;13
13:55:07.211;48.8894;2.25271;48.9132;2.18405;48.8655;2.32137;13
13:55:07.211;48.8928;2.25477;48.9166;2.18611;48.8689;2.32343;13
13:55:07.242;48.8942;2.25529;48.9181;2.18662;48.8704;2.32395;13
13:55:07.242;48.8952;2.25546;48.9191;2.18679;48.8714;2.32412;13
13:55:07.274;48.8964;2.25563;48.9202;2.18697;48.8725;2.32429;13
13:55:07.274;48.8968;2.25563;48.9207;2.18697;48.873;2.32429;13
13:55:07.274;48.8974;2.25563;48.9213;2.18697;48.8735;2.32429;13
13:55:07.305;48.8976;2.25563;48.9215;2.18697;48.8737;2.32429;13
13:55:07.695;48.8977;2.25529;48.9216;2.18662;48.8739;2.32395;13
13:55:07.773;48.898;2.25494;48.9218;2.18628;48.8741;2.3236;13
13:55:07.773;48.8991;2.25357;48.923;2.18491;48.8752;2.32223;13
13:55:07.804;48.9024;2.24482;48.9262;2.17615;48.8785;2.31348;13
13:55:07.804;48.9024;2.24173;48.9262;2.17306;48.8785;2.31039;13
13:55:07.835;48.9013;2.23932;48.9252;2.17066;48.8775;2.30798;13
13:55:07.835;48.8995;2.23743;48.9234;2.16877;48.8757;2.30609;13
13:55:07.835;48.8956;2.23452;48.9194;2.16585;48.8717;2.30318;13
13:55:07.835;48.893;2.23314;48.9169;2.16448;48.8691;2.3018;13
13:55:07.882;48.8889;2.23143;48.9128;2.16276;48.8651;2.30009;13
13:55:07.882;48.8822;2.22902;48.906;2.16036;48.8583;2.29768;13
13:55:07.882;48.8745;2.22628;48.8983;2.15761;48.8506;2.29494;13
13:55:07.913;48.8679;2.2237;48.8918;2.15504;48.8441;2.29236;13
13:55:07.913;48.8638;2.2225;48.8876;2.15384;48.8399;2.29116;13
13:55:07.913;48.8632;2.22216;48.8871;2.15349;48.8393;2.29082;13
13:55:07.976;48.8632;2.2213;48.8871;2.15263;48.8393;2.28996;13
13:55:08.007;48.8635;2.22095;48.8874;2.15229;48.8396;2.28961;13
13:55:08.007;48.8667;2.22198;48.8906;2.15332;48.8428;2.29064;13
13:55:08.007;48.8678;2.22284;48.8917;2.15418;48.8439;2.2915;13
13:55:08.007;48.8695;2.22422;48.8934;2.15555;48.8456;2.29288;13
13:55:08.771;48.8692;2.22422;48.8931;2.15555;48.8453;2.29288;13
13:55:08.818;48.8688;2.22422;48.8927;2.15555;48.845;2.29288;13
13:55:08.818;48.8667;2.22422;48.8906;2.15555;48.8428;2.29288;13
13:55:08.818;48.864;2.22422;48.8879;2.15555;48.8401;2.29288;13
13:55:08.849;48.86;2.22422;48.8839;2.15555;48.8361;2.29288;13
13:55:08.849;48.8572;2.22387;48.8811;2.15521;48.8333;2.29253;13
13:55:08.880;48.854;2.22336;48.8779;2.15469;48.8302;2.29202;13
13:55:08.880;48.8523;2.22336;48.8762;2.15469;48.8284;2.29202;13
13:55:08.912;48.8505;2.22319;48.8744;2.15452;48.8266;2.29185;13
13:55:08.943;48.8502;2.22319;48.8741;2.15452;48.8263;2.29185;13
13:55:08.943;48.8501;2.22319;48.874;2.15452;48.8262;2.29185;13
13:55:09.192;48.85;2.22319;48.8739;2.15452;48.8261;2.29185;13
13:55:09.270;48.8498;2.22319;48.8736;2.15452;48.8259;2.29185;13
13:55:09.270;48.8493;2.22319;48.8732;2.15452;48.8254;2.29185;13
13:55:09.270;48.8482;2.22319;48.8721;2.15452;48.8243;2.29185;13
13:55:09.270;48.8442;2.22284;48.8681;2.15418;48.8203;2.2915;13
13:55:09.270;48.8377;2.22181;48.8615;2.15315;48.8138;2.29047;13
13:55:09.302;48.8269;2.21992;48.8508;2.15126;48.803;2.28858;13
13:55:09.333;48.8251;2.21975;48.849;2.15109;48.8012;2.28841;13
13:55:09.598;48.8249;2.21975;48.8488;2.15109;48.801;2.28841;13
13:55:09.629;48.8246;2.21975;48.8484;2.15109;48.8007;2.28841;13
13:55:09.629;48.8235;2.21975;48.8474;2.15109;48.7996;2.28841;13
13:55:09.676;48.8216;2.21941;48.8455;2.15075;48.7977;2.28807;13
13:55:09.676;48.8191;2.21872;48.843;2.15006;48.7952;2.28738;13
13:55:09.676;48.8179;2.21838;48.8418;2.14972;48.794;2.28704;13
13:55:09.707;48.8156;2.21769;48.8395;2.14903;48.7917;2.28635;13
13:55:09.707;48.813;2.21718;48.8369;2.14851;48.7891;2.28584;13
13:55:09.707;48.8077;2.21529;48.8316;2.14663;48.7838;2.28395;13
13:55:09.707;48.8052;2.21443;48.8291;2.14577;48.7813;2.28309;13
13:55:09.707;48.8028;2.2134;48.8268;2.14474;48.7789;2.28206;13
13:55:09.707;48.8014;2.21272;48.8253;2.14405;48.7775;2.28137;13
13:55:09.738;48.8003;2.21237;48.8242;2.14371;48.7763;2.28103;13
13:55:09.738;48.7998;2.21237;48.8237;2.14371;48.7759;2.28103;13
13:55:10.019;48.7997;2.21237;48.8236;2.14371;48.7758;2.28103;13
13:55:10.050;48.7993;2.21237;48.8232;2.14371;48.7754;2.28103;13
13:55:10.050;48.7972;2.21186;48.8211;2.14319;48.7733;2.28052;13
13:55:10.050;48.79;2.20842;48.8139;2.13976;48.766;2.27708;13
13:55:10.082;48.7871;2.20739;48.811;2.13873;48.7632;2.27605;13
13:55:10.082;48.7809;2.20516;48.8048;2.1365;48.757;2.27382;13
13:55:10.082;48.7797;2.20482;48.8036;2.13615;48.7557;2.27348;13
13:55:10.113;48.7772;2.20413;48.8011;2.13547;48.7533;2.27279;13
13:55:10.113;48.7758;2.20379;48.7997;2.13512;48.7519;2.27245;13
13:55:10.113;48.775;2.20362;48.799;2.13495;48.7511;2.27228;13
13:55:10.144;48.7745;2.20345;48.7984;2.13478;48.7505;2.2721;13
13:55:10.144;48.7743;2.20345;48.7983;2.13478;48.7504;2.2721;13
13:55:10.472;48.7741;2.20345;48.798;2.13478;48.7502;2.2721;13
13:55:10.503;48.7725;2.20327;48.7965;2.13461;48.7486;2.27193;13
13:55:10.503;48.7688;2.2019;48.7927;2.13324;48.7449;2.27056;13
13:55:10.503;48.7673;2.20173;48.7913;2.13306;48.7434;2.27039;13
13:55:10.534;48.764;2.2007;48.788;2.13203;48.7401;2.26936;13
13:55:10.534;48.7605;2.19984;48.7845;2.13118;48.7366;2.2685;13
13:55:10.534;48.7601;2.19984;48.784;2.13118;48.7361;2.2685;13
13:55:10.565;48.7576;2.19933;48.7815;2.13066;48.7337;2.26798;13
13:55:10.581;48.7569;2.19933;48.7808;2.13066;48.733;2.26798;13
13:55:10.581;48.7565;2.19933;48.7804;2.13066;48.7325;2.26798;13
13:55:10.596;48.7561;2.19933;48.7801;2.13066;48.7322;2.26798;13
13:55:10.628;48.7558;2.19933;48.7797;2.13066;48.7318;2.26798;13
13:55:10.908;48.7555;2.19933;48.7794;2.13066;48.7315;2.26798;13
13:55:10.940;48.7553;2.19933;48.7793;2.13066;48.7314;2.26798;13
13:55:10.940;48.7535;2.19933;48.7775;2.13066;48.7296;2.26798;13
13:55:10.940;48.7524;2.19933;48.7763;2.13066;48.7285;2.26798;13
13:55:10.940;48.751;2.19898;48.775;2.13032;48.7271;2.26764;13
13:55:10.986;48.7487;2.1983;48.7726;2.12963;48.7247;2.26695;13
13:55:10.986;48.7457;2.19727;48.7696;2.1286;48.7218;2.26592;13
13:55:11.064;48.7439;2.19658;48.7678;2.12791;48.72;2.26524;13
13:55:11.064;48.7429;2.19641;48.7668;2.12774;48.7189;2.26507;13
13:55:11.064;48.7425;2.19641;48.7665;2.12774;48.7186;2.26507;13
13:55:11.064;48.7424;2.19641;48.7664;2.12774;48.7185;2.26507;13
13:55:11.096;48.7423;2.19641;48.7663;2.12774;48.7184;2.26507;13
13:55:11.345;48.7422;2.19641;48.7661;2.12774;48.7183;2.26507;13
13:55:11.423;48.7222;2.19194;48.7461;2.12328;48.6982;2.2606;13
13:55:11.470;48.719;2.19109;48.7429;2.12242;48.695;2.25975;13
13:55:11.470;48.716;2.19006;48.74;2.12139;48.6921;2.25872;13
13:55:11.470;48.7157;2.19006;48.7397;2.12139;48.6917;2.25872;13
13:55:11.470;48.7148;2.18971;48.7388;2.12105;48.6908;2.25837;13
13:55:11.470;48.7128;2.18937;48.7367;2.1207;48.6888;2.25803;13
13:55:11.501;48.7121;2.1892;48.736;2.12053;48.6881;2.25786;13
13:55:11.501;48.7115;2.1892;48.7355;2.12053;48.6876;2.25786;13
13:55:11.501;48.7114;2.1892;48.7354;2.12053;48.6875;2.25786;13
13:55:11.501;48.7108;2.1892;48.7348;2.12053;48.6869;2.25786;13
13:55:11.548;48.7107;2.1892;48.7347;2.12053;48.6868;2.25786;13
13:55:11.548;48.7106;2.1892;48.7346;2.12053;48.6866;2.25786;13
13:55:11.548;48.7105;2.1892;48.7345;2.12053;48.6865;2.25786;13
13:55:11.922;48.7102;2.1892;48.7341;2.12053;48.6862;2.25786;13
13:55:11.954;48.7095;2.1892;48.7334;2.12053;48.6855;2.25786;13
13:55:11.954;48.7066;2.18817;48.7306;2.1195;48.6827;2.25683;13
13:55:11.954;48.7026;2.18662;48.7265;2.11796;48.6786;2.25528;13
13:55:11.985;48.6949;2.1837;48.7188;2.11504;48.6709;2.25236;13
13:55:12.016;48.6877;2.18096;48.7117;2.11229;48.6638;2.24962;13
13:55:12.047;48.6821;2.1789;48.706;2.11023;48.6581;2.24756;13
13:55:12.047;48.6802;2.17804;48.7042;2.10938;48.6563;2.2467;13
13:55:12.078;48.6791;2.1777;48.7031;2.10903;48.6551;2.24636;13
13:55:12.078;48.6783;2.17752;48.7023;2.10886;48.6544;2.24618;13
13:55:12.078;48.6782;2.17735;48.7022;2.10869;48.6542;2.24601;13
13:55:12.390;48.6781;2.17735;48.7021;2.10869;48.6541;2.24601;13
13:55:12.437;48.6779;2.17735;48.7018;2.10869;48.6539;2.24601;13
13:55:12.437;48.6755;2.17735;48.6995;2.10869;48.6515;2.24601;13
13:55:12.484;48.6671;2.17581;48.6911;2.10714;48.6431;2.24447;13
13:55:12.484;48.6474;2.17203;48.6713;2.10337;48.6234;2.24069;13
13:55:12.484;48.6461;2.17186;48.6701;2.1032;48.6221;2.24052;13
13:55:12.515;48.644;2.17152;48.6679;2.10285;48.62;2.24018;13
13:55:12.515;48.6424;2.17117;48.6664;2.10251;48.6184;2.23983;13
13:55:12.546;48.6401;2.17066;48.6641;2.10199;48.6161;2.23932;13
13:55:12.546;48.64;2.17066;48.664;2.10199;48.616;2.23932;13
13:55:12.858;48.6399;2.17066;48.6639;2.10199;48.6159;2.23932;13
13:55:12.890;48.6395;2.17066;48.6635;2.10199;48.6156;2.23932;13
13:55:12.890;48.6365;2.1698;48.6605;2.10114;48.6125;2.23846;13
13:55:12.890;48.6292;2.16843;48.6532;2.09976;48.6052;2.23709;13
13:55:12.921;48.6185;2.16637;48.6426;2.0977;48.5946;2.23503;13
13:55:12.921;48.6143;2.16585;48.6384;2.09719;48.5904;2.23451;13
13:55:12.952;48.6115;2.16534;48.6355;2.09667;48.5875;2.234;13
13:55:12.952;48.609;2.16465;48.633;2.09599;48.585;2.23331;13
13:55:12.952;48.6078;2.16431;48.6318;2.09564;48.5838;2.23297;13
13:55:12.983;48.6068;2.16396;48.6307;2.0953;48.5827;2.23262;13
13:55:12.983;48.6063;2.16379;48.6303;2.09513;48.5823;2.23245;13
13:55:12.983;48.6061;2.16379;48.6301;2.09513;48.5821;2.23245;13
13:55:12.983;48.6059;2.16379;48.63;2.09513;48.5819;2.23245;13
13:55:13.311;48.6052;2.16379;48.6292;2.09513;48.5812;2.23245;13
13:55:13.342;48.6043;2.16379;48.6283;2.09513;48.5802;2.23245;13
13:55:13.342;48.6024;2.16311;48.6264;2.09444;48.5784;2.23176;13
13:55:13.373;48.5945;2.16105;48.6185;2.09238;48.5705;2.2297;13
13:55:13.373;48.5887;2.15933;48.6127;2.09066;48.5647;2.22799;13
13:55:13.404;48.5851;2.15864;48.6091;2.08998;48.5611;2.2273;13
13:55:13.404;48.5832;2.15813;48.6073;2.08946;48.5592;2.22679;13
13:55:13.404;48.5818;2.15778;48.6058;2.08912;48.5578;2.22644;13
13:55:13.436;48.5792;2.1571;48.6032;2.08843;48.5551;2.22576;13
13:55:13.436;48.5783;2.15675;48.6023;2.08809;48.5542;2.22541;13
13:55:13.436;48.5775;2.15607;48.6015;2.0874;48.5534;2.22473;13
13:55:13.436;48.5765;2.15555;48.6006;2.08689;48.5525;2.22421;13
13:55:13.467;48.576;2.15504;48.6;2.08637;48.552;2.2237;13
13:55:13.467;48.5755;2.15469;48.5995;2.08603;48.5515;2.22335;13
13:55:13.467;48.5754;2.15452;48.5994;2.08586;48.5514;2.22318;13
13:55:13.498;48.5753;2.15435;48.5993;2.08569;48.5513;2.22301;13
13:55:13.514;48.5752;2.15435;48.5992;2.08569;48.5512;2.22301;13
13:55:13.514;48.5751;2.15435;48.5991;2.08569;48.551;2.22301;13
13:55:13.794;48.5748;2.15435;48.5989;2.08569;48.5508;2.22301;13
13:55:13.826;48.5736;2.15435;48.5976;2.08569;48.5496;2.22301;13
13:55:13.826;48.5686;2.15298;48.5926;2.08431;48.5446;2.22164;13
13:55:13.826;48.5595;2.14989;48.5835;2.08122;48.5355;2.21855;13
13:55:13.857;48.5546;2.14817;48.5787;2.07951;48.5306;2.21683;13
13:55:13.857;48.5527;2.14766;48.5767;2.07899;48.5287;2.21631;13
13:55:13.857;48.5489;2.14611;48.573;2.07745;48.5249;2.21477;13
13:55:13.919;48.5478;2.1456;48.5718;2.07693;48.5238;2.21425;13
13:55:13.919;48.546;2.14439;48.57;2.07573;48.5219;2.21305;13
13:55:13.919;48.5443;2.14354;48.5683;2.07487;48.5202;2.21219;13
13:55:13.919;48.543;2.14285;48.5671;2.07418;48.519;2.21151;13
13:55:13.919;48.542;2.14233;48.566;2.07367;48.518;2.21099;13
13:55:13.919;48.5412;2.14182;48.5652;2.07315;48.5172;2.21048;13
13:55:13.919;48.541;2.14165;48.565;2.07298;48.5169;2.21031;13
13:55:13.919;48.5404;2.1413;48.5644;2.07264;48.5164;2.20996;13
13:55:13.950;48.54;2.14096;48.564;2.0723;48.5159;2.20962;13
13:55:13.950;48.5397;2.14096;48.5638;2.0723;48.5157;2.20962;13
13:55:14.247;48.5395;2.14096;48.5635;2.0723;48.5155;2.20962;13
13:55:14.278;48.5392;2.14096;48.5632;2.0723;48.5151;2.20962;13
13:55:14.278;48.5383;2.14096;48.5623;2.0723;48.5142;2.20962;13
13:55:14.309;48.5303;2.1389;48.5543;2.07024;48.5063;2.20756;13
13:55:14.309;48.5185;2.13461;48.5425;2.06594;48.4944;2.20327;13
13:55:14.340;48.5085;2.131;48.5325;2.06234;48.4844;2.19966;13
13:55:14.340;48.5071;2.13032;48.5312;2.06165;48.4831;2.19898;13
13:55:14.340;48.5021;2.12809;48.5261;2.05942;48.478;2.19675;13
13:55:14.387;48.5013;2.12791;48.5254;2.05925;48.4772;2.19657;13
13:55:14.387;48.5;2.12757;48.5241;2.05891;48.476;2.19623;13
13:55:14.387;48.499;2.12723;48.5231;2.05856;48.475;2.19589;13
13:55:14.434;48.4978;2.12688;48.5218;2.05822;48.4737;2.19554;13
13:55:14.793;48.4977;2.12688;48.5217;2.05822;48.4736;2.19554;13
13:55:14.824;48.4976;2.12688;48.5216;2.05822;48.4735;2.19554;13
13:55:14.824;48.4949;2.12585;48.519;2.05719;48.4709;2.19451;13
13:55:14.855;48.4931;2.12517;48.5172;2.0565;48.4691;2.19383;13
13:55:14.855;48.4879;2.12345;48.5119;2.05479;48.4638;2.19211;13
13:55:14.855;48.4843;2.12156;48.5084;2.0529;48.4603;2.19022;13
13:55:14.902;48.4803;2.12002;48.5043;2.05135;48.4562;2.18868;13
13:55:14.902;48.4758;2.11813;48.4999;2.04947;48.4518;2.18679;13
13:55:14.902;48.4639;2.11126;48.4879;2.0426;48.4398;2.17992;13
13:55:14.933;48.4586;2.108;48.4827;2.03934;48.4346;2.17666;13
13:55:14.933;48.4576;2.10732;48.4817;2.03865;48.4335;2.17597;13
13:55:14.933;48.456;2.10611;48.4801;2.03745;48.4319;2.17477;13
13:55:14.933;48.4554;2.1056;48.4795;2.03693;48.4314;2.17426;13
13:55:14.964;48.4543;2.10457;48.4784;2.0359;48.4302;2.17323;13
13:55:14.964;48.4534;2.10388;48.4775;2.03522;48.4293;2.17254;13
13:55:14.964;48.4529;2.10337;48.477;2.0347;48.4289;2.17203;13
13:55:14.964;48.4526;2.10302;48.4767;2.03436;48.4285;2.17168;13
13:55:14.996;48.4524;2.10268;48.4765;2.03402;48.4283;2.17134;13
13:55:15.588;48.4523;2.10268;48.4763;2.03402;48.4282;2.17134;13
13:55:15.651;48.4519;2.10268;48.476;2.03402;48.4278;2.17134;13
13:55:15.651;48.4476;2.10268;48.4717;2.03402;48.4235;2.17134;13
13:55:15.651;48.444;2.10268;48.468;2.03402;48.4199;2.17134;13
13:55:15.651;48.4357;2.10268;48.4598;2.03402;48.4117;2.17134;13
13:55:15.682;48.4328;2.10268;48.4569;2.03402;48.4087;2.17134;13
13:55:15.682;48.4318;2.10268;48.4558;2.03402;48.4077;2.17134;13
13:55:15.682;48.431;2.10268;48.4551;2.03402;48.4069;2.17134;13
13:55:15.713;48.4285;2.10268;48.4525;2.03402;48.4044;2.17134;13
13:55:15.713;48.4273;2.10268;48.4514;2.03402;48.4032;2.17134;13
13:55:15.713;48.4272;2.10268;48.4513;2.03402;48.4031;2.17134;13
13:55:15.713;48.4271;2.10268;48.4512;2.03402;48.403;2.17134;13
13:55:15.744;48.427;2.10268;48.4511;2.03402;48.4029;2.17134;13
13:55:15.807;48.4273;2.10268;48.4514;2.03402;48.4032;2.17134;13
13:55:16.025;48.4274;2.10268;48.4515;2.03402;48.4033;2.17134;13
13:55:16.113;48.4277;2.10268;48.4518;2.03402;48.4036;2.17134;13
13:55:16.149;48.4281;2.10268;48.4522;2.03402;48.404;2.17134;13
13:55:16.149;48.4299;2.10148;48.454;2.03281;48.4058;2.17014;13
13:55:16.149;48.4332;2.0989;48.4573;2.03024;48.4091;2.16756;13
13:55:16.186;48.4397;2.09393;48.4638;2.02526;48.4156;2.16258;13
13:55:16.187;48.4436;2.09084;48.4677;2.02217;48.4195;2.15949;13
13:55:16.225;48.4445;2.08998;48.4686;2.02131;48.4204;2.15864;13
13:55:16.225;48.4454;2.08929;48.4695;2.02063;48.4213;2.15795;13
13:55:16.225;48.4478;2.08517;48.4719;2.01651;48.4237;2.15383;13
13:55:16.399;48.4479;2.08551;48.472;2.01685;48.4239;2.15417;13
13:55:16.427;48.4482;2.08586;48.4722;2.01719;48.4241;2.15452;13
13:55:16.427;48.4494;2.08757;48.4735;2.01891;48.4253;2.15623;13
13:55:16.427;48.4502;2.0886;48.4743;2.01994;48.4261;2.15726;13
13:55:16.482;48.4525;2.09152;48.4766;2.02286;48.4284;2.16018;13
13:55:16.482;48.4549;2.09564;48.479;2.02698;48.4308;2.1643;13
13:55:16.520;48.4567;2.10045;48.4808;2.03178;48.4326;2.16911;13
13:55:16.521;48.457;2.10217;48.4811;2.0335;48.433;2.17082;13
13:55:16.562;48.457;2.1044;48.4811;2.03573;48.433;2.17306;13
13:55:16.591;48.457;2.1068;48.4811;2.03814;48.433;2.17546;13
13:55:16.618;48.457;2.10749;48.4811;2.03882;48.433;2.17615;13
13:55:16.618;48.457;2.108;48.4811;2.03934;48.433;2.17666;13
13:55:16.649;48.457;2.10835;48.4811;2.03968;48.433;2.177;13
13:55:16.935;48.457;2.10903;48.4811;2.04037;48.433;2.17769;13
13:55:16.951;48.457;2.11023;48.4811;2.04157;48.433;2.17889;13
13:55:16.951;48.457;2.11401;48.4811;2.04535;48.433;2.18267;13
13:55:17.029;48.4574;2.12276;48.4814;2.0541;48.4333;2.19142;13
13:55:17.029;48.4575;2.12482;48.4816;2.05616;48.4334;2.19348;13
13:55:17.029;48.4589;2.13684;48.4829;2.06818;48.4348;2.2055;13
13:55:17.029;48.4609;2.14954;48.485;2.08088;48.4368;2.2182;13
13:55:17.029;48.4622;2.15624;48.4862;2.08757;48.4381;2.2249;13
13:55:17.060;48.4651;2.16928;48.4892;2.10062;48.4411;2.23794;13
13:55:17.060;48.4663;2.17615;48.4903;2.10749;48.4422;2.24481;13
13:55:17.060;48.4667;2.17787;48.4908;2.1092;48.4426;2.24653;13
13:55:17.060;48.4673;2.1813;48.4913;2.11264;48.4432;2.24996;13
13:55:17.091;48.4677;2.18611;48.4918;2.11744;48.4437;2.25477;13
13:55:17.091;48.4677;2.18782;48.4918;2.11916;48.4437;2.25648;13
13:55:17.122;48.4677;2.18868;48.4918;2.12002;48.4437;2.25734;13
13:55:17.122;48.4677;2.18937;48.4918;2.1207;48.4437;2.25803;13
13:55:17.528;48.4677;2.18954;48.4918;2.12088;48.4437;2.2582;13
13:55:17.559;48.4677;2.18971;48.4918;2.12105;48.4437;2.25837;13
13:55:17.559;48.4677;2.18988;48.4918;2.12122;48.4437;2.25854;13
13:55:17.637;48.4676;2.18988;48.4917;2.12122;48.4436;2.25854;13
13:55:17.668;48.4668;2.18971;48.4909;2.12105;48.4427;2.25837;13
13:55:17.668;48.4642;2.18903;48.4883;2.12036;48.4401;2.25769;13
13:55:17.668;48.4608;2.188;48.4849;2.11933;48.4367;2.25666;13
13:55:17.699;48.4565;2.18645;48.4805;2.11779;48.4324;2.25511;13
13:55:17.699;48.4519;2.18508;48.476;2.11641;48.4278;2.25374;13
13:55:17.731;48.4499;2.18439;48.4739;2.11573;48.4258;2.25305;13
13:55:17.731;48.4474;2.18302;48.4714;2.11435;48.4233;2.25168;13
13:55:17.762;48.446;2.18216;48.4701;2.11349;48.4219;2.25082;13
13:55:17.762;48.4455;2.18199;48.4696;2.11332;48.4215;2.25065;13
13:55:17.793;48.4452;2.18147;48.4693;2.11281;48.4211;2.25013;13
13:55:17.793;48.4452;2.18113;48.4693;2.11246;48.4211;2.24979;13
13:55:17.793;48.4452;2.18096;48.4693;2.11229;48.4211;2.24962;13
13:55:17.824;48.4452;2.18079;48.4693;2.11212;48.4211;2.24945;13
13:55:17.824;48.4452;2.18044;48.4693;2.11178;48.4211;2.2491;13
13:55:17.887;48.4453;2.18044;48.4694;2.11178;48.4212;2.2491;13
13:55:17.887;48.4455;2.18044;48.4696;2.11178;48.4215;2.2491;13
13:55:17.918;48.446;2.18044;48.4701;2.11178;48.4219;2.2491;13
13:55:17.918;48.4463;2.18044;48.4704;2.11178;48.4222;2.2491;13
13:55:17.949;48.4473;2.18044;48.4713;2.11178;48.4232;2.2491;13
13:55:17.949;48.4491;2.18061;48.4731;2.11195;48.425;2.24927;13
13:55:17.980;48.4517;2.18113;48.4758;2.11246;48.4276;2.24979;13
13:55:18.011;48.4715;2.18594;48.4956;2.11727;48.4474;2.2546;13
13:55:18.043;48.4821;2.18714;48.5061;2.11847;48.458;2.2558;13
13:55:18.043;48.4879;2.18782;48.5119;2.11916;48.4638;2.25648;13
13:55:18.043;48.4962;2.18817;48.5202;2.1195;48.4721;2.25683;13
13:55:18.074;48.5026;2.18903;48.5266;2.12036;48.4785;2.25769;13
13:55:18.074;48.5059;2.18937;48.5299;2.1207;48.4818;2.25803;13
13:55:18.105;48.5072;2.18954;48.5313;2.12088;48.4832;2.2582;13
13:55:18.105;48.5084;2.18954;48.5324;2.12088;48.4843;2.2582;13
13:55:18.105;48.5088;2.18971;48.5329;2.12105;48.4848;2.25837;13
13:55:18.136;48.5088;2.18988;48.5329;2.12122;48.4848;2.25854;13
13:55:18.495;48.5097;2.18988;48.5338;2.12122;48.4857;2.25854;13
13:55:18.573;48.5114;2.18988;48.5355;2.12122;48.4874;2.25854;13
13:55:18.573;48.5179;2.18988;48.542;2.12122;48.4939;2.25854;13
13:55:18.573;48.5259;2.19023;48.5499;2.12156;48.5018;2.25889;13
13:55:18.573;48.5328;2.19023;48.5568;2.12156;48.5088;2.25889;13
13:55:18.573;48.5401;2.19023;48.5641;2.12156;48.516;2.25889;13
13:55:18.604;48.5504;2.19023;48.5745;2.12156;48.5264;2.25889;13
13:55:18.604;48.5523;2.19023;48.5764;2.12156;48.5283;2.25889;13
13:55:18.604;48.56;2.19023;48.584;2.12156;48.5359;2.25889;13
13:55:18.604;48.566;2.19023;48.59;2.12156;48.542;2.25889;13
13:55:18.635;48.5672;2.19023;48.5913;2.12156;48.5432;2.25889;13
13:55:18.635;48.5695;2.19023;48.5935;2.12156;48.5455;2.25889;13
13:55:18.667;48.5706;2.19023;48.5947;2.12156;48.5466;2.25889;13
13:55:18.667;48.5714;2.19023;48.5955;2.12156;48.5474;2.25889;13
13:55:18.963;48.5722;2.19023;48.5962;2.12156;48.5482;2.25889;13
13:55:18.994;48.5738;2.19023;48.5978;2.12156;48.5498;2.25889;13
13:55:18.994;48.581;2.19023;48.605;2.12156;48.557;2.25889;13
13:55:18.994;48.5844;2.19023;48.6084;2.12156;48.5604;2.25889;13
13:55:19.025;48.5957;2.19194;48.6197;2.12328;48.5717;2.2606;13
13:55:19.025;48.5984;2.19229;48.6223;2.12362;48.5743;2.26095;13
13:55:19.057;48.6087;2.19418;48.6327;2.12551;48.5847;2.26283;13
13:55:19.057;48.6136;2.19486;48.6376;2.1262;48.5896;2.26352;13
13:55:19.057;48.6166;2.19486;48.6406;2.1262;48.5926;2.26352;13
13:55:19.088;48.6194;2.19486;48.6433;2.1262;48.5953;2.26352;13
13:55:19.119;48.623;2.19486;48.647;2.1262;48.599;2.26352;13
13:55:19.119;48.624;2.19486;48.648;2.1262;48.6;2.26352;13
13:55:19.540;48.6243;2.19486;48.6483;2.1262;48.6003;2.26352;13
13:55:19.540;48.6247;2.19486;48.6487;2.1262;48.6007;2.26352;13
13:55:19.571;48.6251;2.19486;48.6491;2.1262;48.6011;2.26352;13
13:55:19.571;48.628;2.19555;48.652;2.12688;48.604;2.26421;13
13:55:19.571;48.6324;2.19847;48.6564;2.1298;48.6084;2.26713;13
13:55:19.603;48.6511;2.21169;48.6751;2.14302;48.6271;2.28034;13
13:55:19.634;48.6657;2.22095;48.6897;2.15229;48.6418;2.28961;13
13:55:19.634;48.6696;2.22267;48.6936;2.15401;48.6456;2.29133;13
13:55:19.634;48.675;2.22593;48.699;2.15727;48.6511;2.29459;13
13:55:19.665;48.675;2.22713;48.699;2.15847;48.6511;2.29579;13
13:55:19.665;48.675;2.22748;48.699;2.15881;48.6511;2.29614;13
13:55:19.665;48.675;2.22868;48.699;2.16002;48.6511;2.29734;13
13:55:19.696;48.675;2.22919;48.699;2.16053;48.6511;2.29785;13
13:55:19.743;48.6749;2.22919;48.6989;2.16053;48.6509;2.29785;13
13:55:19.743;48.6747;2.22919;48.6987;2.16053;48.6507;2.29785;13
13:55:20.055;48.6749;2.22919;48.6989;2.16053;48.6509;2.29785;13
13:55:20.086;48.6758;2.22919;48.6998;2.16053;48.6519;2.29785;13
13:55:20.086;48.6799;2.22919;48.7039;2.16053;48.6559;2.29785;13
13:55:20.086;48.6864;2.22954;48.7103;2.16087;48.6624;2.2982;13
13:55:20.117;48.6985;2.234;48.7225;2.16534;48.6745;2.30266;13
13:55:20.117;48.7069;2.23846;48.7308;2.1698;48.6829;2.30712;13
13:55:20.164;48.7119;2.24104;48.7358;2.17237;48.6879;2.3097;13
13:55:20.164;48.7142;2.24241;48.7382;2.17375;48.6903;2.31107;13
13:55:20.164;48.719;2.24499;48.7429;2.17632;48.695;2.31365;13
13:55:20.195;48.7213;2.24619;48.7452;2.17752;48.6973;2.31485;13
13:55:20.195;48.7223;2.2467;48.7462;2.17804;48.6983;2.31536;13
13:55:20.227;48.7232;2.24739;48.7471;2.17873;48.6992;2.31605;13
13:55:20.227;48.7233;2.24739;48.7472;2.17873;48.6993;2.31605;13
13:55:20.554;48.7239;2.24739;48.7478;2.17873;48.6999;2.31605;13
13:55:20.617;48.7252;2.24842;48.7492;2.17976;48.7013;2.31708;13
13:55:20.617;48.7301;2.25117;48.754;2.1825;48.7061;2.31983;13
13:55:20.617;48.7381;2.25632;48.7621;2.18765;48.7142;2.32498;13
13:55:20.648;48.7464;2.26112;48.7703;2.19246;48.7225;2.32978;13
13:55:20.648;48.7511;2.26284;48.7751;2.19418;48.7272;2.3315;13
13:55:20.648;48.7532;2.26336;48.7771;2.19469;48.7293;2.33201;13
13:55:20.679;48.7544;2.26336;48.7784;2.19469;48.7305;2.33201;13
13:55:20.679;48.7549;2.26336;48.7788;2.19469;48.7309;2.33201;13
13:55:21.038;48.755;2.26336;48.7789;2.19469;48.7311;2.33201;13
13:55:21.116;48.7552;2.26336;48.7791;2.19469;48.7313;2.33201;13
13:55:21.116;48.7585;2.26524;48.7824;2.19658;48.7346;2.3339;13
13:55:21.116;48.7627;2.26833;48.7866;2.19967;48.7388;2.33699;13
13:55:21.116;48.7667;2.27108;48.7906;2.20242;48.7427;2.33974;13
13:55:21.116;48.7751;2.27726;48.7991;2.2086;48.7512;2.34592;13
13:55:21.116;48.7815;2.28155;48.8054;2.21289;48.7575;2.35021;13
13:55:21.147;48.7848;2.28395;48.8087;2.21529;48.7608;2.35261;13
13:55:21.147;48.788;2.28636;48.812;2.21769;48.7641;2.35502;13
13:55:21.147;48.7891;2.28704;48.813;2.21838;48.7651;2.3557;13
13:55:21.178;48.7903;2.28807;48.8142;2.21941;48.7664;2.35673;13
13:55:21.225;48.7903;2.28825;48.8142;2.21958;48.7664;2.35691;13
13:55:21.553;48.7905;2.28825;48.8144;2.21958;48.7666;2.35691;13
13:55:21.584;48.7909;2.28859;48.8148;2.21992;48.7669;2.35725;13
13:55:21.646;48.7936;2.29065;48.8175;2.22198;48.7696;2.35931;13
13:55:21.646;48.7956;2.29202;48.8195;2.22336;48.7717;2.36068;13
13:55:21.646;48.8001;2.29563;48.824;2.22696;48.7762;2.36429;13
13:55:21.662;48.8023;2.29734;48.8262;2.22868;48.7784;2.366;13
13:55:21.662;48.8097;2.30438;48.8336;2.23572;48.7858;2.37304;13
13:55:21.662;48.8133;2.30799;48.8372;2.23932;48.7893;2.37665;13
13:55:21.662;48.8156;2.31056;48.8395;2.2419;48.7917;2.37922;13
13:55:21.693;48.8167;2.31211;48.8406;2.24344;48.7928;2.38077;13
13:55:21.693;48.8177;2.31382;48.8416;2.24516;48.7938;2.38248;13
13:55:21.724;48.8178;2.31417;48.8417;2.2455;48.7939;2.38283;13
13:55:21.724;48.8178;2.31485;48.8417;2.24619;48.7939;2.38351;13
13:55:21.755;48.8178;2.31503;48.8417;2.24636;48.7939;2.38368;13
13:55:21.755;48.8178;2.31537;48.8417;2.2467;48.7939;2.38403;13
13:55:21.755;48.8178;2.31571;48.8417;2.24705;48.7939;2.38437;13
13:55:21.787;48.8178;2.31606;48.8417;2.24739;48.7939;2.38471;13
13:55:21.787;48.8178;2.31623;48.8417;2.24756;48.7939;2.38489;13
13:55:22.317;48.8181;2.31623;48.842;2.24756;48.7942;2.38489;13
13:55:22.317;48.8196;2.3164;48.8435;2.24773;48.7957;2.38506;13
13:55:22.348;48.8246;2.31897;48.8484;2.25031;48.8007;2.38763;13
13:55:22.348;48.8321;2.32292;48.856;2.25426;48.8082;2.39158;13
13:55:22.379;48.8338;2.32378;48.8577;2.25512;48.8099;2.39244;13
13:55:22.379;48.8373;2.32584;48.8612;2.25718;48.8134;2.3945;13
13:55:22.379;48.8406;2.32756;48.8645;2.25889;48.8167;2.39622;13
13:55:22.379;48.843;2.32893;48.8669;2.26027;48.8191;2.39759;13
13:55:22.411;48.8444;2.32962;48.8683;2.26095;48.8205;2.39828;13
13:55:22.411;48.8457;2.3303;48.8696;2.26164;48.8218;2.39896;13
13:55:22.442;48.846;2.33047;48.8699;2.26181;48.8221;2.39913;13
13:55:22.832;48.8469;2.33047;48.8708;2.26181;48.823;2.39913;13
13:55:22.863;48.8478;2.33047;48.8717;2.26181;48.8239;2.39913;13
13:55:22.863;48.8502;2.33047;48.8741;2.26181;48.8263;2.39913;13
13:55:22.894;48.8532;2.33047;48.8771;2.26181;48.8294;2.39913;13
13:55:22.894;48.8552;2.33047;48.8791;2.26181;48.8313;2.39913;13
13:55:22.894;48.8589;2.33047;48.8828;2.26181;48.835;2.39913;13
13:55:22.941;48.8631;2.33047;48.887;2.26181;48.8392;2.39913;13
13:55:22.941;48.865;2.33047;48.8889;2.26181;48.8411;2.39913;13
13:55:22.941;48.8669;2.33047;48.8908;2.26181;48.843;2.39913;13
13:55:22.941;48.8678;2.33047;48.8917;2.26181;48.8439;2.39913;13
13:55:22.972;48.8705;2.33047;48.8944;2.26181;48.8466;2.39913;13
13:55:22.972;48.8718;2.33047;48.8956;2.26181;48.8479;2.39913;13
13:55:23.003;48.8728;2.33047;48.8967;2.26181;48.8489;2.39913;13
13:55:23.003;48.8731;2.33047;48.897;2.26181;48.8492;2.39913;13
13:55:23.315;48.8741;2.33047;48.898;2.26181;48.8503;2.39913;13
13:55:23.347;48.8754;2.33047;48.8993;2.26181;48.8515;2.39913;13
13:55:23.347;48.8789;2.33047;48.9027;2.26181;48.855;2.39913;13
13:55:23.409;48.8836;2.33047;48.9075;2.26181;48.8597;2.39913;13
13:55:23.409;48.8861;2.33047;48.91;2.26181;48.8622;2.39913;13
13:55:23.409;48.8891;2.33047;48.913;2.26181;48.8653;2.39913;13
13:55:23.409;48.892;2.33047;48.9158;2.26181;48.8681;2.39913;13
13:55:23.409;48.8932;2.33047;48.9171;2.26181;48.8693;2.39913;13
13:55:23.409;48.8948;2.33047;48.9187;2.26181;48.8709;2.39913;13
13:55:23.440;48.8955;2.33047;48.9193;2.26181;48.8716;2.39913;13
13:55:23.503;48.8964;2.33047;48.9202;2.26181;48.8725;2.39913;13
13:55:23.503;48.897;2.33047;48.9209;2.26181;48.8732;2.39913;13
13:55:23.518;48.8977;2.33047;48.9216;2.26181;48.8739;2.39913;13
13:55:23.518;48.899;2.33047;48.9228;2.26181;48.8751;2.39913;13
13:55:23.518;48.8998;2.33047;48.9236;2.26181;48.8759;2.39913;13
13:55:23.518;48.9013;2.33013;48.9252;2.26147;48.8775;2.39879;13
13:55:23.549;48.9027;2.32979;48.9266;2.26112;48.8788;2.39845;13
13:55:23.549;48.9042;2.32944;48.928;2.26078;48.8803;2.3981;13
13:55:23.612;48.9062;2.3291;48.93;2.26044;48.8823;2.39776;13
13:55:23.612;48.9073;2.32859;48.9312;2.25992;48.8835;2.39725;13
13:55:23.612;48.9101;2.32773;48.934;2.25906;48.8863;2.39639;13
13:55:23.612;48.9108;2.32738;48.9347;2.25872;48.887;2.39604;13
13:55:23.612;48.9113;2.32721;48.9351;2.25855;48.8874;2.39587;13
13:55:23.612;48.9122;2.32687;48.936;2.25821;48.8883;2.39553;13
13:55:23.627;48.9126;2.3267;48.9365;2.25803;48.8888;2.39536;13
13:55:23.627;48.913;2.32653;48.9368;2.25786;48.8891;2.39519;13
13:55:23.674;48.9133;2.32635;48.9372;2.25769;48.8894;2.39501;13
13:55:23.674;48.9134;2.32635;48.9373;2.25769;48.8895;2.39501;13
13:55:23.705;48.9131;2.32635;48.9369;2.25769;48.8892;2.39501;13
13:55:23.705;48.9126;2.32618;48.9365;2.25752;48.8888;2.39484;13
13:55:23.705;48.9108;2.32601;48.9347;2.25735;48.887;2.39467;13
13:55:23.705;48.9089;2.32601;48.9328;2.25735;48.885;2.39467;13
13:55:23.705;48.9085;2.32601;48.9323;2.25735;48.8846;2.39467;13
13:55:24.064;48.9095;2.32601;48.9333;2.25735;48.8856;2.39467;13
13:55:24.142;48.9106;2.32601;48.9344;2.25735;48.8867;2.39467;13
13:55:24.142;48.9136;2.32601;48.9375;2.25735;48.8898;2.39467;13
13:55:24.142;48.9153;2.32601;48.9392;2.25735;48.8915;2.39467;13
13:55:24.142;48.9171;2.32601;48.941;2.25735;48.8933;2.39467;13
13:55:24.142;48.9194;2.32601;48.9432;2.25735;48.8955;2.39467;13
13:55:24.142;48.9236;2.32601;48.9474;2.25735;48.8997;2.39467;13
13:55:24.158;48.9276;2.32601;48.9515;2.25735;48.9038;2.39467;13
13:55:24.251;48.9524;2.32584;48.9763;2.25718;48.9286;2.3945;13
13:55:24.251;48.9529;2.32584;48.9767;2.25718;48.929;2.3945;13
13:55:24.251;48.9539;2.32567;48.9777;2.257;48.9301;2.39433;13
13:55:24.283;48.955;2.32567;48.9789;2.257;48.9312;2.39433;13
13:55:24.298;48.9552;2.32567;48.9791;2.257;48.9314;2.39433;13
13:55:24.298;48.9554;2.32567;48.9792;2.257;48.9315;2.39433;13
13:55:24.766;48.9568;2.32567;48.9807;2.257;48.933;2.39433;13
13:55:24.797;48.9588;2.32584;48.9826;2.25718;48.9349;2.3945;13
13:55:24.797;48.9629;2.32601;48.9868;2.25735;48.9391;2.39467;13
13:55:24.797;48.9675;2.32653;48.9914;2.25786;48.9437;2.39519;13
13:55:24.829;48.9701;2.3267;48.994;2.25803;48.9463;2.39536;13
13:55:24.829;48.9753;2.32704;48.9991;2.25838;48.9515;2.3957;13
13:55:24.829;48.9779;2.32721;49.0017;2.25855;48.9541;2.39587;13
13:55:24.860;48.9789;2.32721;49.0027;2.25855;48.9551;2.39587;13
13:55:24.860;48.9808;2.32721;49.0047;2.25855;48.957;2.39587;13
13:55:24.860;48.9846;2.32721;49.0084;2.25855;48.9607;2.39587;13
13:55:24.860;48.9855;2.32721;49.0093;2.25855;48.9616;2.39587;13
13:55:24.891;48.9883;2.32721;49.0121;2.25855;48.9644;2.39587;13
13:55:24.891;48.9892;2.32721;49.013;2.25855;48.9653;2.39587;13
13:55:24.891;48.9906;2.32721;49.0145;2.25855;48.9668;2.39587;13
13:55:24.891;48.992;2.32721;49.0158;2.25855;48.9682;2.39587;13
13:55:24.891;48.9924;2.32721;49.0163;2.25855;48.9686;2.39587;13
13:55:24.922;48.9932;2.32721;49.017;2.25855;48.9694;2.39587;13
13:55:24.938;48.9938;2.32721;49.0176;2.25855;48.97;2.39587;13
13:55:24.938;48.9942;2.32721;49.0181;2.25855;48.9704;2.39587;13
13:55:24.969;48.9945;2.32721;49.0183;2.25855;48.9706;2.39587;13
13:55:24.969;48.9946;2.32721;49.0184;2.25855;48.9707;2.39587;13
13:55:24.969;48.9947;2.32721;49.0185;2.25855;48.9709;2.39587;13
13:55:25.375;48.9964;2.32738;49.0202;2.25872;48.9726;2.39604;13
13:55:25.406;48.9983;2.32738;49.0221;2.25872;48.9745;2.39604;13
13:55:25.406;49;2.32738;49.0238;2.25872;48.9762;2.39604;13
13:55:25.406;49.0018;2.32738;49.0256;2.25872;48.978;2.39604;13
13:55:25.406;49.0035;2.32756;49.0273;2.25889;48.9796;2.39622;13
13:55:25.437;49.0052;2.32756;49.029;2.25889;48.9813;2.39622;13
13:55:25.437;49.0069;2.32756;49.0307;2.25889;48.983;2.39622;13
13:55:25.499;49.0104;2.32756;49.0343;2.25889;48.9866;2.39622;13
13:55:25.499;49.0114;2.32756;49.0352;2.25889;48.9875;2.39622;13
13:55:25.499;49.013;2.32756;49.0368;2.25889;48.9892;2.39622;13
13:55:25.499;49.0155;2.32756;49.0393;2.25889;48.9917;2.39622;13
13:55:25.499;49.0164;2.32756;49.0402;2.25889;48.9926;2.39622;13
13:55:25.499;49.019;2.32756;49.0428;2.25889;48.9952;2.39622;13
13:55:25.499;49.0206;2.32756;49.0444;2.25889;48.9968;2.39622;13
13:55:25.546;49.0241;2.32756;49.0479;2.25889;49.0003;2.39622;13
13:55:25.546;49.0266;2.32756;49.0504;2.25889;49.0027;2.39622;13
13:55:25.593;49.027;2.32756;49.0508;2.25889;49.0032;2.39622;13
13:55:25.936;49.0287;2.32773;49.0525;2.25906;49.0049;2.39639;13
13:55:25.967;49.0305;2.32773;49.0543;2.25906;49.0067;2.39639;13
13:55:25.967;49.0324;2.32773;49.0562;2.25906;49.0086;2.39639;13
13:55:25.967;49.0343;2.32773;49.0581;2.25906;49.0105;2.39639;13
13:55:25.967;49.0362;2.32773;49.06;2.25906;49.0124;2.39639;13
13:55:25.999;49.0388;2.32773;49.0626;2.25906;49.015;2.39639;13
13:55:25.999;49.0405;2.32773;49.0643;2.25906;49.0167;2.39639;13
13:55:25.999;49.0433;2.32773;49.0671;2.25906;49.0195;2.39639;13
13:55:26.030;49.0469;2.32773;49.0707;2.25906;49.0231;2.39639;13
13:55:26.061;49.054;2.32773;49.0778;2.25906;49.0302;2.39639;13
13:55:26.061;49.0563;2.32773;49.0801;2.25906;49.0325;2.39639;13
13:55:26.061;49.0584;2.32773;49.0822;2.25906;49.0346;2.39639;13
13:55:26.092;49.0603;2.32773;49.0841;2.25906;49.0365;2.39639;13
13:55:26.092;49.0629;2.32773;49.0867;2.25906;49.0391;2.39639;13
13:55:26.092;49.0646;2.32773;49.0884;2.25906;49.0408;2.39639;13
13:55:26.092;49.0659;2.32773;49.0897;2.25906;49.0421;2.39639;13
13:55:26.123;49.0665;2.32773;49.0903;2.25906;49.0427;2.39639;13
13:55:26.123;49.0674;2.32773;49.0912;2.25906;49.0436;2.39639;13
13:55:26.155;49.0684;2.32773;49.0922;2.25906;49.0446;2.39639;13
13:55:26.498;49.069;2.32773;49.0928;2.25906;49.0452;2.39639;13
13:55:26.498;49.0699;2.32773;49.0937;2.25906;49.0461;2.39639;13
13:55:26.529;49.0725;2.32773;49.0962;2.25906;49.0487;2.39639;13
13:55:26.560;49.0756;2.32773;49.0994;2.25906;49.0518;2.39639;13
13:55:26.560;49.0797;2.32773;49.1034;2.25906;49.0559;2.39639;13
13:55:26.560;49.084;2.32773;49.1078;2.25906;49.0603;2.39639;13
13:55:26.591;49.0863;2.32773;49.1101;2.25906;49.0625;2.39639;13
13:55:26.591;49.0888;2.32773;49.1125;2.25906;49.065;2.39639;13
13:55:26.591;49.0935;2.32773;49.1172;2.25906;49.0697;2.39639;13
13:55:26.654;49.0961;2.32773;49.1198;2.25906;49.0723;2.39639;13
13:55:26.654;49.0985;2.32773;49.1223;2.25906;49.0748;2.39639;13
13:55:26.654;49.101;2.32773;49.1248;2.25906;49.0772;2.39639;13
13:55:26.654;49.1036;2.32773;49.1274;2.25906;49.0798;2.39639;13
13:55:26.654;49.1048;2.32773;49.1286;2.25906;49.0811;2.39639;13
13:55:26.654;49.1066;2.32773;49.1304;2.25906;49.0829;2.39639;13
13:55:26.654;49.1083;2.32773;49.1321;2.25906;49.0845;2.39639;13
13:55:26.685;49.1099;2.32773;49.1337;2.25906;49.0861;2.39639;13
13:55:26.685;49.1112;2.32773;49.135;2.25906;49.0875;2.39639;13
13:55:26.685;49.1117;2.32773;49.1354;2.25906;49.0879;2.39639;13
13:55:26.685;49.1126;2.32773;49.1363;2.25906;49.0888;2.39639;13
13:55:26.716;49.1136;2.32756;49.1374;2.25889;49.0898;2.39622;13
13:55:26.716;49.1142;2.32738;49.1379;2.25872;49.0904;2.39604;13
13:55:26.716;49.1147;2.32738;49.1385;2.25872;49.091;2.39604;13
13:55:26.716;49.1149;2.32704;49.1387;2.25838;49.0912;2.3957;13
13:55:26.747;49.1152;2.32687;49.1389;2.25821;49.0914;2.39553;13
13:55:26.747;49.1152;2.3267;49.1389;2.25803;49.0914;2.39536;13
13:55:27.184;49.1153;2.3267;49.139;2.25803;49.0915;2.39536;13
13:55:27.184;49.1156;2.3267;49.1394;2.25803;49.0919;2.39536;13
13:55:27.215;49.1176;2.3267;49.1414;2.25803;49.0939;2.39536;13
13:55:27.215;49.1191;2.3267;49.1429;2.25803;49.0953;2.39536;13
13:55:27.247;49.1225;2.3267;49.1462;2.25803;49.0987;2.39536;13
13:55:27.247;49.1246;2.3267;49.1484;2.25803;49.1008;2.39536;13
13:55:27.247;49.1272;2.3267;49.151;2.25803;49.1034;2.39536;13
13:55:27.278;49.1293;2.3267;49.1531;2.25803;49.1056;2.39536;13
13:55:27.278;49.1319;2.3267;49.1557;2.25803;49.1082;2.39536;13
13:55:27.340;49.1344;2.3267;49.1581;2.25803;49.1106;2.39536;13
13:55:27.340;49.137;2.3267;49.1607;2.25803;49.1132;2.39536;13
13:55:27.340;49.1382;2.3267;49.1619;2.25803;49.1144;2.39536;13
13:55:27.340;49.14;2.3267;49.1637;2.25803;49.1162;2.39536;13
13:55:27.340;49.1417;2.3267;49.1654;2.25803;49.1179;2.39536;13
13:55:27.340;49.1421;2.3267;49.1659;2.25803;49.1184;2.39536;13
13:55:27.340;49.144;2.3267;49.1678;2.25803;49.1203;2.39536;13
13:55:27.340;49.1444;2.3267;49.1681;2.25803;49.1206;2.39536;13
13:55:27.340;49.1449;2.3267;49.1687;2.25803;49.1212;2.39536;13
13:55:27.340;49.1453;2.3267;49.169;2.25803;49.1215;2.39536;13
13:55:27.340;49.1454;2.3267;49.1691;2.25803;49.1216;2.39536;13
13:55:27.371;49.1456;2.3267;49.1694;2.25803;49.1219;2.39536;13
13:55:27.527;49.1455;2.3267;49.1692;2.25803;49.1217;2.39536;13
13:55:27.559;49.1454;2.3267;49.1691;2.25803;49.1216;2.39536;13
13:55:27.559;49.1448;2.3267;49.1686;2.25803;49.1211;2.39536;13
13:55:27.559;49.1445;2.3267;49.1682;2.25803;49.1207;2.39536;13
13:55:27.559;49.1432;2.32653;49.167;2.25786;49.1195;2.39519;13
13:55:27.590;49.1394;2.32601;49.1632;2.25735;49.1157;2.39467;13
13:55:27.590;49.1365;2.3255;49.1603;2.25683;49.1128;2.39416;13
13:55:27.590;49.1314;2.32464;49.1551;2.25597;49.1076;2.3933;13
13:55:27.590;49.1254;2.32395;49.1492;2.25529;49.1016;2.39261;13
13:55:27.590;49.119;2.32292;49.1427;2.25426;49.0952;2.39158;13
13:55:27.621;49.1103;2.32138;49.1341;2.25271;49.0866;2.39004;13
13:55:27.621;49.1052;2.32069;49.1289;2.25203;49.0814;2.38935;13
13:55:27.652;49.0999;2.31966;49.1236;2.251;49.0761;2.38832;13
13:55:27.652;49.0918;2.31846;49.1156;2.24979;49.068;2.38712;13
13:55:27.683;49.0873;2.31794;49.1111;2.24928;49.0635;2.3866;13
13:55:27.683;49.0798;2.31709;49.1035;2.24842;49.056;2.38574;13
13:55:27.715;49.0786;2.31691;49.1024;2.24825;49.0549;2.38557;13
13:55:27.715;49.0758;2.31674;49.0996;2.24808;49.0521;2.3854;13
13:55:27.715;49.0749;2.31674;49.0987;2.24808;49.0512;2.3854;13
13:55:27.746;49.0743;2.31674;49.098;2.24808;49.0505;2.3854;13
13:55:27.746;49.0739;2.31674;49.0977;2.24808;49.0501;2.3854;13
13:55:28.276;49.0713;2.31674;49.0951;2.24808;49.0476;2.3854;13
13:55:28.292;49.0699;2.31674;49.0937;2.24808;49.0461;2.3854;13
13:55:28.307;49.0613;2.31623;49.0851;2.24756;49.0375;2.38489;13
13:55:28.339;49.0559;2.31588;49.0797;2.24722;49.0321;2.38454;13
13:55:28.339;49.0503;2.31537;49.0741;2.2467;49.0265;2.38403;13
13:55:28.370;49.0474;2.3152;49.0712;2.24653;49.0236;2.38386;13
13:55:28.370;49.0452;2.31503;49.069;2.24636;49.0214;2.38368;13
13:55:28.370;49.0434;2.31503;49.0672;2.24636;49.0196;2.38368;13
13:55:28.401;49.043;2.31503;49.0668;2.24636;49.0192;2.38368;13
13:55:28.401;49.0423;2.31503;49.0661;2.24636;49.0185;2.38368;13
