16:08:07.212;48.8547;2.34661;48.9502;2.07195;48.7591;2.62126;11
16:08:07.212;48.8547;2.34661;48.9502;2.07195;48.7591;2.62126;11
16:08:07.370;48.8547;2.34661;48.9025;2.20928;48.8069;2.48393;12
16:08:07.371;48.8547;2.34661;48.9025;2.20928;48.8069;2.48393;12
16:08:08.106;48.8543;2.34661;48.902;2.20928;48.8065;2.48393;12
16:08:08.120;48.8529;2.34661;48.9007;2.20928;48.8051;2.48393;12
16:08:08.142;48.8516;2.34661;48.8993;2.20928;48.8037;2.48393;12
16:08:08.156;48.8504;2.34661;48.8982;2.20928;48.8026;2.48393;12
16:08:08.158;48.8502;2.34695;48.898;2.20963;48.8024;2.48428;12
16:08:08.158;48.8498;2.3473;48.8975;2.20997;48.8019;2.48462;12
16:08:08.187;48.8495;2.3473;48.8973;2.20997;48.8017;2.48462;12
16:08:08.496;48.8498;2.3473;48.8975;2.20997;48.8019;2.48462;12
16:08:08.496;48.8502;2.34695;48.898;2.20963;48.8024;2.48428;12
16:08:08.522;48.8507;2.34695;48.8984;2.20963;48.8028;2.48428;12
16:08:08.536;48.8509;2.34661;48.8986;2.20928;48.8031;2.48393;12
16:08:08.551;48.8513;2.34661;48.8991;2.20928;48.8035;2.48393;12
16:08:08.551;48.8518;2.34627;48.8995;2.20894;48.804;2.48359;12
16:08:08.567;48.852;2.34627;48.8998;2.20894;48.8042;2.48359;12
16:08:08.568;48.8525;2.34592;48.9002;2.2086;48.8047;2.48325;12
16:08:08.583;48.8529;2.34558;48.9007;2.20825;48.8051;2.4829;12
16:08:08.583;48.8531;2.34558;48.9009;2.20825;48.8053;2.4829;12
16:08:08.609;48.8534;2.34524;48.9011;2.20791;48.8056;2.48256;12
16:08:08.623;48.8543;2.34455;48.902;2.20722;48.8065;2.48187;12
16:08:08.637;48.8549;2.34455;48.9027;2.20722;48.8072;2.48187;12
16:08:08.638;48.8554;2.34386;48.9031;2.20654;48.8076;2.48119;12
16:08:08.654;48.8556;2.34386;48.9034;2.20654;48.8078;2.48119;12
16:08:08.655;48.8559;2.34352;48.9036;2.20619;48.808;2.48084;12
16:08:08.684;48.8561;2.34352;48.9038;2.20619;48.8083;2.48084;12
16:08:08.706;48.8561;2.34318;48.9038;2.20585;48.8083;2.4805;12
16:08:08.723;48.8563;2.34318;48.904;2.20585;48.8085;2.4805;12
16:08:08.808;48.8563;2.34283;48.904;2.20551;48.8085;2.48016;12
16:08:08.843;48.8563;2.34249;48.904;2.20516;48.8085;2.47981;12
16:08:08.866;48.8563;2.34215;48.904;2.20482;48.8085;2.47947;12
16:08:08.882;48.8563;2.3418;48.904;2.20448;48.8085;2.47913;12
16:08:08.897;48.8563;2.34146;48.904;2.20413;48.8085;2.47878;12
16:08:08.897;48.8563;2.34112;48.904;2.20379;48.8085;2.47844;12
16:08:08.924;48.8563;2.34077;48.904;2.20345;48.8085;2.4781;12
16:08:08.939;48.8563;2.34043;48.904;2.2031;48.8085;2.47775;12
16:08:08.940;48.8563;2.34009;48.904;2.20276;48.8085;2.47741;12
16:08:08.967;48.8563;2.33974;48.904;2.20242;48.8085;2.47707;12
16:08:08.981;48.8563;2.3394;48.904;2.20207;48.8085;2.47672;12
16:08:08.995;48.8563;2.33871;48.904;2.20139;48.8085;2.47604;12
16:08:08.999;48.8563;2.33837;48.904;2.20104;48.8085;2.4757;12
16:08:08.999;48.8563;2.33803;48.904;2.2007;48.8085;2.47535;12
16:08:09.024;48.8563;2.33768;48.904;2.20036;48.8085;2.47501;12
16:08:09.038;48.8563;2.337;48.904;2.19967;48.8085;2.47432;12
16:08:09.052;48.8563;2.33597;48.904;2.19864;48.8085;2.47329;12
16:08:09.054;48.8563;2.33528;48.904;2.19795;48.8085;2.47261;12
16:08:09.068;48.8563;2.33494;48.904;2.19761;48.8085;2.47226;12
16:08:09.082;48.8561;2.33459;48.9038;2.19727;48.8083;2.47192;12
16:08:09.086;48.8561;2.33425;48.9038;2.19692;48.8083;2.47158;12
16:08:09.099;48.8561;2.33391;48.9038;2.19658;48.8083;2.47123;12
16:08:09.180;48.8561;2.33356;48.9038;2.19624;48.8083;2.47089;12
16:08:09.227;48.8561;2.33322;48.9038;2.19589;48.8083;2.47055;12
16:08:09.241;48.8561;2.33288;48.9038;2.19555;48.8083;2.4702;12
16:08:09.274;48.8561;2.33253;48.9038;2.19521;48.8083;2.46986;12
16:08:09.291;48.8559;2.33253;48.9036;2.19521;48.808;2.46986;12
16:08:20.271;48.8559;2.33322;48.9036;2.19589;48.808;2.47055;12
16:08:20.285;48.8559;2.33356;48.9036;2.19624;48.808;2.47089;12
16:08:20.289;48.8559;2.33391;48.9036;2.19658;48.808;2.47123;12
16:08:20.468;48.8559;2.33425;48.9036;2.19692;48.808;2.47158;12
16:08:20.468;48.8559;2.33459;48.9036;2.19727;48.808;2.47192;12
16:08:20.494;48.8559;2.33494;48.9036;2.19761;48.808;2.47226;12
16:08:20.509;48.8559;2.33562;48.9036;2.1983;48.808;2.47295;12
16:08:20.510;48.8559;2.33597;48.9036;2.19864;48.808;2.47329;12
16:08:20.539;48.8559;2.337;48.9036;2.19967;48.808;2.47432;12
16:08:20.551;48.8559;2.33803;48.9036;2.2007;48.808;2.47535;12
16:08:20.565;48.8559;2.33906;48.9036;2.20173;48.808;2.47638;12
16:08:20.566;48.8559;2.33974;48.9036;2.20242;48.808;2.47707;12
16:08:20.580;48.8559;2.34043;48.9036;2.2031;48.808;2.47775;12
16:08:20.594;48.8559;2.34077;48.9036;2.20345;48.808;2.4781;12
16:08:20.609;48.8559;2.34146;48.9036;2.20413;48.808;2.47878;12
16:08:20.625;48.8559;2.34215;48.9036;2.20482;48.808;2.47947;12
16:08:20.645;48.8559;2.34249;48.9036;2.20516;48.808;2.47981;12
16:08:20.793;48.8556;2.34215;48.9034;2.20482;48.8078;2.47947;12
16:08:20.794;48.8556;2.34146;48.9034;2.20413;48.8078;2.47878;12
16:08:20.820;48.8556;2.34112;48.9034;2.20379;48.8078;2.47844;12
16:08:20.821;48.8556;2.34077;48.9034;2.20345;48.8078;2.4781;12
16:08:20.839;48.8556;2.33974;48.9034;2.20242;48.8078;2.47707;12
16:08:20.840;48.8556;2.3394;48.9034;2.20207;48.8078;2.47672;12
16:08:20.866;48.8556;2.33871;48.9034;2.20139;48.8078;2.47604;12
16:08:20.867;48.8554;2.33665;48.9031;2.19933;48.8076;2.47398;12
16:08:20.897;48.8554;2.33459;48.9031;2.19727;48.8076;2.47192;12
16:08:20.897;48.8554;2.33322;48.9031;2.19589;48.8076;2.47055;12
16:08:20.897;48.8552;2.33219;48.9029;2.19486;48.8074;2.46952;12
16:08:20.911;48.8552;2.33082;48.9029;2.19349;48.8074;2.46814;12
16:08:20.915;48.8549;2.32944;48.9027;2.19212;48.8072;2.46677;12
16:08:20.939;48.8549;2.32841;48.9027;2.19109;48.8072;2.46574;12
16:08:20.953;48.8547;2.32601;48.9025;2.18868;48.8069;2.46334;12
16:08:20.968;48.8545;2.3243;48.9022;2.18697;48.8067;2.46162;12
16:08:20.985;48.8545;2.32189;48.9022;2.18456;48.8067;2.45922;12
16:08:20.985;48.8545;2.32121;48.9022;2.18388;48.8067;2.45853;12
16:08:20.985;48.8543;2.32052;48.902;2.18319;48.8065;2.45784;12
16:08:21.002;48.8543;2.31915;48.902;2.18182;48.8065;2.45647;12
16:08:21.015;48.854;2.31812;48.9018;2.18079;48.8062;2.45544;12
16:08:21.016;48.854;2.31709;48.9018;2.17976;48.8062;2.45441;12
16:08:21.042;48.854;2.3164;48.9018;2.17907;48.8062;2.45372;12
16:08:21.057;48.8538;2.31468;48.9016;2.17735;48.806;2.45201;12
16:08:21.071;48.8538;2.31262;48.9016;2.17529;48.806;2.44995;12
16:08:21.072;48.8538;2.31159;48.9016;2.17426;48.806;2.44892;12
16:08:21.073;48.8536;2.31091;48.9013;2.17358;48.8058;2.44823;12
16:08:21.089;48.8536;2.31056;48.9013;2.17323;48.8058;2.44789;12
16:08:21.103;48.8536;2.30988;48.9013;2.17255;48.8058;2.4472;12
16:08:21.107;48.8534;2.30885;48.9011;2.17152;48.8056;2.44617;12
16:08:21.119;48.8534;2.3085;48.9011;2.17117;48.8056;2.44583;12
16:08:21.119;48.8534;2.30816;48.9011;2.17083;48.8056;2.44548;12
16:08:21.133;48.8534;2.30782;48.9011;2.17049;48.8056;2.44514;12
16:08:21.512;48.8534;2.30747;48.9011;2.17014;48.8056;2.4448;12
16:08:21.526;48.8534;2.30679;48.9011;2.16946;48.8056;2.44411;12
16:08:21.529;48.8534;2.30576;48.9011;2.16843;48.8056;2.44308;12
16:08:21.530;48.8534;2.30473;48.9011;2.1674;48.8056;2.44205;12
16:08:21.543;48.8534;2.3037;48.9011;2.16637;48.8056;2.44102;12
16:08:21.543;48.8534;2.30267;48.9011;2.16534;48.8056;2.43999;12
16:08:21.559;48.8534;2.30164;48.9011;2.16431;48.8056;2.43896;12
16:08:21.560;48.8534;2.30061;48.9011;2.16328;48.8056;2.43793;12
16:08:21.586;48.8534;2.29958;48.9011;2.16225;48.8056;2.4369;12
16:08:21.601;48.8534;2.29786;48.9011;2.16053;48.8056;2.43518;12
16:08:21.601;48.8534;2.29649;48.9011;2.15916;48.8056;2.43381;12
16:08:21.616;48.8534;2.2958;48.9011;2.15847;48.8056;2.43312;12
16:08:21.617;48.8534;2.29546;48.9011;2.15813;48.8056;2.43278;12
16:08:21.633;48.8534;2.29477;48.9011;2.15744;48.8056;2.43209;12
16:08:21.633;48.8534;2.29408;48.9011;2.15675;48.8056;2.43141;12
16:08:21.658;48.8534;2.2934;48.9011;2.15607;48.8056;2.43072;12
16:08:21.672;48.8534;2.29237;48.9011;2.15504;48.8056;2.42969;12
16:08:21.674;48.8534;2.29099;48.9011;2.15366;48.8056;2.42832;12
16:08:21.702;48.8534;2.29031;48.9011;2.15298;48.8056;2.42763;12
16:08:21.704;48.8534;2.28893;48.9011;2.1516;48.8056;2.42626;12
16:08:21.735;48.8534;2.28825;48.9011;2.15092;48.8056;2.42557;12
16:08:21.736;48.8534;2.28619;48.9011;2.14886;48.8056;2.42351;12
16:08:21.763;48.8534;2.2855;48.9011;2.14817;48.8056;2.42282;12
16:08:21.764;48.8534;2.28413;48.9011;2.1468;48.8056;2.42145;12
16:08:21.793;48.8534;2.28241;48.9011;2.14508;48.8056;2.41973;12
16:08:21.793;48.8534;2.28104;48.9011;2.14371;48.8056;2.41836;12
16:08:21.809;48.8534;2.28035;48.9011;2.14302;48.8056;2.41767;12
16:08:21.810;48.8534;2.27966;48.9011;2.14233;48.8056;2.41699;12
16:08:21.837;48.8534;2.27795;48.9011;2.14062;48.8056;2.41527;12
16:08:21.838;48.8534;2.27726;48.9011;2.13993;48.8056;2.41458;12
16:08:21.865;48.8534;2.27589;48.9011;2.13856;48.8056;2.41321;12
16:08:21.866;48.8531;2.27417;48.9009;2.13684;48.8053;2.41149;12
16:08:21.895;48.8531;2.27314;48.9009;2.13581;48.8053;2.41046;12
16:08:21.907;48.8529;2.27245;48.9007;2.13512;48.8051;2.40978;12
16:08:21.908;48.8529;2.27142;48.9007;2.13409;48.8051;2.40875;12
16:08:21.938;48.8529;2.26971;48.9007;2.13238;48.8051;2.40703;12
16:08:21.938;48.8527;2.26868;48.9004;2.13135;48.8049;2.406;12
16:08:21.965;48.8527;2.2673;48.9004;2.12997;48.8049;2.40463;12
16:08:21.965;48.8527;2.26696;48.9004;2.12963;48.8049;2.40428;12
16:08:21.992;48.8525;2.26559;48.9002;2.12826;48.8047;2.40291;12
16:08:21.993;48.8525;2.2649;48.9002;2.12757;48.8047;2.40222;12
16:08:22.021;48.8525;2.26387;48.9002;2.12654;48.8047;2.40119;12
16:08:22.035;48.8525;2.26353;48.9002;2.1262;48.8047;2.40085;12
16:08:22.036;48.8525;2.26284;48.9002;2.12551;48.8047;2.40016;12
16:08:22.066;48.8525;2.26181;48.9002;2.12448;48.8047;2.39913;12
16:08:22.067;48.8525;2.26112;48.9002;2.12379;48.8047;2.39845;12
16:08:22.080;48.8525;2.26078;48.9002;2.12345;48.8047;2.3981;12
16:08:22.080;48.8525;2.26044;48.9002;2.12311;48.8047;2.39776;12
16:08:22.107;48.8525;2.26009;48.9002;2.12276;48.8047;2.39742;12
16:08:22.121;48.8522;2.25941;48.9;2.12208;48.8044;2.39673;12
16:08:22.135;48.8522;2.25872;48.9;2.12139;48.8044;2.39604;12
16:08:22.149;48.8522;2.25769;48.9;2.12036;48.8044;2.39501;12
16:08:22.153;48.8522;2.25735;48.9;2.12002;48.8044;2.39467;12
16:08:22.167;48.8522;2.257;48.9;2.11967;48.8044;2.39433;12
16:08:22.171;48.8522;2.25563;48.9;2.1183;48.8044;2.39295;12
16:08:22.182;48.8522;2.25529;48.9;2.11796;48.8044;2.39261;12
16:08:22.197;48.8522;2.25391;48.9;2.11658;48.8044;2.39124;12
16:08:22.211;48.8522;2.25323;48.9;2.1159;48.8044;2.39055;12
16:08:22.226;48.852;2.25254;48.8998;2.11521;48.8042;2.38986;12
16:08:22.241;48.852;2.2522;48.8998;2.11487;48.8042;2.38952;12
16:08:22.257;48.852;2.25151;48.8998;2.11418;48.8042;2.38883;12
16:08:22.270;48.852;2.25117;48.8998;2.11384;48.8042;2.38849;12
16:08:22.298;48.852;2.25014;48.8998;2.11281;48.8042;2.38746;12
16:08:22.316;48.852;2.24945;48.8998;2.11212;48.8042;2.38677;12
16:08:22.333;48.852;2.24911;48.8998;2.11178;48.8042;2.38643;12
16:08:22.357;48.852;2.24842;48.8998;2.11109;48.8042;2.38574;12
16:08:22.373;48.852;2.24808;48.8998;2.11075;48.8042;2.3854;12
16:08:22.387;48.852;2.24773;48.8998;2.1104;48.8042;2.38506;12
16:08:22.388;48.852;2.24739;48.8998;2.11006;48.8042;2.38471;12
16:08:22.415;48.852;2.2467;48.8998;2.10938;48.8042;2.38403;12
16:08:22.419;48.852;2.24636;48.8998;2.10903;48.8042;2.38368;12
16:08:22.435;48.852;2.24602;48.8998;2.10869;48.8042;2.38334;12
16:08:22.470;48.852;2.24567;48.8998;2.10835;48.8042;2.383;12
16:08:22.549;48.852;2.24533;48.8998;2.108;48.8042;2.38265;12
16:08:22.555;48.852;2.24499;48.8998;2.10766;48.8042;2.38231;12
16:08:22.597;48.852;2.24464;48.8998;2.10732;48.8042;2.38197;12
16:08:22.624;48.852;2.2443;48.8998;2.10697;48.8042;2.38162;12
16:08:22.641;48.852;2.24396;48.8998;2.10663;48.8042;2.38128;12
16:08:22.641;48.852;2.24361;48.8998;2.10629;48.8042;2.38094;12
16:08:22.676;48.852;2.24327;48.8998;2.10594;48.8042;2.38059;12
16:08:22.693;48.852;2.24293;48.8998;2.1056;48.8042;2.38025;12
16:08:22.693;48.852;2.24258;48.8998;2.10526;48.8042;2.37991;12
16:08:22.711;48.852;2.24224;48.8998;2.10491;48.8042;2.37956;12
16:08:22.735;48.852;2.24155;48.8998;2.10423;48.8042;2.37888;12
16:08:22.751;48.852;2.24121;48.8998;2.10388;48.8042;2.37853;12
16:08:22.780;48.852;2.24087;48.8998;2.10354;48.8042;2.37819;12
16:08:22.780;48.8518;2.24052;48.8995;2.1032;48.804;2.37785;12
16:08:22.806;48.8518;2.24018;48.8995;2.10285;48.804;2.3775;12
16:08:22.822;48.8518;2.23984;48.8995;2.10251;48.804;2.37716;12
16:08:22.845;48.8518;2.23949;48.8995;2.10217;48.804;2.37682;12
16:08:22.849;48.8518;2.23915;48.8995;2.10182;48.804;2.37647;12
16:08:22.874;48.8518;2.23881;48.8995;2.10148;48.804;2.37613;12
16:08:22.875;48.8518;2.23846;48.8995;2.10114;48.804;2.37579;12
16:08:22.904;48.8518;2.23778;48.8995;2.10045;48.804;2.3751;12
16:08:22.906;48.8518;2.23743;48.8995;2.10011;48.804;2.37476;12
16:08:22.942;48.8518;2.23709;48.8995;2.09976;48.804;2.37441;12
16:08:22.943;48.8516;2.23675;48.8993;2.09942;48.8037;2.37407;12
16:08:22.982;48.8516;2.2364;48.8993;2.09908;48.8037;2.37373;12
16:08:23.022;48.8516;2.23606;48.8993;2.09873;48.8037;2.37338;12
16:08:23.169;48.8516;2.23572;48.8993;2.09839;48.8037;2.37304;12
16:08:23.198;48.8516;2.23537;48.8993;2.09805;48.8037;2.3727;12
16:08:23.212;48.8516;2.23503;48.8993;2.0977;48.8037;2.37235;12
16:08:23.227;48.8516;2.234;48.8993;2.09667;48.8037;2.37132;12
16:08:23.227;48.8516;2.23331;48.8993;2.09599;48.8037;2.37064;12
16:08:23.242;48.8516;2.23263;48.8993;2.0953;48.8037;2.36995;12
16:08:23.243;48.8516;2.23228;48.8993;2.09496;48.8037;2.36961;12
16:08:23.274;48.8516;2.2316;48.8993;2.09427;48.8037;2.36892;12
16:08:23.288;48.8516;2.23125;48.8993;2.09393;48.8037;2.36858;12
16:08:23.310;48.8516;2.23091;48.8993;2.09358;48.8037;2.36823;12
16:08:23.326;48.8516;2.23057;48.8993;2.09324;48.8037;2.36789;12
16:08:23.384;48.8516;2.23022;48.8993;2.0929;48.8037;2.36755;12
16:08:23.406;48.8516;2.22988;48.8993;2.09255;48.8037;2.36721;12
16:08:23.407;48.8516;2.22954;48.8993;2.09221;48.8037;2.36686;12
16:08:23.435;48.8516;2.22919;48.8993;2.09187;48.8037;2.36652;12
16:08:23.448;48.8516;2.22851;48.8993;2.09118;48.8037;2.36583;12
16:08:23.463;48.8516;2.22748;48.8993;2.09015;48.8037;2.3648;12
16:08:23.477;48.8516;2.22713;48.8993;2.08981;48.8037;2.36446;12
16:08:23.478;48.8516;2.2261;48.8993;2.08878;48.8037;2.36343;12
16:08:23.492;48.8516;2.22542;48.8993;2.08809;48.8037;2.36274;12
16:08:23.519;48.8516;2.22439;48.8993;2.08706;48.8037;2.36171;12
16:08:23.523;48.8516;2.22404;48.8993;2.08672;48.8037;2.36137;12
16:08:23.523;48.8516;2.22336;48.8993;2.08603;48.8037;2.36068;12
16:08:23.548;48.8516;2.22301;48.8993;2.08569;48.8037;2.36034;12
16:08:23.562;48.8516;2.22233;48.8993;2.085;48.8037;2.35965;12
16:08:23.577;48.8516;2.22164;48.8993;2.08431;48.8037;2.35897;12
16:08:23.578;48.8516;2.22095;48.8993;2.08363;48.8037;2.35828;12
16:08:23.595;48.8516;2.22061;48.8993;2.08328;48.8037;2.35794;12
16:08:23.595;48.8516;2.21992;48.8993;2.0826;48.8037;2.35725;12
16:08:23.622;48.8516;2.21924;48.8993;2.08191;48.8037;2.35656;12
16:08:23.636;48.8516;2.21821;48.8993;2.08088;48.8037;2.35553;12
16:08:23.652;48.8516;2.21684;48.8993;2.07951;48.8037;2.35416;12
16:08:23.652;48.8516;2.21581;48.8993;2.07848;48.8037;2.35313;12
16:08:23.679;48.8516;2.21443;48.8993;2.0771;48.8037;2.35176;12
16:08:23.693;48.8516;2.21409;48.8993;2.07676;48.8037;2.35141;12
16:08:23.699;48.8516;2.21306;48.8993;2.07573;48.8037;2.35038;12
16:08:23.722;48.8516;2.21237;48.8993;2.07504;48.8037;2.3497;12
16:08:23.739;48.8516;2.21169;48.8993;2.07436;48.8037;2.34901;12
16:08:23.759;48.8516;2.21134;48.8993;2.07401;48.8037;2.34867;12
16:08:23.774;48.8516;2.211;48.8993;2.07367;48.8037;2.34832;12
16:08:23.789;48.8516;2.21066;48.8993;2.07333;48.8037;2.34798;12
16:08:23.814;48.8516;2.21031;48.8993;2.07298;48.8037;2.34764;12
16:08:23.838;48.8516;2.20997;48.8993;2.07264;48.8037;2.34729;12
16:08:23.863;48.8516;2.20963;48.8993;2.0723;48.8037;2.34695;12
16:08:23.880;48.8516;2.20928;48.8993;2.07195;48.8037;2.34661;12
16:08:23.896;48.8516;2.20894;48.8993;2.07161;48.8037;2.34626;12
16:08:23.911;48.8516;2.2086;48.8993;2.07127;48.8037;2.34592;12
16:08:23.925;48.8516;2.20825;48.8993;2.07092;48.8037;2.34558;12
16:08:23.940;48.8516;2.20791;48.8993;2.07058;48.8037;2.34523;12
16:08:23.942;48.8516;2.20757;48.8993;2.07024;48.8037;2.34489;12
16:08:23.969;48.8516;2.20722;48.8993;2.06989;48.8037;2.34455;12
16:08:23.971;48.8516;2.20654;48.8993;2.06921;48.8037;2.34386;12
16:08:23.999;48.8516;2.20619;48.8993;2.06886;48.8037;2.34352;12
16:08:24.002;48.8516;2.20585;48.8993;2.06852;48.8037;2.34317;12
16:08:24.002;48.8516;2.20551;48.8993;2.06818;48.8037;2.34283;12
16:08:24.018;48.8516;2.20516;48.8993;2.06783;48.8037;2.34249;12
16:08:24.019;48.8516;2.20482;48.8993;2.06749;48.8037;2.34214;12
16:08:24.034;48.8516;2.20448;48.8993;2.06715;48.8037;2.3418;12
16:08:24.034;48.8516;2.20413;48.8993;2.0668;48.8037;2.34146;12
16:08:24.061;48.8518;2.20345;48.8995;2.06612;48.804;2.34077;12
16:08:24.064;48.8518;2.20276;48.8995;2.06543;48.804;2.34008;12
16:08:24.091;48.852;2.20207;48.8998;2.06474;48.8042;2.3394;12
16:08:24.106;48.852;2.20104;48.8998;2.06371;48.8042;2.33837;12
16:08:24.107;48.852;2.20036;48.8998;2.06303;48.8042;2.33768;12
16:08:24.108;48.8522;2.20001;48.9;2.06268;48.8044;2.33734;12
16:08:24.124;48.8522;2.19933;48.9;2.062;48.8044;2.33665;12
16:08:24.124;48.8525;2.19898;48.9002;2.06165;48.8047;2.33631;12
16:08:24.151;48.8525;2.1983;48.9002;2.06097;48.8047;2.33562;12
16:08:24.153;48.8525;2.19692;48.9002;2.05959;48.8047;2.33425;12
16:08:24.168;48.8525;2.19589;48.9002;2.05856;48.8047;2.33322;12
16:08:24.194;48.8527;2.19418;48.9004;2.05685;48.8049;2.3315;12
16:08:24.196;48.8529;2.19315;48.9007;2.05582;48.8051;2.33047;12
16:08:24.222;48.8531;2.19212;48.9009;2.05479;48.8053;2.32944;12
16:08:24.224;48.8531;2.19109;48.9009;2.05376;48.8053;2.32841;12
16:08:24.251;48.8534;2.19006;48.9011;2.05273;48.8056;2.32738;12
16:08:24.265;48.8536;2.18903;48.9013;2.0517;48.8058;2.32635;12
16:08:24.269;48.8536;2.18868;48.9013;2.05135;48.8058;2.32601;12
16:08:24.269;48.8536;2.18834;48.9013;2.05101;48.8058;2.32566;12
16:08:24.295;48.8536;2.188;48.9013;2.05067;48.8058;2.32532;12
16:08:24.296;48.8536;2.18731;48.9013;2.04998;48.8058;2.32463;12
16:08:24.311;48.8538;2.18697;48.9016;2.04964;48.806;2.32429;12
16:08:24.338;48.8538;2.18662;48.9016;2.04929;48.806;2.32395;12
16:08:24.353;48.8538;2.18628;48.9016;2.04895;48.806;2.3236;12
16:08:24.369;48.854;2.18628;48.9018;2.04895;48.8062;2.3236;12
16:08:24.873;48.854;2.18594;48.9018;2.04861;48.8062;2.32326;12
16:08:24.897;48.854;2.18559;48.9018;2.04826;48.8062;2.32292;12
16:08:24.913;48.854;2.18525;48.9018;2.04792;48.8062;2.32257;12
16:08:24.915;48.854;2.18491;48.9018;2.04758;48.8062;2.32223;12
16:08:24.916;48.854;2.18456;48.9018;2.04723;48.8062;2.32189;12
16:08:24.930;48.854;2.18422;48.9018;2.04689;48.8062;2.32154;12
16:08:24.945;48.854;2.18388;48.9018;2.04655;48.8062;2.3212;12
16:08:24.961;48.854;2.18353;48.9018;2.0462;48.8062;2.32086;12
16:08:24.961;48.854;2.18319;48.9018;2.04586;48.8062;2.32051;12
16:08:24.988;48.854;2.18285;48.9018;2.04552;48.8062;2.32017;12
16:08:25.002;48.854;2.1825;48.9018;2.04517;48.8062;2.31983;12
16:08:25.024;48.854;2.18216;48.9018;2.04483;48.8062;2.31948;12
16:08:25.038;48.854;2.18182;48.9018;2.04449;48.8062;2.31914;12
16:08:25.058;48.854;2.18147;48.9018;2.04414;48.8062;2.3188;12
16:08:25.129;48.854;2.18113;48.9018;2.0438;48.8062;2.31845;12
16:08:25.160;48.854;2.18079;48.9018;2.04346;48.8062;2.31811;12
16:08:25.192;48.854;2.18044;48.9018;2.04311;48.8062;2.31777;12
16:08:25.216;48.854;2.1801;48.9018;2.04277;48.8062;2.31742;12
16:08:25.232;48.854;2.17976;48.9018;2.04243;48.8062;2.31708;12
16:08:25.234;48.854;2.17941;48.9018;2.04208;48.8062;2.31674;12
16:08:25.262;48.8538;2.17907;48.9016;2.04174;48.806;2.31639;12
16:08:25.277;48.8538;2.17838;48.9016;2.04105;48.806;2.31571;12
16:08:25.290;48.8536;2.17804;48.9013;2.04071;48.8058;2.31536;12
16:08:25.294;48.8534;2.17804;48.9011;2.04071;48.8056;2.31536;12
16:08:25.323;48.8534;2.1777;48.9011;2.04037;48.8056;2.31502;12
16:08:25.324;48.8534;2.17735;48.9011;2.04002;48.8056;2.31468;12
16:08:25.353;48.8531;2.17735;48.9009;2.04002;48.8053;2.31468;12
16:08:25.354;48.8531;2.17701;48.9009;2.03968;48.8053;2.31433;12
16:08:25.384;48.8531;2.17667;48.9009;2.03934;48.8053;2.31399;12
16:08:25.386;48.8529;2.17667;48.9007;2.03934;48.8051;2.31399;12
16:08:25.415;48.8529;2.17598;48.9007;2.03865;48.8051;2.3133;12
16:08:25.415;48.8527;2.17598;48.9004;2.03865;48.8049;2.3133;12
16:08:25.446;48.8525;2.17564;48.9002;2.03831;48.8047;2.31296;12
16:08:25.460;48.8525;2.17495;48.9002;2.03762;48.8047;2.31227;12
16:08:25.462;48.8522;2.17495;48.9;2.03762;48.8044;2.31227;12
16:08:25.490;48.8522;2.17461;48.9;2.03728;48.8044;2.31193;12
16:08:25.504;48.852;2.17461;48.8998;2.03728;48.8042;2.31193;12
16:08:25.536;48.8518;2.17426;48.8995;2.03693;48.804;2.31159;12
16:08:25.992;48.8518;2.17392;48.8995;2.03659;48.804;2.31124;12
16:08:26.181;48.8518;2.17358;48.8995;2.03625;48.804;2.3109;12
16:08:26.208;48.8518;2.17323;48.8995;2.0359;48.804;2.31056;12
16:08:26.258;48.8518;2.17289;48.8995;2.03556;48.804;2.31021;12
16:08:26.273;48.8516;2.17289;48.8993;2.03556;48.8037;2.31021;12
16:08:26.361;48.8516;2.17255;48.8993;2.03522;48.8037;2.30987;12
16:08:26.402;48.8516;2.1722;48.8993;2.03487;48.8037;2.30953;12
16:08:26.432;48.8513;2.1722;48.8991;2.03487;48.8035;2.30953;12
16:08:26.434;48.8513;2.17186;48.8991;2.03453;48.8035;2.30918;12
16:08:26.472;48.8513;2.17152;48.8991;2.03419;48.8035;2.30884;12
16:08:26.499;48.8513;2.17117;48.8991;2.03384;48.8035;2.3085;12
16:08:26.597;48.8511;2.17117;48.8989;2.03384;48.8033;2.3085;12
16:08:26.597;48.8511;2.17083;48.8989;2.0335;48.8033;2.30815;12
16:08:26.883;48.8509;2.17083;48.8986;2.0335;48.8031;2.30815;12
16:08:26.884;48.8509;2.17049;48.8986;2.03316;48.8031;2.30781;12
16:08:26.912;48.8509;2.17014;48.8986;2.03281;48.8031;2.30747;12
16:08:26.976;48.8509;2.1698;48.8986;2.03247;48.8031;2.30712;12
16:08:27.216;48.8509;2.16946;48.8986;2.03213;48.8031;2.30678;12
16:08:27.232;48.8507;2.16946;48.8984;2.03213;48.8028;2.30678;12
16:08:27.250;48.8507;2.16911;48.8984;2.03178;48.8028;2.30644;12
16:08:27.265;48.8507;2.16877;48.8984;2.03144;48.8028;2.30609;12
16:08:27.280;48.8507;2.16843;48.8984;2.0311;48.8028;2.30575;12
16:08:27.312;48.8507;2.16808;48.8984;2.03075;48.8028;2.30541;12
16:08:27.336;48.8504;2.16808;48.8982;2.03075;48.8026;2.30541;12
16:08:35.075;48.8504;2.16774;48.8982;2.03041;48.8026;2.30506;12
16:08:35.078;48.8504;2.1674;48.8982;2.03007;48.8026;2.30472;12
16:08:35.105;48.8504;2.16637;48.8982;2.02904;48.8026;2.30369;12
16:08:35.119;48.8504;2.16534;48.8982;2.02801;48.8026;2.30266;12
16:08:35.134;48.8504;2.16362;48.8982;2.02629;48.8026;2.30094;12
16:08:35.150;48.8504;2.16259;48.8982;2.02526;48.8026;2.29991;12
16:08:35.152;48.8504;2.1619;48.8982;2.02457;48.8026;2.29923;12
16:08:35.152;48.8504;2.16122;48.8982;2.02389;48.8026;2.29854;12
16:08:35.181;48.85;2.16019;48.8977;2.02286;48.8022;2.29751;12
16:08:35.194;48.85;2.1595;48.8977;2.02217;48.8022;2.29682;12
16:08:35.199;48.85;2.15881;48.8977;2.02148;48.8022;2.29614;12
16:08:35.226;48.85;2.15813;48.8977;2.0208;48.8022;2.29545;12
16:08:35.228;48.85;2.15778;48.8977;2.02045;48.8022;2.29511;12
16:08:35.261;48.85;2.15744;48.8977;2.02011;48.8022;2.29476;12
16:08:35.264;48.85;2.1571;48.8977;2.01977;48.8022;2.29442;12
16:08:35.265;48.85;2.15675;48.8977;2.01942;48.8022;2.29408;12
16:08:35.300;48.85;2.15641;48.8977;2.01908;48.8022;2.29373;12
16:08:35.334;48.85;2.15607;48.8977;2.01874;48.8022;2.29339;12
16:08:35.336;48.85;2.15572;48.8977;2.01839;48.8022;2.29305;12
16:08:35.365;48.8498;2.15572;48.8975;2.01839;48.8019;2.29305;12
16:08:35.379;48.8498;2.15538;48.8975;2.01805;48.8019;2.2927;12
16:08:35.396;48.8498;2.15504;48.8975;2.01771;48.8019;2.29236;12
16:08:35.412;48.8495;2.15469;48.8973;2.01736;48.8017;2.29202;12
16:08:35.416;48.8495;2.15435;48.8973;2.01702;48.8017;2.29167;12
16:08:35.416;48.8493;2.15435;48.897;2.01702;48.8015;2.29167;12
16:08:35.432;48.8493;2.15401;48.897;2.01668;48.8015;2.29133;12
16:08:35.432;48.8493;2.15366;48.897;2.01633;48.8015;2.29099;12
16:08:35.448;48.8493;2.15332;48.897;2.01599;48.8015;2.29064;12
16:08:35.448;48.8491;2.15298;48.8968;2.01565;48.8013;2.2903;12
16:08:35.481;48.8491;2.15229;48.8968;2.01496;48.8013;2.28961;12
16:08:35.495;48.8486;2.1516;48.8964;2.01427;48.8008;2.28893;12
16:08:35.510;48.8486;2.15126;48.8964;2.01393;48.8008;2.28858;12
16:08:35.513;48.8484;2.15092;48.8961;2.01359;48.8006;2.28824;12
16:08:35.513;48.8484;2.15057;48.8961;2.01324;48.8006;2.2879;12
16:08:35.542;48.8484;2.15023;48.8961;2.0129;48.8006;2.28755;12
16:08:35.557;48.8482;2.14989;48.8959;2.01256;48.8004;2.28721;12
16:08:35.574;48.8479;2.14954;48.8957;2.01221;48.8001;2.28687;12
16:08:35.591;48.8479;2.1492;48.8957;2.01187;48.8001;2.28652;12
16:08:35.593;48.8477;2.14886;48.8955;2.01153;48.7999;2.28618;12
16:08:35.628;48.8477;2.14851;48.8955;2.01118;48.7999;2.28584;12
16:08:35.630;48.8475;2.14817;48.8952;2.01084;48.7997;2.28549;12
16:08:35.658;48.8475;2.14783;48.8952;2.0105;48.7997;2.28515;12
16:08:35.672;48.8473;2.14714;48.895;2.00981;48.7995;2.28446;12
16:08:35.687;48.8473;2.1468;48.895;2.00947;48.7995;2.28412;12
16:08:35.703;48.847;2.14611;48.8948;2.00878;48.7992;2.28343;12
16:08:35.704;48.847;2.14577;48.8948;2.00844;48.7992;2.28309;12
16:08:35.719;48.8468;2.14542;48.8946;2.00809;48.799;2.28275;12
16:08:35.722;48.8466;2.14508;48.8943;2.00775;48.7988;2.2824;12
16:08:35.740;48.8466;2.14439;48.8943;2.00706;48.7988;2.28172;12
16:08:35.773;48.8464;2.14405;48.8941;2.00672;48.7985;2.28137;12
16:08:35.830;48.8464;2.14371;48.8941;2.00638;48.7985;2.28103;12
16:08:46.175;48.8464;2.14336;48.8941;2.00603;48.7985;2.28069;12
16:08:46.176;48.8464;2.14268;48.8941;2.00535;48.7985;2.28;12
16:08:46.192;48.8464;2.14199;48.8941;2.00466;48.7985;2.27931;12
16:08:46.193;48.8464;2.1413;48.8941;2.00397;48.7985;2.27863;12
16:08:46.206;48.8464;2.14062;48.8941;2.00329;48.7985;2.27794;12
16:08:46.209;48.8464;2.13993;48.8941;2.0026;48.7985;2.27725;12
16:08:46.235;48.8464;2.1389;48.8941;2.00157;48.7985;2.27622;12
16:08:46.237;48.8464;2.13821;48.8941;2.00089;48.7985;2.27554;12
16:08:46.251;48.8464;2.13753;48.8941;2.0002;48.7985;2.27485;12
16:08:46.255;48.8464;2.13718;48.8941;1.99986;48.7985;2.27451;12
16:08:46.255;48.8464;2.13684;48.8941;1.99951;48.7985;2.27416;12
16:08:46.271;48.8464;2.13581;48.8941;1.99848;48.7985;2.27313;12
16:08:46.271;48.8464;2.13547;48.8941;1.99814;48.7985;2.27279;12
16:08:46.287;48.8464;2.13512;48.8941;1.9978;48.7985;2.27245;12
16:08:46.287;48.8464;2.13444;48.8941;1.99711;48.7985;2.27176;12
16:08:46.318;48.8464;2.13409;48.8941;1.99677;48.7985;2.27142;12
16:08:46.319;48.8464;2.13375;48.8941;1.99642;48.7985;2.27107;12
16:08:46.348;48.8464;2.13306;48.8941;1.99574;48.7985;2.27039;12
16:08:46.371;48.8464;2.13272;48.8941;1.99539;48.7985;2.27004;12
16:08:46.420;48.8464;2.13238;48.8941;1.99505;48.7985;2.2697;12
16:08:46.649;48.8464;2.13203;48.8941;1.99471;48.7985;2.26936;12
16:08:47.482;48.8464;2.13238;48.8941;1.99505;48.7985;2.2697;12
16:08:47.600;48.8464;2.13272;48.8941;1.99539;48.7985;2.27004;12
16:08:48.457;48.8464;2.13238;48.8941;1.99505;48.7985;2.2697;12
16:08:48.457;48.8457;2.131;48.8934;1.99368;48.7979;2.26833;12
16:08:48.474;48.8452;2.13032;48.893;1.99299;48.7974;2.26764;12
16:08:48.475;48.845;2.12963;48.8928;1.9923;48.7972;2.26695;12
16:08:48.492;48.8446;2.1286;48.8923;1.99127;48.7967;2.26592;12
16:08:48.492;48.8443;2.12791;48.8921;1.99059;48.7965;2.26524;12
16:08:48.505;48.8439;2.12688;48.8916;1.98956;48.7961;2.26421;12
16:08:48.506;48.8432;2.12517;48.891;1.98784;48.7954;2.26249;12
16:08:48.521;48.8432;2.12482;48.891;1.9875;48.7954;2.26215;12
16:08:48.522;48.843;2.12379;48.8907;1.98647;48.7952;2.26112;12
16:08:48.549;48.8425;2.12173;48.8903;1.98441;48.7947;2.25906;12
16:08:48.552;48.8425;2.12139;48.8903;1.98406;48.7947;2.25872;12
16:08:48.553;48.8425;2.1207;48.8903;1.98338;48.7947;2.25803;12
16:08:48.569;48.8425;2.12002;48.8903;1.98269;48.7947;2.25734;12
16:08:48.569;48.8425;2.11933;48.8903;1.982;48.7947;2.25666;12
16:08:48.585;48.8425;2.11899;48.8903;1.98166;48.7947;2.25631;12
16:08:48.585;48.8425;2.1183;48.8903;1.98097;48.7947;2.25563;12
16:08:48.601;48.8425;2.11796;48.8903;1.98063;48.7947;2.25528;12
16:08:48.602;48.8425;2.11761;48.8903;1.98029;48.7947;2.25494;12
16:08:48.618;48.8425;2.11727;48.8903;1.97994;48.7947;2.2546;12
16:08:48.618;48.8425;2.11693;48.8903;1.9796;48.7947;2.25425;12
16:08:48.646;48.8425;2.11624;48.8903;1.97891;48.7947;2.25357;12
16:08:48.663;48.8427;2.11521;48.8905;1.97788;48.7949;2.25254;12
16:08:48.664;48.8427;2.11487;48.8905;1.97754;48.7949;2.25219;12
16:08:48.680;48.843;2.11452;48.8907;1.9772;48.7952;2.25185;12
16:08:48.681;48.8432;2.11418;48.891;1.97685;48.7954;2.25151;12
16:08:48.698;48.8432;2.11384;48.891;1.97651;48.7954;2.25116;12
16:08:48.698;48.8434;2.11315;48.8912;1.97582;48.7956;2.25048;12
16:08:48.725;48.8434;2.11281;48.8912;1.97548;48.7956;2.25013;12
16:08:48.741;48.8437;2.11281;48.8914;1.97548;48.7958;2.25013;12
16:08:48.772;48.8439;2.11281;48.8916;1.97548;48.7961;2.25013;12
16:08:48.869;48.8439;2.11315;48.8916;1.97582;48.7961;2.25048;12
16:08:48.886;48.8439;2.11349;48.8916;1.97617;48.7961;2.25082;12
16:08:48.941;48.8439;2.11384;48.8916;1.97651;48.7961;2.25116;12
16:09:58.540;48.8437;2.11384;48.8914;1.97651;48.7958;2.25116;12
16:09:58.552;48.8434;2.11384;48.8912;1.97651;48.7956;2.25116;12
16:09:58.572;48.8432;2.11384;48.891;1.97651;48.7954;2.25116;12
16:09:58.587;48.843;2.11384;48.8907;1.97651;48.7952;2.25116;12
16:09:58.602;48.8427;2.11384;48.8905;1.97651;48.7949;2.25116;12
16:09:58.604;48.8423;2.11384;48.8901;1.97651;48.7945;2.25116;12
16:09:58.633;48.8421;2.11384;48.8898;1.97651;48.7943;2.25116;12
16:09:58.647;48.8416;2.11384;48.8894;1.97651;48.7938;2.25116;12
16:09:58.649;48.8414;2.11349;48.8891;1.97617;48.7936;2.25082;12
16:09:58.678;48.8412;2.11315;48.8889;1.97582;48.7934;2.25048;12
16:09:58.679;48.8412;2.11281;48.8889;1.97548;48.7934;2.25013;12
16:09:58.681;48.8407;2.11246;48.8885;1.97514;48.7929;2.24979;12
16:09:58.699;48.8407;2.11212;48.8885;1.97479;48.7929;2.24945;12
16:09:58.699;48.8403;2.11143;48.888;1.97411;48.7924;2.24876;12
16:09:58.726;48.8396;2.1104;48.8873;1.97308;48.7918;2.24773;12
16:09:58.728;48.8394;2.11006;48.8871;1.97273;48.7915;2.24739;12
16:09:58.730;48.8391;2.10938;48.8869;1.97205;48.7913;2.2467;12
16:09:58.758;48.8387;2.10869;48.8864;1.97136;48.7909;2.24601;12
16:09:58.760;48.8385;2.10835;48.8862;1.97102;48.7906;2.24567;12
16:09:58.789;48.8382;2.10835;48.886;1.97102;48.7904;2.24567;12
16:09:58.821;48.8382;2.108;48.886;1.97067;48.7904;2.24533;12
16:09:58.839;48.838;2.10766;48.8858;1.97033;48.7902;2.24498;12
16:09:58.839;48.8378;2.10732;48.8855;1.96999;48.79;2.24464;12
16:09:58.857;48.8376;2.10697;48.8853;1.96964;48.7897;2.2443;12
16:09:58.857;48.8373;2.10663;48.8851;1.9693;48.7895;2.24395;12
16:09:58.874;48.8371;2.10629;48.8849;1.96896;48.7893;2.24361;12
16:09:58.875;48.8369;2.10594;48.8846;1.96861;48.7891;2.24327;12
16:09:58.891;48.8364;2.1056;48.8842;1.96827;48.7886;2.24292;12
16:09:58.892;48.8364;2.10526;48.8842;1.96793;48.7886;2.24258;12
16:09:58.917;48.836;2.10457;48.8837;1.96724;48.7882;2.24189;12
16:09:58.919;48.8357;2.10423;48.8835;1.9669;48.7879;2.24155;12
16:09:58.921;48.8355;2.10388;48.8833;1.96655;48.7877;2.24121;12
16:09:58.950;48.8348;2.10251;48.8826;1.96518;48.787;2.23983;12
16:09:58.952;48.8339;2.10079;48.8817;1.96346;48.7861;2.23812;12
16:09:58.968;48.8335;2.10011;48.8812;1.96278;48.7857;2.23743;12
16:09:58.969;48.8332;2.09908;48.881;1.96175;48.7854;2.2364;12
16:09:58.985;48.8324;2.09805;48.8801;1.96072;48.7845;2.23537;12
16:09:58.985;48.8321;2.0977;48.8799;1.96037;48.7843;2.23503;12
16:09:59.001;48.8314;2.09633;48.8792;1.959;48.7836;2.23365;12
16:09:59.001;48.8312;2.09564;48.879;1.95831;48.7834;2.23297;12
16:09:59.016;48.8308;2.09496;48.8785;1.95763;48.783;2.23228;12
16:09:59.018;48.8305;2.09393;48.8783;1.9566;48.7827;2.23125;12
16:09:59.034;48.8301;2.09358;48.8779;1.95625;48.7823;2.23091;12
16:09:59.034;48.8299;2.09255;48.8776;1.95522;48.782;2.22988;12
16:09:59.063;48.8294;2.09187;48.8772;1.95454;48.7816;2.22919;12
16:09:59.079;48.829;2.09084;48.8767;1.95351;48.7811;2.22816;12
16:09:59.093;48.8287;2.08981;48.8765;1.95248;48.7809;2.22713;12
16:09:59.097;48.8283;2.08946;48.8761;1.95213;48.7805;2.22679;12
16:09:59.098;48.8283;2.08843;48.8761;1.9511;48.7805;2.22576;12
16:09:59.128;48.8276;2.0874;48.8754;1.95007;48.7798;2.22473;12
16:09:59.143;48.8271;2.08603;48.8749;1.9487;48.7793;2.22335;12
16:09:59.145;48.8265;2.08431;48.8742;1.94698;48.7786;2.22164;12
16:09:59.162;48.8262;2.08431;48.874;1.94698;48.7784;2.22164;12
16:09:59.162;48.826;2.08363;48.8738;1.9463;48.7782;2.22095;12
16:09:59.190;48.8256;2.0826;48.8733;1.94527;48.7777;2.21992;12
16:09:59.192;48.8253;2.08191;48.8731;1.94458;48.7775;2.21923;12
16:09:59.194;48.8251;2.08157;48.8729;1.94424;48.7773;2.21889;12
16:09:59.224;48.8251;2.08088;48.8729;1.94355;48.7773;2.2182;12
16:09:59.228;48.8249;2.08054;48.8727;1.94321;48.7771;2.21786;12
16:09:59.259;48.8247;2.08019;48.8725;1.94286;48.7768;2.21752;12
16:09:59.263;48.8244;2.07985;48.8722;1.94252;48.7766;2.21717;12
16:09:59.277;48.8242;2.07951;48.872;1.94218;48.7764;2.21683;12
16:09:59.291;48.8242;2.07916;48.872;1.94183;48.7764;2.21649;12
16:09:59.307;48.824;2.07882;48.8718;1.94149;48.7762;2.21614;12
16:09:59.322;48.8235;2.07882;48.8713;1.94149;48.7757;2.21614;12
16:09:59.349;48.8235;2.07848;48.8713;1.94115;48.7757;2.2158;12
16:09:59.365;48.8233;2.07848;48.8711;1.94115;48.7755;2.2158;12
16:09:59.706;48.8231;2.07813;48.8709;1.9408;48.7752;2.21546;12
16:09:59.706;48.8208;2.07367;48.8686;1.93634;48.773;2.21099;12
16:09:59.754;48.8197;2.07058;48.8675;1.93325;48.7719;2.2079;12
16:09:59.757;48.8165;2.06131;48.8643;1.92398;48.7687;2.19863;12
16:09:59.772;48.8158;2.05959;48.8636;1.92226;48.768;2.19692;12
16:09:59.775;48.8152;2.05753;48.863;1.9202;48.7673;2.19486;12
16:09:59.792;48.8147;2.05616;48.8625;1.91883;48.7669;2.19348;12
16:09:59.807;48.814;2.05444;48.8618;1.91711;48.7662;2.19177;12
16:09:59.822;48.8131;2.05135;48.8609;1.91402;48.7653;2.18868;12
16:09:59.828;48.8127;2.04964;48.8605;1.91231;48.7649;2.18696;12
16:09:59.844;48.8122;2.04861;48.86;1.91128;48.7644;2.18593;12
16:09:59.847;48.8118;2.04723;48.8596;1.9099;48.7639;2.18456;12
16:09:59.864;48.8118;2.04655;48.8596;1.90922;48.7639;2.18387;12
16:09:59.864;48.8116;2.04586;48.8593;1.90853;48.7637;2.18318;12
16:09:59.884;48.8111;2.04414;48.8589;1.90681;48.7633;2.18147;12
16:09:59.909;48.8109;2.04311;48.8587;1.90578;48.763;2.18044;12
16:09:59.911;48.8102;2.04071;48.858;1.90338;48.7624;2.17803;12
16:09:59.928;48.8102;2.03968;48.858;1.90235;48.7624;2.177;12
16:09:59.928;48.81;2.03796;48.8578;1.90063;48.7621;2.17529;12
16:09:59.957;48.8095;2.03556;48.8573;1.89823;48.7617;2.17288;12
16:09:59.960;48.8091;2.03247;48.8569;1.89514;48.7612;2.16979;12
16:09:59.977;48.8088;2.03144;48.8566;1.89411;48.761;2.16876;12
16:09:59.977;48.8088;2.02972;48.8566;1.8924;48.761;2.16705;12
16:10:00.005;48.8088;2.02732;48.8566;1.88999;48.761;2.16464;12
16:10:00.453;48.8088;2.01839;48.8566;1.88107;48.761;2.15572;12
16:10:00.622;48.8088;2.01805;48.8566;1.88072;48.761;2.15537;12
16:10:00.638;48.8088;2.01668;48.8566;1.87935;48.761;2.154;12
16:10:00.641;48.8088;2.01496;48.8566;1.87763;48.761;2.15228;12
16:10:00.656;48.8079;2.01221;48.8557;1.87489;48.7601;2.14954;12
16:10:00.684;48.8073;2.01084;48.8551;1.87351;48.7594;2.14817;12
16:10:00.700;48.8066;2.00947;48.8544;1.87214;48.7587;2.14679;12
16:10:00.715;48.8061;2.00878;48.8539;1.87145;48.7583;2.14611;12
16:10:00.731;48.8059;2.00878;48.8537;1.87145;48.7581;2.14611;12
16:10:00.747;48.8057;2.00878;48.8535;1.87145;48.7578;2.14611;12
16:10:00.809;48.8055;2.00878;48.8532;1.87145;48.7576;2.14611;12
16:10:00.851;48.8052;2.00878;48.853;1.87145;48.7574;2.14611;12
16:10:00.882;48.8048;2.00878;48.8526;1.87145;48.7569;2.14611;12
16:10:00.886;48.8048;2.00844;48.8526;1.87111;48.7569;2.14576;12
16:10:00.886;48.8043;2.00809;48.8521;1.87077;48.7565;2.14542;12
16:10:00.915;48.8036;2.00775;48.8514;1.87042;48.7558;2.14508;12
16:10:00.930;48.8032;2.00741;48.851;1.87008;48.7553;2.14473;12
16:10:00.936;48.8032;2.00706;48.851;1.86974;48.7553;2.14439;12
16:10:00.936;48.8027;2.00706;48.8505;1.86974;48.7549;2.14439;12
16:10:00.961;48.8025;2.00672;48.8503;1.86939;48.7547;2.14405;12
16:10:00.964;48.8023;2.00672;48.8501;1.86939;48.7544;2.14405;12
16:10:00.964;48.8023;2.00638;48.8501;1.86905;48.7544;2.1437;12
16:10:00.991;48.8021;2.00638;48.8499;1.86905;48.7542;2.1437;12
16:10:01.008;48.8018;2.00603;48.8496;1.86871;48.754;2.14336;12
16:10:01.025;48.8016;2.00603;48.8494;1.86871;48.7538;2.14336;12
16:10:01.042;48.8014;2.00569;48.8492;1.86836;48.7535;2.14302;12
16:10:01.065;48.8012;2.00535;48.849;1.86802;48.7533;2.14267;12
16:10:01.067;48.8012;2.005;48.849;1.86768;48.7533;2.14233;12
16:10:01.084;48.8009;2.005;48.8487;1.86768;48.7531;2.14233;12
16:10:01.085;48.8009;2.00466;48.8487;1.86733;48.7531;2.14199;12
16:10:01.113;48.8005;2.00397;48.8483;1.86665;48.7526;2.1413;12
16:10:01.114;48.8003;2.00363;48.848;1.8663;48.7524;2.14096;12
16:10:01.116;48.8;2.00294;48.8478;1.86562;48.7522;2.14027;12
16:10:01.130;48.7996;2.0026;48.8474;1.86527;48.7517;2.13993;12
16:10:01.132;48.7993;2.00226;48.8471;1.86493;48.7515;2.13958;12
16:10:01.148;48.7989;2.00157;48.8467;1.86424;48.751;2.1389;12
16:10:01.148;48.7987;2.00123;48.8465;1.8639;48.7508;2.13855;12
16:10:01.163;48.7987;2.00089;48.8465;1.86356;48.7508;2.13821;12
16:10:01.165;48.7984;2.00054;48.8462;1.86321;48.7506;2.13787;12
16:10:01.179;48.7982;2.0002;48.846;1.86287;48.7504;2.13752;12
16:10:01.181;48.798;1.99986;48.8458;1.86253;48.7501;2.13718;12
16:10:01.196;48.798;1.99951;48.8458;1.86218;48.7501;2.13684;12
16:10:01.197;48.7975;1.99917;48.8453;1.86184;48.7497;2.13649;12
16:10:01.212;48.7975;1.99883;48.8453;1.8615;48.7497;2.13615;12
16:10:01.213;48.7973;1.99848;48.8451;1.86115;48.7495;2.13581;12
16:10:01.243;48.7971;1.99814;48.8449;1.86081;48.7492;2.13546;12
16:10:01.243;48.7971;1.9978;48.8449;1.86047;48.7492;2.13512;12
16:10:01.270;48.7968;1.99745;48.8447;1.86012;48.749;2.13478;12
16:10:01.297;48.7968;1.99711;48.8447;1.85978;48.749;2.13443;12
16:10:01.313;48.7968;1.99677;48.8447;1.85944;48.749;2.13409;12
16:10:01.344;48.7968;1.99642;48.8447;1.85909;48.749;2.13375;12
16:10:01.405;48.7966;1.99642;48.8444;1.85909;48.7488;2.13375;12
16:10:01.422;48.7962;1.99505;48.844;1.85772;48.7483;2.13237;12
16:10:01.438;48.7957;1.99436;48.8435;1.85703;48.7479;2.13169;12
16:10:01.439;48.7953;1.99368;48.8431;1.85635;48.7474;2.131;12
16:10:01.469;48.795;1.99299;48.8429;1.85566;48.7472;2.13031;12
16:10:01.473;48.7946;1.9923;48.8424;1.85497;48.7467;2.12963;12
16:10:01.497;48.7944;1.99196;48.8422;1.85463;48.7465;2.12928;12
16:10:01.518;48.7944;1.99162;48.8422;1.85429;48.7465;2.12894;12
16:10:01.535;48.7944;1.99127;48.8422;1.85394;48.7465;2.1286;12
16:10:01.687;48.7946;1.99162;48.8424;1.85429;48.7467;2.12894;12
16:10:01.698;48.795;1.99162;48.8429;1.85429;48.7472;2.12894;12
16:10:01.699;48.795;1.99196;48.8429;1.85463;48.7472;2.12928;12
16:10:01.741;48.7957;1.9923;48.8435;1.85497;48.7479;2.12963;12
16:10:01.741;48.796;1.99265;48.8438;1.85532;48.7481;2.12997;12
16:10:01.772;48.7964;1.99299;48.8442;1.85566;48.7486;2.13031;12
16:10:01.787;48.7966;1.99333;48.8444;1.856;48.7488;2.13066;12
16:10:01.789;48.7968;1.99368;48.8447;1.85635;48.749;2.131;12
16:10:01.803;48.7973;1.99436;48.8451;1.85703;48.7495;2.13169;12
16:10:01.818;48.7975;1.99471;48.8453;1.85738;48.7497;2.13203;12
16:10:01.819;48.7978;1.99471;48.8456;1.85738;48.7499;2.13203;12
16:10:01.833;48.798;1.99505;48.8458;1.85772;48.7501;2.13237;12
16:10:01.835;48.7982;1.99505;48.846;1.85772;48.7504;2.13237;12
16:10:01.855;48.7984;1.99539;48.8462;1.85806;48.7506;2.13272;12
16:10:01.877;48.7987;1.99574;48.8465;1.85841;48.7508;2.13306;12
16:10:01.890;48.7991;1.99677;48.8469;1.85944;48.7513;2.13409;12
16:10:01.891;48.7998;1.99745;48.8476;1.86012;48.7519;2.13478;12
16:10:01.919;48.8005;1.99814;48.8483;1.86081;48.7526;2.13546;12
16:10:01.920;48.8007;1.99848;48.8485;1.86115;48.7528;2.13581;12
16:10:01.922;48.8012;1.99883;48.849;1.8615;48.7533;2.13615;12
16:10:01.950;48.8014;1.99917;48.8492;1.86184;48.7535;2.13649;12
16:10:01.965;48.8021;1.99986;48.8499;1.86253;48.7542;2.13718;12
16:10:01.965;48.8025;2.00089;48.8503;1.86356;48.7547;2.13821;12
16:10:01.995;48.8034;2.00157;48.8512;1.86424;48.7556;2.1389;12
16:10:02.010;48.8041;2.00226;48.8519;1.86493;48.7562;2.13958;12
16:10:02.026;48.8048;2.00329;48.8526;1.86596;48.7569;2.14061;12
16:10:02.042;48.8052;2.00397;48.853;1.86665;48.7574;2.1413;12
16:10:02.044;48.8061;2.005;48.8539;1.86768;48.7583;2.14233;12
16:10:02.076;48.807;2.00569;48.8548;1.86836;48.7592;2.14302;12
16:10:02.092;48.8077;2.00672;48.8555;1.86939;48.7599;2.14405;12
16:10:02.095;48.8084;2.00741;48.8562;1.87008;48.7606;2.14473;12
16:10:02.123;48.8086;2.00775;48.8564;1.87042;48.7608;2.14508;12
16:10:02.125;48.8093;2.00878;48.8571;1.87145;48.7615;2.14611;12
16:10:02.154;48.81;2.00947;48.8578;1.87214;48.7621;2.14679;12
16:10:02.171;48.8104;2.0105;48.8582;1.87317;48.7626;2.14782;12
16:10:02.185;48.8111;2.01153;48.8589;1.8742;48.7633;2.14885;12
16:10:02.201;48.8116;2.01221;48.8593;1.87489;48.7637;2.14954;12
16:10:02.205;48.812;2.0129;48.8598;1.87557;48.7642;2.15023;12
16:10:02.222;48.812;2.01324;48.8598;1.87592;48.7642;2.15057;12
16:10:02.223;48.8122;2.01324;48.86;1.87592;48.7644;2.15057;12
16:10:02.248;48.8125;2.01359;48.8602;1.87626;48.7646;2.15091;12
16:10:02.251;48.8125;2.01393;48.8602;1.8766;48.7646;2.15126;12
16:10:02.288;48.8127;2.01393;48.8605;1.8766;48.7649;2.15126;12
16:10:02.311;48.8127;2.01427;48.8605;1.87695;48.7649;2.1516;12
16:10:02.359;48.8129;2.01427;48.8607;1.87695;48.7651;2.1516;12
16:10:02.448;48.8127;2.01427;48.8605;1.87695;48.7649;2.1516;12
16:10:02.448;48.8118;2.01393;48.8596;1.8766;48.7639;2.15126;12
16:10:02.463;48.8116;2.01324;48.8593;1.87592;48.7637;2.15057;12
16:10:02.468;48.8109;2.01324;48.8587;1.87592;48.763;2.15057;12
16:10:02.468;48.8106;2.0129;48.8584;1.87557;48.7628;2.15023;12
16:10:02.496;48.8097;2.01221;48.8575;1.87489;48.7619;2.14954;12
16:10:02.499;48.8091;2.01153;48.8569;1.8742;48.7612;2.14885;12
16:10:02.516;48.8088;2.01153;48.8566;1.8742;48.761;2.14885;12
16:10:02.517;48.8086;2.01084;48.8564;1.87351;48.7608;2.14817;12
16:10:02.545;48.8082;2.0105;48.856;1.87317;48.7603;2.14782;12
16:10:02.561;48.8077;2.01015;48.8555;1.87283;48.7599;2.14748;12
16:10:02.576;48.8075;2.00981;48.8553;1.87248;48.7596;2.14714;12
16:10:02.592;48.8073;2.00947;48.8551;1.87214;48.7594;2.14679;12
16:10:02.608;48.807;2.00912;48.8548;1.8718;48.7592;2.14645;12
16:10:02.631;48.807;2.00878;48.8548;1.87145;48.7592;2.14611;12
16:10:02.647;48.8068;2.00878;48.8546;1.87145;48.759;2.14611;12
16:10:02.664;48.8068;2.00844;48.8546;1.87111;48.759;2.14576;12
16:10:02.691;48.8066;2.00809;48.8544;1.87077;48.7587;2.14542;12
16:10:02.744;48.8064;2.00809;48.8541;1.87077;48.7585;2.14542;12
16:10:02.760;48.8061;2.00775;48.8539;1.87042;48.7583;2.14508;12
16:10:02.791;48.8059;2.00775;48.8537;1.87042;48.7581;2.14508;12
16:10:02.807;48.8059;2.00741;48.8537;1.87008;48.7581;2.14473;12
16:10:02.823;48.8059;2.00706;48.8537;1.86974;48.7581;2.14439;12
16:10:02.839;48.8057;2.00706;48.8535;1.86974;48.7578;2.14439;12
16:10:02.856;48.8055;2.00706;48.8532;1.86974;48.7576;2.14439;12
16:10:02.873;48.8055;2.00672;48.8532;1.86939;48.7576;2.14405;12
16:10:02.874;48.8052;2.00672;48.853;1.86939;48.7574;2.14405;12
16:10:02.904;48.8052;2.00638;48.853;1.86905;48.7574;2.1437;12
16:10:02.922;48.805;2.00638;48.8528;1.86905;48.7571;2.1437;12
16:10:02.951;48.805;2.00603;48.8528;1.86871;48.7571;2.14336;12
16:10:02.976;48.805;2.00569;48.8528;1.86836;48.7571;2.14302;12
16:10:03.015;48.8048;2.00569;48.8526;1.86836;48.7569;2.14302;12
16:10:03.047;48.8045;2.00569;48.8523;1.86836;48.7567;2.14302;12
16:10:03.087;48.8045;2.00535;48.8523;1.86802;48.7567;2.14267;12
16:10:03.102;48.8043;2.00535;48.8521;1.86802;48.7565;2.14267;12
16:10:03.127;48.8041;2.00535;48.8519;1.86802;48.7562;2.14267;12
16:10:03.143;48.8039;2.00535;48.8517;1.86802;48.756;2.14267;12
16:10:03.183;48.8036;2.00535;48.8514;1.86802;48.7558;2.14267;12
16:10:03.200;48.8036;2.005;48.8514;1.86768;48.7558;2.14233;12
16:10:03.214;48.8036;2.00466;48.8514;1.86733;48.7558;2.14199;12
16:10:03.229;48.8034;2.00466;48.8512;1.86733;48.7556;2.14199;12
16:10:03.264;48.8034;2.00432;48.8512;1.86699;48.7556;2.14164;12
16:10:03.281;48.8032;2.00397;48.851;1.86665;48.7553;2.1413;12
16:10:03.285;48.803;2.00363;48.8508;1.8663;48.7551;2.14096;12
16:10:03.303;48.803;2.00329;48.8508;1.86596;48.7551;2.14061;12
16:10:03.303;48.8027;2.00329;48.8505;1.86596;48.7549;2.14061;12
16:10:03.315;48.8025;2.0026;48.8503;1.86527;48.7547;2.13993;12
16:10:03.342;48.8023;2.00226;48.8501;1.86493;48.7544;2.13958;12
16:10:03.358;48.8023;2.00191;48.8501;1.86459;48.7544;2.13924;12
16:10:03.372;48.8021;2.00191;48.8499;1.86459;48.7542;2.13924;12
16:10:03.386;48.8018;2.00157;48.8496;1.86424;48.754;2.1389;12
16:10:03.400;48.8016;2.00123;48.8494;1.8639;48.7538;2.13855;12
16:10:03.415;48.8014;2.00123;48.8492;1.8639;48.7535;2.13855;12
16:10:03.470;48.8012;2.00123;48.849;1.8639;48.7533;2.13855;12
16:10:03.475;48.8012;2.00089;48.849;1.86356;48.7533;2.13821;12
16:10:03.526;48.8012;2.00054;48.849;1.86321;48.7533;2.13787;12
16:10:03.574;48.8009;2.00054;48.8487;1.86321;48.7531;2.13787;12
16:10:03.592;48.8007;2.00054;48.8485;1.86321;48.7528;2.13787;12
16:10:03.747;48.8009;2.00054;48.8487;1.86321;48.7531;2.13787;12
16:10:03.774;48.8012;2.00054;48.849;1.86321;48.7533;2.13787;12
16:10:03.791;48.8014;2.00054;48.8492;1.86321;48.7535;2.13787;12
16:10:03.806;48.8016;2.00054;48.8494;1.86321;48.7538;2.13787;12
16:10:03.821;48.8016;2.00089;48.8494;1.86356;48.7538;2.13821;12
16:10:03.824;48.8018;2.00089;48.8496;1.86356;48.754;2.13821;12
16:10:03.824;48.8021;2.00123;48.8499;1.8639;48.7542;2.13855;12
16:10:03.853;48.8023;2.00157;48.8501;1.86424;48.7544;2.1389;12
16:10:03.869;48.8025;2.00157;48.8503;1.86424;48.7547;2.1389;12
16:10:03.886;48.8025;2.00191;48.8503;1.86459;48.7547;2.13924;12
16:10:03.886;48.8027;2.00226;48.8505;1.86493;48.7549;2.13958;12
16:10:03.913;48.8027;2.0026;48.8505;1.86527;48.7549;2.13993;12
16:10:03.929;48.803;2.0026;48.8508;1.86527;48.7551;2.13993;12
16:10:03.944;48.8032;2.00294;48.851;1.86562;48.7553;2.14027;12
16:10:03.961;48.8034;2.00294;48.8512;1.86562;48.7556;2.14027;12
16:10:03.974;48.8034;2.00329;48.8512;1.86596;48.7556;2.14061;12
16:10:03.997;48.8036;2.00329;48.8514;1.86596;48.7558;2.14061;12
16:10:04.012;48.8036;2.00363;48.8514;1.8663;48.7558;2.14096;12
16:10:04.037;48.8036;2.00397;48.8514;1.86665;48.7558;2.1413;12
16:10:04.071;48.8039;2.00397;48.8517;1.86665;48.756;2.1413;12
16:10:04.109;48.8039;2.00432;48.8517;1.86699;48.756;2.14164;12
16:10:04.124;48.8041;2.00432;48.8519;1.86699;48.7562;2.14164;12
16:10:04.300;48.8039;2.00432;48.8517;1.86699;48.756;2.14164;12
16:10:04.300;48.8034;2.00397;48.8512;1.86665;48.7556;2.1413;12
16:10:04.318;48.8025;2.00329;48.8503;1.86596;48.7547;2.14061;12
16:10:04.342;48.8021;2.0026;48.8499;1.86527;48.7542;2.13993;12
16:10:04.345;48.8018;2.0026;48.8496;1.86527;48.754;2.13993;12
16:10:04.345;48.8016;2.0026;48.8494;1.86527;48.7538;2.13993;12
16:10:04.360;48.8014;2.00226;48.8492;1.86493;48.7535;2.13958;12
16:10:04.396;48.8012;2.00226;48.849;1.86493;48.7533;2.13958;12
16:10:04.412;48.8009;2.00226;48.8487;1.86493;48.7531;2.13958;12
16:10:04.429;48.8009;2.00191;48.8487;1.86459;48.7531;2.13924;12
16:10:04.455;48.8007;2.00191;48.8485;1.86459;48.7528;2.13924;12
16:10:04.672;48.8009;2.00191;48.8487;1.86459;48.7531;2.13924;12
16:10:04.672;48.8014;2.00191;48.8492;1.86459;48.7535;2.13924;12
16:10:04.700;48.8018;2.00191;48.8496;1.86459;48.754;2.13924;12
16:10:04.713;48.8021;2.0026;48.8499;1.86527;48.7542;2.13993;12
16:10:04.715;48.8027;2.00294;48.8505;1.86562;48.7549;2.14027;12
16:10:04.744;48.803;2.00329;48.8508;1.86596;48.7551;2.14061;12
16:10:04.745;48.8034;2.00363;48.8512;1.8663;48.7556;2.14096;12
16:10:04.774;48.8036;2.00397;48.8514;1.86665;48.7558;2.1413;12
16:10:04.793;48.8039;2.00397;48.8517;1.86665;48.756;2.1413;12
16:10:04.806;48.8041;2.00397;48.8519;1.86665;48.7562;2.1413;12
16:10:04.821;48.8043;2.00432;48.8521;1.86699;48.7565;2.14164;12
16:10:04.826;48.8045;2.00432;48.8523;1.86699;48.7567;2.14164;12
16:10:04.826;48.8045;2.00466;48.8523;1.86733;48.7567;2.14199;12
16:10:04.877;48.8048;2.00466;48.8526;1.86733;48.7569;2.14199;12
16:10:05.002;48.8048;2.00432;48.8526;1.86699;48.7569;2.14164;12
16:10:05.002;48.8039;2.00329;48.8517;1.86596;48.756;2.14061;12
16:10:05.019;48.803;2.00226;48.8508;1.86493;48.7551;2.13958;12
16:10:05.033;48.8027;2.00226;48.8505;1.86493;48.7549;2.13958;12
16:10:05.033;48.8023;2.00191;48.8501;1.86459;48.7544;2.13924;12
16:10:05.061;48.8014;2.00157;48.8492;1.86424;48.7535;2.1389;12
16:10:05.064;48.8012;2.00123;48.849;1.8639;48.7533;2.13855;12
16:10:05.064;48.8009;2.00123;48.8487;1.8639;48.7531;2.13855;12
16:10:05.078;48.8007;2.00089;48.8485;1.86356;48.7528;2.13821;12
16:10:05.107;48.8005;2.00089;48.8483;1.86356;48.7526;2.13821;12
16:10:05.107;48.8003;2.00089;48.848;1.86356;48.7524;2.13821;12
16:10:05.286;48.8005;2.00089;48.8483;1.86356;48.7526;2.13821;12
16:10:05.304;48.8007;2.00089;48.8485;1.86356;48.7528;2.13821;12
16:10:05.319;48.8009;2.00089;48.8487;1.86356;48.7531;2.13821;12
16:10:05.333;48.8012;2.00089;48.849;1.86356;48.7533;2.13821;12
16:10:05.336;48.8014;2.00089;48.8492;1.86356;48.7535;2.13821;12
16:10:05.336;48.8016;2.00123;48.8494;1.8639;48.7538;2.13855;12
16:10:05.352;48.8018;2.00157;48.8496;1.86424;48.754;2.1389;12
16:10:05.352;48.8021;2.00191;48.8499;1.86459;48.7542;2.13924;12
16:10:05.368;48.8023;2.00226;48.8501;1.86493;48.7544;2.13958;12
16:10:05.368;48.8025;2.00226;48.8503;1.86493;48.7547;2.13958;12
16:10:05.384;48.8025;2.0026;48.8503;1.86527;48.7547;2.13993;12
16:10:05.384;48.8027;2.00294;48.8505;1.86562;48.7549;2.14027;12
16:10:05.399;48.803;2.00329;48.8508;1.86596;48.7551;2.14061;12
16:10:05.414;48.8032;2.00329;48.851;1.86596;48.7553;2.14061;12
16:10:05.419;48.8032;2.00363;48.851;1.8663;48.7553;2.14096;12
16:10:05.419;48.8034;2.00363;48.8512;1.8663;48.7556;2.14096;12
16:10:05.434;48.8036;2.00397;48.8514;1.86665;48.7558;2.1413;12
16:10:05.462;48.8039;2.00397;48.8517;1.86665;48.756;2.1413;12
16:10:05.478;48.8041;2.00397;48.8519;1.86665;48.7562;2.1413;12
16:10:05.494;48.8041;2.00432;48.8519;1.86699;48.7562;2.14164;12
16:10:05.617;48.8041;2.00397;48.8519;1.86665;48.7562;2.1413;12
16:10:05.618;48.8032;2.00329;48.851;1.86596;48.7553;2.14061;12
16:10:05.635;48.8027;2.00294;48.8505;1.86562;48.7549;2.14027;12
16:10:05.659;48.8025;2.0026;48.8503;1.86527;48.7547;2.13993;12
16:10:05.662;48.8023;2.0026;48.8501;1.86527;48.7544;2.13993;12
16:10:05.663;48.8021;2.00226;48.8499;1.86493;48.7542;2.13958;12
16:10:05.690;48.8018;2.00226;48.8496;1.86493;48.754;2.13958;12
16:10:05.692;48.8016;2.00226;48.8494;1.86493;48.7538;2.13958;12
16:10:05.694;48.8014;2.00226;48.8492;1.86493;48.7535;2.13958;12
16:10:05.708;48.8014;2.00191;48.8492;1.86459;48.7535;2.13924;12
16:10:05.724;48.8012;2.00157;48.849;1.86424;48.7533;2.1389;12
16:10:05.738;48.8009;2.00157;48.8487;1.86424;48.7531;2.1389;12
16:10:05.773;48.8007;2.00157;48.8485;1.86424;48.7528;2.1389;12
16:10:05.773;48.8005;2.00157;48.8483;1.86424;48.7526;2.1389;12
16:10:05.803;48.8005;2.00123;48.8483;1.8639;48.7526;2.13855;12
16:10:05.819;48.8003;2.00123;48.848;1.8639;48.7524;2.13855;12
16:10:05.949;48.8005;2.00123;48.8483;1.8639;48.7526;2.13855;12
16:10:05.949;48.8007;2.00123;48.8485;1.8639;48.7528;2.13855;12
16:10:05.975;48.8009;2.00123;48.8487;1.8639;48.7531;2.13855;12
16:10:05.989;48.8012;2.00123;48.849;1.8639;48.7533;2.13855;12
16:10:06.003;48.8014;2.00157;48.8492;1.86424;48.7535;2.1389;12
16:10:06.018;48.8016;2.00191;48.8494;1.86459;48.7538;2.13924;12
16:10:06.035;48.8018;2.00226;48.8496;1.86493;48.754;2.13958;12
16:10:06.035;48.8021;2.00226;48.8499;1.86493;48.7542;2.13958;12
16:10:06.066;48.8023;2.0026;48.8501;1.86527;48.7544;2.13993;12
16:10:06.080;48.8027;2.00329;48.8505;1.86596;48.7549;2.14061;12
16:10:06.095;48.803;2.00329;48.8508;1.86596;48.7551;2.14061;12
16:10:06.118;48.803;2.00363;48.8508;1.8663;48.7551;2.14096;12
16:10:06.131;48.8032;2.00363;48.851;1.8663;48.7553;2.14096;12
16:10:06.133;48.8032;2.00397;48.851;1.86665;48.7553;2.1413;12
16:10:06.175;48.8034;2.00397;48.8512;1.86665;48.7556;2.1413;12
16:10:06.203;48.8034;2.00432;48.8512;1.86699;48.7556;2.14164;12
16:10:06.276;48.8036;2.00432;48.8514;1.86699;48.7558;2.14164;12
16:10:06.301;48.8039;2.00432;48.8517;1.86699;48.756;2.14164;12
16:10:06.997;48.8041;2.00466;48.8519;1.86733;48.7562;2.14199;12
16:10:06.998;48.8045;2.00672;48.8523;1.86939;48.7567;2.14405;12
16:10:07.026;48.8055;2.00981;48.8532;1.87248;48.7576;2.14714;12
16:10:07.031;48.8061;2.01187;48.8539;1.87454;48.7583;2.1492;12
16:10:07.032;48.8066;2.01393;48.8544;1.8766;48.7587;2.15126;12
16:10:07.059;48.8077;2.01874;48.8555;1.88141;48.7599;2.15606;12
16:10:07.074;48.8088;2.02354;48.8566;1.88622;48.761;2.16087;12
16:10:07.090;48.8095;2.02801;48.8573;1.89068;48.7617;2.16533;12
16:10:07.094;48.81;2.02972;48.8578;1.8924;48.7621;2.16705;12
16:10:07.095;48.8102;2.03178;48.858;1.89445;48.7624;2.16911;12
16:10:07.123;48.8104;2.03556;48.8582;1.89823;48.7626;2.17288;12
16:10:07.126;48.8109;2.04002;48.8587;1.90269;48.763;2.17735;12
16:10:07.158;48.8113;2.04483;48.8591;1.9075;48.7635;2.18215;12
16:10:07.173;48.812;2.04998;48.8598;1.91265;48.7642;2.1873;12
16:10:07.175;48.8122;2.05341;48.86;1.91608;48.7644;2.19074;12
16:10:07.205;48.8127;2.05822;48.8605;1.92089;48.7649;2.19554;12
16:10:07.206;48.8134;2.06234;48.8611;1.92501;48.7655;2.19966;12
16:10:07.238;48.8143;2.0668;48.8621;1.92947;48.7664;2.20413;12
16:10:07.240;48.8156;2.07127;48.8634;1.93394;48.7678;2.20859;12
16:10:07.271;48.8165;2.07436;48.8643;1.93703;48.7687;2.21168;12
16:10:07.273;48.8181;2.07916;48.8659;1.94183;48.7703;2.21649;12
16:10:07.293;48.8192;2.08191;48.867;1.94458;48.7714;2.21923;12
16:10:07.293;48.8195;2.0826;48.8672;1.94527;48.7716;2.21992;12
16:10:07.332;48.8204;2.085;48.8682;1.94767;48.7725;2.22232;12
16:10:07.347;48.8217;2.08809;48.8695;1.95076;48.7739;2.22541;12
16:10:07.349;48.8226;2.08946;48.8704;1.95213;48.7748;2.22679;12
16:10:07.365;48.8228;2.09049;48.8706;1.95316;48.775;2.22782;12
16:10:07.366;48.8233;2.09118;48.8711;1.95385;48.7755;2.2285;12
16:10:07.382;48.8238;2.09221;48.8715;1.95488;48.7759;2.22953;12
16:10:07.383;48.8242;2.09358;48.872;1.95625;48.7764;2.23091;12
16:10:07.400;48.8251;2.0953;48.8729;1.95797;48.7773;2.23262;12
16:10:07.412;48.8258;2.09633;48.8736;1.959;48.778;2.23365;12
16:10:07.414;48.8262;2.09736;48.874;1.96003;48.7784;2.23468;12
16:10:07.441;48.8271;2.09908;48.8749;1.96175;48.7793;2.2364;12
16:10:07.445;48.828;2.10045;48.8758;1.96312;48.7802;2.23777;12
16:10:07.445;48.8285;2.10079;48.8763;1.96346;48.7807;2.23812;12
16:10:07.461;48.8292;2.10251;48.877;1.96518;48.7814;2.23983;12
16:10:07.462;48.8299;2.1032;48.8776;1.96587;48.782;2.24052;12
16:10:07.478;48.8301;2.10388;48.8779;1.96655;48.7823;2.24121;12
16:10:07.478;48.831;2.10526;48.8788;1.96793;48.7832;2.24258;12
16:10:07.506;48.8321;2.10732;48.8799;1.96999;48.7843;2.24464;12
16:10:07.509;48.8324;2.108;48.8801;1.97067;48.7845;2.24533;12
16:10:07.509;48.8328;2.10869;48.8806;1.97136;48.785;2.24601;12
16:10:07.526;48.8337;2.1104;48.8815;1.97308;48.7859;2.24773;12
16:10:07.526;48.8342;2.11075;48.8819;1.97342;48.7863;2.24807;12
16:10:07.557;48.8351;2.11212;48.8828;1.97479;48.7872;2.24945;12
16:10:07.571;48.8357;2.11315;48.8835;1.97582;48.7879;2.25048;12
16:10:07.574;48.836;2.11349;48.8837;1.97617;48.7882;2.25082;12
16:10:07.602;48.8362;2.11349;48.884;1.97617;48.7884;2.25082;12
16:10:07.972;48.8362;2.11384;48.884;1.97651;48.7884;2.25116;12
16:10:07.986;48.8362;2.11727;48.884;1.97994;48.7884;2.2546;12
16:10:08.001;48.8364;2.12105;48.8842;1.98372;48.7886;2.25837;12
16:10:08.005;48.8373;2.12585;48.8851;1.98853;48.7895;2.26318;12
16:10:08.006;48.8378;2.12963;48.8855;1.9923;48.79;2.26695;12
16:10:08.024;48.8387;2.13375;48.8864;1.99642;48.7909;2.27107;12
16:10:08.024;48.8396;2.13787;48.8873;2.00054;48.7918;2.27519;12
16:10:08.052;48.8407;2.14336;48.8885;2.00603;48.7929;2.28069;12
16:10:08.069;48.8414;2.14783;48.8891;2.0105;48.7936;2.28515;12
16:10:08.074;48.8423;2.15126;48.8901;2.01393;48.7945;2.28858;12
16:10:08.101;48.8427;2.15332;48.8905;2.01599;48.7949;2.29064;12
16:10:08.122;48.843;2.15401;48.8907;2.01668;48.7952;2.29133;12
16:10:08.127;48.843;2.15469;48.8907;2.01736;48.7952;2.29202;12
16:10:08.194;48.8427;2.15469;48.8905;2.01736;48.7949;2.29202;12
16:10:08.196;48.8423;2.15469;48.8901;2.01736;48.7945;2.29202;12
16:10:08.225;48.8421;2.15469;48.8898;2.01736;48.7943;2.29202;12
16:10:08.225;48.8418;2.15469;48.8896;2.01736;48.794;2.29202;12
16:10:08.230;48.8414;2.15469;48.8891;2.01736;48.7936;2.29202;12
16:10:08.231;48.8409;2.15469;48.8887;2.01736;48.7931;2.29202;12
16:10:08.248;48.8405;2.15469;48.8882;2.01736;48.7927;2.29202;12
16:10:08.248;48.8403;2.15469;48.888;2.01736;48.7924;2.29202;12
16:10:08.261;48.8398;2.15469;48.8876;2.01736;48.792;2.29202;12
16:10:08.261;48.8391;2.15469;48.8869;2.01736;48.7913;2.29202;12
16:10:08.277;48.8385;2.15469;48.8862;2.01736;48.7906;2.29202;12
16:10:08.278;48.8376;2.15469;48.8853;2.01736;48.7897;2.29202;12
16:10:08.293;48.8369;2.15469;48.8846;2.01736;48.7891;2.29202;12
16:10:08.294;48.8364;2.15504;48.8842;2.01771;48.7886;2.29236;12
16:10:08.321;48.8346;2.15572;48.8824;2.01839;48.7868;2.29305;12
16:10:08.324;48.8339;2.15641;48.8817;2.01908;48.7861;2.29373;12
16:10:08.325;48.833;2.15744;48.8808;2.02011;48.7852;2.29476;12
16:10:08.346;48.8326;2.15778;48.8803;2.02045;48.7848;2.29511;12
16:10:08.346;48.8321;2.15847;48.8799;2.02114;48.7843;2.29579;12
16:10:08.372;48.831;2.15984;48.8788;2.02251;48.7832;2.29717;12
16:10:08.373;48.8301;2.16087;48.8779;2.02354;48.7823;2.2982;12
16:10:08.390;48.8299;2.1619;48.8776;2.02457;48.782;2.29923;12
16:10:08.394;48.8294;2.16225;48.8772;2.02492;48.7816;2.29957;12
16:10:08.417;48.8285;2.16362;48.8763;2.02629;48.7807;2.30094;12
16:10:08.419;48.828;2.16431;48.8758;2.02698;48.7802;2.30163;12
16:10:08.420;48.8278;2.16499;48.8756;2.02766;48.78;2.30232;12
16:10:08.436;48.8274;2.16534;48.8752;2.02801;48.7795;2.30266;12
16:10:08.436;48.8271;2.16602;48.8749;2.02869;48.7793;2.30335;12
16:10:08.452;48.8267;2.16637;48.8745;2.02904;48.7789;2.30369;12
16:10:08.452;48.8265;2.16671;48.8742;2.02938;48.7786;2.30403;12
16:10:08.479;48.8262;2.16705;48.874;2.02972;48.7784;2.30438;12
16:10:08.496;48.826;2.1674;48.8738;2.03007;48.7782;2.30472;12
16:10:08.496;48.8258;2.16774;48.8736;2.03041;48.778;2.30506;12
16:10:08.524;48.8256;2.16774;48.8733;2.03041;48.7777;2.30506;12
16:10:08.539;48.8253;2.16774;48.8731;2.03041;48.7775;2.30506;12
16:10:08.605;48.8253;2.1674;48.8731;2.03007;48.7775;2.30472;12
16:10:08.605;48.8253;2.16705;48.8731;2.02972;48.7775;2.30438;12
