22:08:36.241;48.8556;2.34661;49.0464;1.79729;48.6642;2.89592;10
22:08:36.259;48.8574;2.34661;49.0482;1.79729;48.666;2.89592;10
22:08:36.275;48.8583;2.34661;49.0491;1.79729;48.6669;2.89592;10
22:08:36.293;48.8601;2.34661;49.0509;1.79729;48.6687;2.89592;10
22:08:36.311;48.861;2.34524;49.0518;1.79592;48.6696;2.89455;10
22:08:36.326;48.8619;2.34249;49.0527;1.79317;48.6705;2.8918;10
22:08:36.342;48.8629;2.34112;49.0536;1.7918;48.6714;2.89043;10
22:08:36.359;48.8629;2.33837;49.0536;1.78905;48.6714;2.88768;10
22:08:36.376;48.8629;2.33562;49.0536;1.78631;48.6714;2.88494;10
22:08:36.393;48.8629;2.3315;49.0536;1.78219;48.6714;2.88082;10
22:08:36.408;48.8629;2.32601;49.0536;1.7767;48.6714;2.87532;10
22:08:36.425;48.8629;2.31915;49.0536;1.76983;48.6714;2.86846;10
22:08:36.443;48.861;2.30953;49.0518;1.76022;48.6696;2.85884;10
22:08:36.475;48.8592;2.30129;49.05;1.75198;48.6678;2.8506;10
22:08:36.475;48.8574;2.2958;49.0482;1.74648;48.666;2.84511;10
22:08:36.491;48.8556;2.29305;49.0464;1.74374;48.6642;2.84236;10
22:08:36.508;48.8547;2.29168;49.0455;1.74236;48.6632;2.84099;10
22:08:36.525;48.8538;2.29031;49.0446;1.74099;48.6623;2.83962;10
22:08:36.542;48.8529;2.28893;49.0437;1.73962;48.6614;2.83824;10
22:08:36.560;48.852;2.28893;49.0428;1.73962;48.6605;2.83824;10
22:08:41.019;48.852;2.29443;49.0428;1.74511;48.6605;2.84374;10
22:08:41.020;48.852;2.29992;49.0428;1.7506;48.6605;2.84923;10
22:08:41.030;48.852;2.30679;49.0428;1.75747;48.6605;2.8561;10
22:08:41.054;48.8538;2.3164;49.0446;1.76708;48.6623;2.86571;10
22:08:41.072;48.8556;2.32464;49.0464;1.77532;48.6642;2.87395;10
22:08:41.088;48.8592;2.33425;49.05;1.78493;48.6678;2.88356;10
22:08:41.107;48.8638;2.34524;49.0545;1.79592;48.6723;2.89455;10
22:08:41.122;48.8683;2.35622;49.059;1.80691;48.6768;2.90554;10
22:08:41.138;48.8728;2.35897;49.0635;1.80965;48.6814;2.90828;10
22:08:41.154;48.8764;2.35897;49.0671;1.80965;48.685;2.90828;10
22:08:41.171;48.8782;2.35485;49.0689;1.80553;48.6868;2.90416;10
22:08:41.188;48.8818;2.32464;49.0725;1.77532;48.6904;2.87395;10
22:08:41.205;48.8818;2.28619;49.0725;1.73687;48.6904;2.8355;10
22:08:41.221;48.8818;2.24224;49.0725;1.69292;48.6904;2.79155;10
22:08:41.239;48.88;2.21752;49.0707;1.66821;48.6886;2.76683;10
22:08:41.255;48.8764;2.20379;49.0671;1.65447;48.685;2.7531;10
22:08:41.272;48.8755;2.20104;49.0662;1.65173;48.6841;2.75035;10
22:08:41.304;48.8755;2.20379;49.0662;1.65447;48.6841;2.7531;10
22:08:41.321;48.8755;2.21889;49.0662;1.66958;48.6841;2.76821;10
22:08:41.340;48.8755;2.23675;49.0662;1.68743;48.6841;2.78606;10
22:08:41.355;48.8764;2.24773;49.0671;1.69842;48.685;2.79705;10
22:08:41.406;48.8746;2.24224;49.0653;1.69292;48.6832;2.79155;10
22:08:41.423;48.871;2.23125;49.0617;1.68194;48.6796;2.78057;10
22:08:41.439;48.8638;2.20379;49.0545;1.65447;48.6723;2.7531;10
22:08:41.456;48.861;2.18868;49.0518;1.63937;48.6696;2.73799;10
22:08:41.472;48.861;2.18731;49.0518;1.63799;48.6696;2.73662;10
22:08:43.044;48.861;2.19006;49.0518;1.64074;48.6696;2.73937;10
22:08:43.078;48.8619;2.19143;49.0527;1.64211;48.6705;2.74074;10
22:08:43.160;48.8547;2.15984;49.0455;1.61053;48.6632;2.70915;10
22:08:43.178;48.8484;2.13375;49.0392;1.58443;48.6569;2.68306;10
22:08:43.194;48.8448;2.12002;49.0356;1.5707;48.6533;2.66933;10
22:08:43.212;48.843;2.11452;49.0338;1.56521;48.6515;2.66384;10
22:08:43.228;48.8421;2.11452;49.0329;1.56521;48.6506;2.66384;10
22:08:43.260;48.8421;2.11727;49.0329;1.56796;48.6506;2.66658;10
22:08:43.276;48.8439;2.131;49.0347;1.58169;48.6524;2.68032;10
22:08:43.294;48.8484;2.15023;49.0392;1.60091;48.6569;2.69954;10
22:08:43.311;48.8529;2.17083;49.0437;1.62151;48.6614;2.72014;10
22:08:43.328;48.8574;2.1928;49.0482;1.64349;48.666;2.74211;10
22:08:43.346;48.8592;2.21066;49.05;1.66134;48.6678;2.75997;10
22:08:43.362;48.8601;2.21752;49.0509;1.66821;48.6687;2.76683;10
22:08:43.429;48.8592;2.22027;49.05;1.67095;48.6678;2.76958;10
22:08:55.160;48.8601;2.22576;49.0509;1.67645;48.6687;2.77507;10
22:08:55.177;48.8629;2.23675;49.0536;1.68743;48.6714;2.78606;10
22:08:55.193;48.8665;2.24636;49.0572;1.69704;48.675;2.79567;10
22:08:55.210;48.8683;2.25323;49.059;1.70391;48.6768;2.80254;10
22:08:55.227;48.8692;2.2546;49.0599;1.70528;48.6778;2.80391;10
22:09:08.420;48.8692;2.28069;49.0599;1.73138;48.6778;2.83;10
22:09:08.421;48.8692;2.2958;49.0599;1.74648;48.6778;2.84511;10
22:09:08.453;48.8692;2.32189;49.0599;1.77258;48.6778;2.8712;10
22:09:08.473;48.8692;2.33013;49.0599;1.78082;48.6778;2.87944;10
22:09:08.493;48.8692;2.33288;49.0599;1.78356;48.6778;2.88219;10
22:09:08.597;48.8683;2.33425;49.059;1.78493;48.6768;2.88356;10
22:09:08.613;48.8674;2.33562;49.0581;1.78631;48.6759;2.88494;10
22:09:08.650;48.8674;2.337;49.0581;1.78768;48.6759;2.88631;10
22:09:08.662;48.8665;2.33837;49.0572;1.78905;48.675;2.88768;10
22:09:08.882;48.8701;2.33562;49.0608;1.78631;48.6787;2.88494;10
22:09:08.898;48.8719;2.33425;49.0626;1.78493;48.6805;2.88356;10
22:09:08.919;48.8737;2.33288;49.0644;1.78356;48.6823;2.88219;10
22:09:08.932;48.8755;2.33288;49.0662;1.78356;48.6841;2.88219;10
22:09:08.949;48.8764;2.33288;49.0671;1.78356;48.685;2.88219;10
22:09:08.965;48.8782;2.33288;49.0689;1.78356;48.6868;2.88219;10
22:09:08.982;48.88;2.33288;49.0707;1.78356;48.6886;2.88219;10
22:09:08.997;48.8809;2.33013;49.0716;1.78082;48.6895;2.87944;10
22:09:09.015;48.8818;2.32876;49.0725;1.77944;48.6904;2.87807;10
22:09:09.059;48.8818;2.32738;49.0725;1.77807;48.6904;2.8767;10
22:09:09.059;48.8836;2.32189;49.0743;1.77258;48.6923;2.8712;10
22:09:17.107;48.8845;2.31777;49.0752;1.76846;48.6932;2.86708;10
22:09:17.138;48.8845;2.31503;49.0752;1.76571;48.6932;2.86434;10
22:09:17.171;48.8845;2.31365;49.0752;1.76434;48.6932;2.86296;10
22:09:17.210;48.8845;2.30953;49.0752;1.76022;48.6932;2.85884;10
22:09:17.210;48.8845;2.30679;49.0752;1.75747;48.6932;2.8561;10
22:09:17.229;48.8836;2.30129;49.0743;1.75198;48.6923;2.8506;10
22:09:17.254;48.8836;2.29992;49.0743;1.7506;48.6923;2.84923;10
22:09:17.470;48.8818;2.29992;49.0725;1.7506;48.6904;2.84923;10
22:09:17.491;48.8782;2.29855;49.0689;1.74923;48.6868;2.84786;10
22:09:17.506;48.8764;2.29855;49.0671;1.74923;48.685;2.84786;10
22:09:17.523;48.8737;2.29855;49.0644;1.74923;48.6823;2.84786;10
22:09:17.538;48.8701;2.29717;49.0608;1.74786;48.6787;2.84648;10
22:09:17.556;48.8674;2.29717;49.0581;1.74786;48.6759;2.84648;10
22:09:17.576;48.8656;2.29717;49.0563;1.74786;48.6741;2.84648;10
22:09:17.591;48.8647;2.29717;49.0554;1.74786;48.6732;2.84648;10
22:09:17.609;48.8638;2.2958;49.0545;1.74648;48.6723;2.84511;10
22:09:17.623;48.8629;2.2958;49.0536;1.74648;48.6714;2.84511;10
