20:49:15.405;48.8565;2.34661;49.0473;1.79729;48.6651;2.89592;10
20:49:15.475;48.8583;2.34798;49.0491;1.79867;48.6669;2.8973;10
20:49:15.577;48.8592;2.34798;49.05;1.79867;48.6678;2.8973;10
20:49:15.577;48.8629;2.34386;49.0536;1.79455;48.6714;2.89318;10
20:49:15.577;48.8629;2.34112;49.0536;1.7918;48.6714;2.89043;10
20:49:15.577;48.8629;2.33974;49.0536;1.79043;48.6714;2.88906;10
20:49:15.628;48.8647;2.33837;49.0554;1.78905;48.6732;2.88768;10
20:49:22.945;48.8638;2.33974;49.0545;1.79043;48.6723;2.88906;10
20:49:23.050;48.8601;2.34112;49.0509;1.7918;48.6687;2.89043;10
20:49:23.050;48.8583;2.34249;49.0491;1.79317;48.6669;2.8918;10
20:49:23.050;48.8574;2.34249;49.0482;1.79317;48.666;2.8918;10
20:49:23.050;48.8556;2.34249;49.0464;1.79317;48.6642;2.8918;10
20:49:23.051;48.8547;2.34249;49.0455;1.79317;48.6632;2.8918;10
20:49:23.051;48.8547;2.34386;49.0455;1.79455;48.6632;2.89318;10
20:49:38.258;48.8529;2.34386;49.0437;1.79455;48.6614;2.89318;10
20:49:38.359;48.8484;2.34386;49.0392;1.79455;48.6569;2.89318;10
20:49:38.359;48.8439;2.34386;49.0347;1.79455;48.6524;2.89318;10
20:49:38.359;48.8376;2.34386;49.0284;1.79455;48.646;2.89318;10
20:49:38.359;48.8312;2.34386;49.022;1.79455;48.6397;2.89318;10
20:49:38.359;48.8276;2.34386;49.0185;1.79455;48.636;2.89318;10
20:49:38.360;48.8258;2.34524;49.0167;1.79592;48.6342;2.89455;10
20:49:38.406;48.8249;2.34524;49.0158;1.79592;48.6333;2.89455;10
20:49:38.406;48.824;2.34524;49.0149;1.79592;48.6324;2.89455;10
20:49:39.290;48.8231;2.34524;49.014;1.79592;48.6315;2.89455;10
20:49:39.346;48.8213;2.34524;49.0121;1.79592;48.6297;2.89455;10
20:49:39.346;48.8204;2.34524;49.0112;1.79592;48.6288;2.89455;10
20:49:39.346;48.8186;2.34524;49.0094;1.79592;48.6269;2.89455;10
20:49:39.360;48.8149;2.34386;49.0058;1.79455;48.6233;2.89318;10
20:49:39.397;48.8122;2.34386;49.0031;1.79455;48.6206;2.89318;10
20:49:39.547;48.8113;2.34386;49.0022;1.79455;48.6197;2.89318;10
20:49:39.547;48.8095;2.34386;49.0004;1.79455;48.6179;2.89318;10
20:49:39.547;48.8077;2.34386;48.9986;1.79455;48.6161;2.89318;10
20:49:39.547;48.8068;2.34386;48.9977;1.79455;48.6152;2.89318;10
20:49:39.547;48.8059;2.34386;48.9968;1.79455;48.6142;2.89318;10
20:49:39.603;48.805;2.34386;48.9959;1.79455;48.6133;2.89318;10
20:49:39.603;48.8032;2.34386;48.9941;1.79455;48.6115;2.89318;10
20:49:39.603;48.8023;2.34386;48.9932;1.79455;48.6106;2.89318;10
20:49:39.743;48.7996;2.34386;48.9905;1.79455;48.6079;2.89318;10
20:49:39.799;48.7978;2.34386;48.9887;1.79455;48.6061;2.89318;10
20:49:39.799;48.7968;2.34386;48.9878;1.79455;48.6052;2.89318;10
20:49:39.799;48.795;2.34386;48.986;1.79455;48.6034;2.89318;10
20:49:40.812;48.3233;2.3164;48.5161;1.76708;48.1298;2.86571;10
20:49:40.812;48.3233;2.3164;48.5161;1.76708;48.1298;2.86571;10
20:49:40.812;48.3233;2.3164;48.5161;1.76708;48.1298;2.86571;10
20:49:40.812;48.3233;2.3164;48.5161;1.76708;48.1298;2.86571;10
20:49:40.812;48.3233;2.3164;48.5161;1.76708;48.1298;2.86571;10
20:49:42.661;48.3197;2.31503;48.5125;1.76571;48.1262;2.86434;10
20:49:42.661;48.3197;2.31503;48.5125;1.76571;48.1262;2.86434;10
20:49:42.661;48.3197;2.31503;48.5125;1.76571;48.1262;2.86434;10
20:49:42.661;48.3197;2.31503;48.5125;1.76571;48.1262;2.86434;10
20:49:42.661;48.3197;2.31503;48.5125;1.76571;48.1262;2.86434;10
20:49:42.661;48.3197;2.31503;48.5125;1.76571;48.1262;2.86434;10
20:49:42.808;48.316;2.31503;48.5088;1.76571;48.1225;2.86434;10
20:49:42.808;48.316;2.31503;48.5088;1.76571;48.1225;2.86434;10
20:49:42.808;48.316;2.31503;48.5088;1.76571;48.1225;2.86434;10
20:49:42.809;48.316;2.31503;48.5088;1.76571;48.1225;2.86434;10
20:49:42.809;48.316;2.31503;48.5088;1.76571;48.1225;2.86434;10
20:49:42.809;48.316;2.31503;48.5088;1.76571;48.1225;2.86434;10
20:49:42.809;48.3124;2.31365;48.5052;1.76434;48.1188;2.86296;10
20:49:42.809;48.3124;2.31365;48.5052;1.76434;48.1188;2.86296;10
20:49:42.809;48.3124;2.31365;48.5052;1.76434;48.1188;2.86296;10
20:49:42.809;48.3124;2.31365;48.5052;1.76434;48.1188;2.86296;10
20:49:42.809;48.3124;2.31365;48.5052;1.76434;48.1188;2.86296;10
20:49:42.809;48.3124;2.31365;48.5052;1.76434;48.1188;2.86296;10
20:49:42.809;48.3105;2.31365;48.5033;1.76434;48.117;2.86296;10
20:49:42.809;48.3105;2.31365;48.5033;1.76434;48.117;2.86296;10
20:49:42.809;48.3105;2.31365;48.5033;1.76434;48.117;2.86296;10
20:49:42.810;48.3105;2.31365;48.5033;1.76434;48.117;2.86296;10
20:49:42.810;48.3105;2.31365;48.5033;1.76434;48.117;2.86296;10
20:49:42.810;48.3105;2.31365;48.5033;1.76434;48.117;2.86296;10
20:49:43.653;48.3133;2.31365;48.5061;1.76434;48.1198;2.86296;10
20:49:43.653;48.3133;2.31365;48.5061;1.76434;48.1198;2.86296;10
20:49:43.653;48.3133;2.31365;48.5061;1.76434;48.1198;2.86296;10
20:49:43.653;48.3133;2.31365;48.5061;1.76434;48.1198;2.86296;10
20:49:43.653;48.3133;2.31365;48.5061;1.76434;48.1198;2.86296;10
20:49:43.653;48.3133;2.31365;48.5061;1.76434;48.1198;2.86296;10
20:49:43.653;48.3151;2.31365;48.5079;1.76434;48.1216;2.86296;10
20:49:43.656;48.3151;2.31365;48.5079;1.76434;48.1216;2.86296;10
20:49:43.656;48.3151;2.31365;48.5079;1.76434;48.1216;2.86296;10
20:49:43.656;48.3151;2.31365;48.5079;1.76434;48.1216;2.86296;10
20:49:43.656;48.3151;2.31365;48.5079;1.76434;48.1216;2.86296;10
20:49:43.656;48.3151;2.31365;48.5079;1.76434;48.1216;2.86296;10
20:49:43.656;48.3169;2.31365;48.5097;1.76434;48.1234;2.86296;10
20:49:43.656;48.3169;2.31365;48.5097;1.76434;48.1234;2.86296;10
20:49:43.656;48.3169;2.31365;48.5097;1.76434;48.1234;2.86296;10
20:49:43.656;48.3169;2.31365;48.5097;1.76434;48.1234;2.86296;10
20:49:43.656;48.3169;2.31365;48.5097;1.76434;48.1234;2.86296;10
20:49:43.656;48.3169;2.31365;48.5097;1.76434;48.1234;2.86296;10
20:49:43.656;48.3188;2.31503;48.5115;1.76571;48.1253;2.86434;10
20:49:43.657;48.3188;2.31503;48.5115;1.76571;48.1253;2.86434;10
20:49:43.657;48.3188;2.31503;48.5115;1.76571;48.1253;2.86434;10
20:49:43.657;48.3188;2.31503;48.5115;1.76571;48.1253;2.86434;10
20:49:43.657;48.3188;2.31503;48.5115;1.76571;48.1253;2.86434;10
20:49:43.657;48.3188;2.31503;48.5115;1.76571;48.1253;2.86434;10
20:49:43.657;48.3206;2.31503;48.5134;1.76571;48.1271;2.86434;10
20:49:43.657;48.3206;2.31503;48.5134;1.76571;48.1271;2.86434;10
20:49:43.657;48.3206;2.31503;48.5134;1.76571;48.1271;2.86434;10
20:49:43.657;48.3206;2.31503;48.5134;1.76571;48.1271;2.86434;10
20:49:43.657;48.3206;2.31503;48.5134;1.76571;48.1271;2.86434;10
20:49:43.657;48.3206;2.31503;48.5134;1.76571;48.1271;2.86434;10
20:49:44.125;48.3215;2.31503;48.5143;1.76571;48.128;2.86434;10
20:49:44.125;48.3215;2.31503;48.5143;1.76571;48.128;2.86434;10
20:49:44.125;48.3215;2.31503;48.5143;1.76571;48.128;2.86434;10
20:49:44.125;48.3215;2.31503;48.5143;1.76571;48.128;2.86434;10
20:49:44.125;48.3215;2.31503;48.5143;1.76571;48.128;2.86434;10
20:49:44.125;48.3215;2.31503;48.5143;1.76571;48.128;2.86434;10
20:49:44.125;48.3224;2.31503;48.5152;1.76571;48.1289;2.86434;10
20:49:44.125;48.3224;2.31503;48.5152;1.76571;48.1289;2.86434;10
20:49:44.126;48.3224;2.31503;48.5152;1.76571;48.1289;2.86434;10
20:49:44.126;48.3224;2.31503;48.5152;1.76571;48.1289;2.86434;10
20:49:44.126;48.3224;2.31503;48.5152;1.76571;48.1289;2.86434;10
20:49:44.126;48.3224;2.31503;48.5152;1.76571;48.1289;2.86434;10
20:49:44.126;48.3233;2.31503;48.5161;1.76571;48.1298;2.86434;10
20:49:44.126;48.3233;2.31503;48.5161;1.76571;48.1298;2.86434;10
20:49:44.126;48.3233;2.31503;48.5161;1.76571;48.1298;2.86434;10
20:49:44.126;48.3233;2.31503;48.5161;1.76571;48.1298;2.86434;10
20:49:44.126;48.3233;2.31503;48.5161;1.76571;48.1298;2.86434;10
20:49:44.126;48.3233;2.31503;48.5161;1.76571;48.1298;2.86434;10
20:49:44.126;48.3242;2.31503;48.517;1.76571;48.1308;2.86434;10
20:49:44.126;48.3242;2.31503;48.517;1.76571;48.1308;2.86434;10
20:49:44.126;48.3242;2.31503;48.517;1.76571;48.1308;2.86434;10
20:49:44.126;48.3242;2.31503;48.517;1.76571;48.1308;2.86434;10
20:49:44.126;48.3242;2.31503;48.517;1.76571;48.1308;2.86434;10
20:49:44.126;48.3242;2.31503;48.517;1.76571;48.1308;2.86434;10
20:49:44.126;48.3251;2.31503;48.5179;1.76571;48.1317;2.86434;10
20:49:44.128;48.3251;2.31503;48.5179;1.76571;48.1317;2.86434;10
20:49:44.128;48.3251;2.31503;48.5179;1.76571;48.1317;2.86434;10
20:49:44.128;48.3251;2.31503;48.5179;1.76571;48.1317;2.86434;10
20:49:44.128;48.3251;2.31503;48.5179;1.76571;48.1317;2.86434;10
20:49:44.128;48.3251;2.31503;48.5179;1.76571;48.1317;2.86434;10
20:49:44.128;48.327;2.31503;48.5197;1.76571;48.1335;2.86434;10
20:49:44.128;48.327;2.31503;48.5197;1.76571;48.1335;2.86434;10
20:49:44.128;48.327;2.31503;48.5197;1.76571;48.1335;2.86434;10
20:49:44.128;48.327;2.31503;48.5197;1.76571;48.1335;2.86434;10
20:49:44.128;48.327;2.31503;48.5197;1.76571;48.1335;2.86434;10
20:49:44.128;48.327;2.31503;48.5197;1.76571;48.1335;2.86434;10
20:49:44.128;48.3288;2.31503;48.5215;1.76571;48.1353;2.86434;10
20:49:44.128;48.3288;2.31503;48.5215;1.76571;48.1353;2.86434;10
20:49:44.128;48.3288;2.31503;48.5215;1.76571;48.1353;2.86434;10
20:49:44.128;48.3288;2.31503;48.5215;1.76571;48.1353;2.86434;10
20:49:44.539;48.3607;2.3164;48.5534;1.76708;48.1674;2.86571;10
20:49:44.539;48.3607;2.3164;48.5534;1.76708;48.1674;2.86571;10
20:49:44.539;48.3607;2.3164;48.5534;1.76708;48.1674;2.86571;10
20:49:44.539;48.3607;2.3164;48.5534;1.76708;48.1674;2.86571;10
20:49:44.539;48.3607;2.3164;48.5534;1.76708;48.1674;2.86571;10
20:49:44.539;48.3607;2.3164;48.5534;1.76708;48.1674;2.86571;10
20:49:44.539;48.3671;2.3164;48.5597;1.76708;48.1738;2.86571;10
20:49:44.539;48.3671;2.3164;48.5597;1.76708;48.1738;2.86571;10
20:49:44.539;48.3671;2.3164;48.5597;1.76708;48.1738;2.86571;10
20:49:44.539;48.3671;2.3164;48.5597;1.76708;48.1738;2.86571;10
20:49:44.540;48.3671;2.3164;48.5597;1.76708;48.1738;2.86571;10
20:49:44.540;48.3671;2.3164;48.5597;1.76708;48.1738;2.86571;10
20:49:44.540;48.3744;2.3164;48.567;1.76708;48.1811;2.86571;10
20:49:44.540;48.3744;2.3164;48.567;1.76708;48.1811;2.86571;10
20:49:44.540;48.3744;2.3164;48.567;1.76708;48.1811;2.86571;10
20:49:44.540;48.3744;2.3164;48.567;1.76708;48.1811;2.86571;10
20:49:44.540;48.3744;2.3164;48.567;1.76708;48.1811;2.86571;10
20:49:44.540;48.3744;2.3164;48.567;1.76708;48.1811;2.86571;10
20:49:44.540;48.4182;2.3164;48.6106;1.76708;48.2251;2.86571;10
20:49:44.540;48.4182;2.3164;48.6106;1.76708;48.2251;2.86571;10
20:49:44.540;48.4182;2.3164;48.6106;1.76708;48.2251;2.86571;10
20:49:44.540;48.4182;2.3164;48.6106;1.76708;48.2251;2.86571;10
20:49:44.540;48.4182;2.3164;48.6106;1.76708;48.2251;2.86571;10
20:49:44.540;48.4182;2.3164;48.6106;1.76708;48.2251;2.86571;10
20:49:44.541;48.4191;2.3164;48.6115;1.76708;48.226;2.86571;10
20:49:44.541;48.4191;2.3164;48.6115;1.76708;48.226;2.86571;10
20:49:44.541;48.4191;2.3164;48.6115;1.76708;48.226;2.86571;10
20:49:44.541;48.4191;2.3164;48.6115;1.76708;48.226;2.86571;10
20:49:44.541;48.4191;2.3164;48.6115;1.76708;48.226;2.86571;10
20:49:44.541;48.4191;2.3164;48.6115;1.76708;48.226;2.86571;10
20:49:44.541;48.42;2.3164;48.6124;1.76708;48.2269;2.86571;10
20:49:44.541;48.42;2.3164;48.6124;1.76708;48.2269;2.86571;10
20:49:44.541;48.42;2.3164;48.6124;1.76708;48.2269;2.86571;10
20:49:44.541;48.42;2.3164;48.6124;1.76708;48.2269;2.86571;10
20:49:44.541;48.42;2.3164;48.6124;1.76708;48.2269;2.86571;10
20:49:44.541;48.42;2.3164;48.6124;1.76708;48.2269;2.86571;10
20:49:45.017;48.4218;2.3164;48.6142;1.76708;48.2287;2.86571;10
20:49:45.017;48.4218;2.3164;48.6142;1.76708;48.2287;2.86571;10
20:49:45.017;48.4218;2.3164;48.6142;1.76708;48.2287;2.86571;10
20:49:45.017;48.4218;2.3164;48.6142;1.76708;48.2287;2.86571;10
20:49:45.017;48.4218;2.3164;48.6142;1.76708;48.2287;2.86571;10
20:49:45.017;48.4218;2.3164;48.6142;1.76708;48.2287;2.86571;10
20:49:45.018;48.4273;2.31777;48.6197;1.76846;48.2342;2.86708;10
20:49:45.018;48.4273;2.31777;48.6197;1.76846;48.2342;2.86708;10
20:49:45.018;48.4273;2.31777;48.6197;1.76846;48.2342;2.86708;10
20:49:45.018;48.4273;2.31777;48.6197;1.76846;48.2342;2.86708;10
20:49:45.018;48.4273;2.31777;48.6197;1.76846;48.2342;2.86708;10
20:49:45.018;48.4273;2.31777;48.6197;1.76846;48.2342;2.86708;10
20:49:45.018;48.4319;2.31777;48.6242;1.76846;48.2388;2.86708;10
20:49:45.018;48.4319;2.31777;48.6242;1.76846;48.2388;2.86708;10
20:49:45.018;48.4319;2.31777;48.6242;1.76846;48.2388;2.86708;10
20:49:45.018;48.4319;2.31777;48.6242;1.76846;48.2388;2.86708;10
20:49:45.018;48.4319;2.31777;48.6242;1.76846;48.2388;2.86708;10
20:49:45.018;48.4319;2.31777;48.6242;1.76846;48.2388;2.86708;10
20:49:45.018;48.4355;2.31915;48.6279;1.76983;48.2425;2.86846;10
20:49:45.019;48.4355;2.31915;48.6279;1.76983;48.2425;2.86846;10
20:49:45.019;48.4355;2.31915;48.6279;1.76983;48.2425;2.86846;10
20:49:45.019;48.4355;2.31915;48.6279;1.76983;48.2425;2.86846;10
20:49:45.019;48.4355;2.31915;48.6279;1.76983;48.2425;2.86846;10
20:49:45.019;48.4355;2.31915;48.6279;1.76983;48.2425;2.86846;10
20:49:45.019;48.4401;2.31915;48.6324;1.76983;48.247;2.86846;10
20:49:45.019;48.4401;2.31915;48.6324;1.76983;48.247;2.86846;10
20:49:45.019;48.4401;2.31915;48.6324;1.76983;48.247;2.86846;10
20:49:45.019;48.4401;2.31915;48.6324;1.76983;48.247;2.86846;10
20:49:45.019;48.4401;2.31915;48.6324;1.76983;48.247;2.86846;10
20:49:45.019;48.4401;2.31915;48.6324;1.76983;48.247;2.86846;10
20:49:45.249;48.4446;2.31915;48.6369;1.76983;48.2516;2.86846;10
20:49:45.249;48.4446;2.31915;48.6369;1.76983;48.2516;2.86846;10
20:49:45.249;48.4446;2.31915;48.6369;1.76983;48.2516;2.86846;10
20:49:45.249;48.4446;2.31915;48.6369;1.76983;48.2516;2.86846;10
20:49:45.249;48.4446;2.31915;48.6369;1.76983;48.2516;2.86846;10
20:49:45.249;48.4446;2.31915;48.6369;1.76983;48.2516;2.86846;10
20:49:45.249;48.4483;2.31915;48.6406;1.76983;48.2552;2.86846;10
20:49:45.249;48.4483;2.31915;48.6406;1.76983;48.2552;2.86846;10
20:49:45.249;48.4483;2.31915;48.6406;1.76983;48.2552;2.86846;10
20:49:45.249;48.4483;2.31915;48.6406;1.76983;48.2552;2.86846;10
20:49:45.249;48.4483;2.31915;48.6406;1.76983;48.2552;2.86846;10
20:49:45.249;48.4483;2.31915;48.6406;1.76983;48.2552;2.86846;10
20:49:45.249;48.4501;2.31915;48.6424;1.76983;48.2571;2.86846;10
20:49:45.249;48.4501;2.31915;48.6424;1.76983;48.2571;2.86846;10
20:49:45.249;48.4501;2.31915;48.6424;1.76983;48.2571;2.86846;10
20:49:45.250;48.4501;2.31915;48.6424;1.76983;48.2571;2.86846;10
20:49:45.250;48.4501;2.31915;48.6424;1.76983;48.2571;2.86846;10
20:49:45.250;48.4501;2.31915;48.6424;1.76983;48.2571;2.86846;10
20:49:45.250;48.451;2.31915;48.6433;1.76983;48.258;2.86846;10
20:49:45.250;48.451;2.31915;48.6433;1.76983;48.258;2.86846;10
20:49:45.250;48.451;2.31915;48.6433;1.76983;48.258;2.86846;10
20:49:45.250;48.451;2.31915;48.6433;1.76983;48.258;2.86846;10
20:49:45.250;48.451;2.31915;48.6433;1.76983;48.258;2.86846;10
20:49:45.250;48.451;2.31915;48.6433;1.76983;48.258;2.86846;10
20:49:46.088;48.451;2.31915;48.6433;1.76983;48.258;2.86846;10
20:49:46.088;48.451;2.31915;48.6433;1.76983;48.258;2.86846;10
20:49:46.088;48.451;2.31915;48.6433;1.76983;48.258;2.86846;10
20:49:46.335;48.451;2.31915;48.6433;1.76983;48.258;2.86846;10
20:49:46.335;48.451;2.31915;48.6433;1.76983;48.258;2.86846;10
20:49:46.335;48.451;2.31915;48.6433;1.76983;48.258;2.86846;10
20:49:46.335;48.451;2.31915;48.6433;1.76983;48.258;2.86846;10
20:49:46.335;48.451;2.31915;48.6433;1.76983;48.258;2.86846;10
20:49:46.335;48.451;2.31915;48.6433;1.76983;48.258;2.86846;10
20:49:46.335;48.451;2.31915;48.6433;1.76983;48.258;2.86846;10
20:49:46.335;48.451;2.31915;48.6433;1.76983;48.258;2.86846;10
20:49:46.335;48.451;2.31915;48.6433;1.76983;48.258;2.86846;10
20:49:46.335;48.451;2.31915;48.6433;1.76983;48.258;2.86846;10
20:49:46.335;48.451;2.31915;48.6433;1.76983;48.258;2.86846;10
20:49:46.335;48.451;2.31915;48.6433;1.76983;48.258;2.86846;10
20:49:46.576;48.451;2.31915;48.6433;1.76983;48.258;2.86846;10
20:49:46.576;48.451;2.31915;48.6433;1.76983;48.258;2.86846;10
20:49:46.576;48.451;2.31915;48.6433;1.76983;48.258;2.86846;10
20:49:46.708;48.451;2.31915;48.6433;1.76983;48.258;2.86846;10
20:49:46.708;48.451;2.31915;48.6433;1.76983;48.258;2.86846;10
20:49:46.708;48.451;2.31915;48.6433;1.76983;48.258;2.86846;10
20:49:46.708;48.451;2.31915;48.6433;1.76983;48.258;2.86846;10
20:49:46.708;48.451;2.31915;48.6433;1.76983;48.258;2.86846;10
20:49:46.708;48.451;2.31915;48.6433;1.76983;48.258;2.86846;10
20:49:46.708;48.451;2.31915;48.6433;1.76983;48.258;2.86846;10
20:49:46.708;48.451;2.31915;48.6433;1.76983;48.258;2.86846;10
20:49:46.708;48.451;2.31915;48.6433;1.76983;48.258;2.86846;10
20:49:46.932;48.451;2.31915;48.6433;1.76983;48.258;2.86846;10
20:49:46.932;48.451;2.31915;48.6433;1.76983;48.258;2.86846;10
20:49:46.932;48.451;2.31915;48.6433;1.76983;48.258;2.86846;10
20:49:46.932;48.451;2.31915;48.6433;1.76983;48.258;2.86846;10
20:49:46.932;48.451;2.31915;48.6433;1.76983;48.258;2.86846;10
20:49:46.932;48.451;2.31915;48.6433;1.76983;48.258;2.86846;10
20:49:46.932;48.451;2.31915;48.6433;1.76983;48.258;2.86846;10
20:49:46.933;48.451;2.31915;48.6433;1.76983;48.258;2.86846;10
20:49:46.933;48.451;2.31915;48.6433;1.76983;48.258;2.86846;10
20:49:47.151;48.451;2.31915;48.6433;1.76983;48.258;2.86846;10
20:49:47.151;48.451;2.31915;48.6433;1.76983;48.258;2.86846;10
20:49:47.151;48.451;2.31915;48.6433;1.76983;48.258;2.86846;10
20:49:47.151;48.451;2.31915;48.6433;1.76983;48.258;2.86846;10
20:49:47.151;48.451;2.31915;48.6433;1.76983;48.258;2.86846;10
20:49:47.151;48.451;2.31915;48.6433;1.76983;48.258;2.86846;10
20:49:47.151;48.451;2.31915;48.6433;1.76983;48.258;2.86846;10
20:49:47.151;48.451;2.31915;48.6433;1.76983;48.258;2.86846;10
20:49:47.151;48.451;2.31915;48.6433;1.76983;48.258;2.86846;10
20:49:47.371;48.451;2.31915;48.6433;1.76983;48.258;2.86846;10
20:49:47.371;48.451;2.31915;48.6433;1.76983;48.258;2.86846;10
20:49:47.371;48.451;2.31915;48.6433;1.76983;48.258;2.86846;10
20:49:47.372;48.451;2.31915;48.6433;1.76983;48.258;2.86846;10
20:49:47.372;48.451;2.31915;48.6433;1.76983;48.258;2.86846;10
20:49:47.372;48.451;2.31915;48.6433;1.76983;48.258;2.86846;10
20:49:47.372;48.451;2.31915;48.6433;1.76983;48.258;2.86846;10
20:49:47.372;48.451;2.31915;48.6433;1.76983;48.258;2.86846;10
20:49:47.372;48.451;2.31915;48.6433;1.76983;48.258;2.86846;10
20:49:47.591;48.451;2.31915;48.6433;1.76983;48.258;2.86846;10
20:49:47.591;48.451;2.31915;48.6433;1.76983;48.258;2.86846;10
20:49:47.591;48.451;2.31915;48.6433;1.76983;48.258;2.86846;10
20:49:47.591;48.451;2.31915;48.6433;1.76983;48.258;2.86846;10
20:49:47.591;48.451;2.31915;48.6433;1.76983;48.258;2.86846;10
20:49:47.591;48.451;2.31915;48.6433;1.76983;48.258;2.86846;10
20:49:47.591;48.451;2.31915;48.6433;1.76983;48.258;2.86846;10
20:49:47.591;48.451;2.31915;48.6433;1.76983;48.258;2.86846;10
20:49:47.591;48.451;2.31915;48.6433;1.76983;48.258;2.86846;10
20:49:47.813;48.451;2.31915;48.6433;1.76983;48.258;2.86846;10
20:49:47.813;48.451;2.31915;48.6433;1.76983;48.258;2.86846;10
20:49:47.813;48.451;2.31915;48.6433;1.76983;48.258;2.86846;10
20:49:47.813;48.451;2.31915;48.6433;1.76983;48.258;2.86846;10
20:49:47.813;48.451;2.31915;48.6433;1.76983;48.258;2.86846;10
20:49:47.813;48.451;2.31915;48.6433;1.76983;48.258;2.86846;10
20:49:47.813;48.451;2.31915;48.6433;1.76983;48.258;2.86846;10
20:49:47.813;48.451;2.31915;48.6433;1.76983;48.258;2.86846;10
20:49:47.813;48.451;2.31915;48.6433;1.76983;48.258;2.86846;10
20:49:48.033;48.451;2.31915;48.6433;1.76983;48.258;2.86846;10
20:49:48.033;48.451;2.31915;48.6433;1.76983;48.258;2.86846;10
20:49:48.033;48.451;2.31915;48.6433;1.76983;48.258;2.86846;10
20:49:48.033;48.451;2.31915;48.6433;1.76983;48.258;2.86846;10
20:49:48.033;48.451;2.31915;48.6433;1.76983;48.258;2.86846;10
20:49:48.033;48.451;2.31915;48.6433;1.76983;48.258;2.86846;10
20:49:48.033;48.451;2.31915;48.6433;1.76983;48.258;2.86846;10
20:49:48.033;48.451;2.31915;48.6433;1.76983;48.258;2.86846;10
20:49:48.034;48.451;2.31915;48.6433;1.76983;48.258;2.86846;10
20:49:48.252;48.451;2.31915;48.6433;1.76983;48.258;2.86846;10
20:49:48.252;48.451;2.31915;48.6433;1.76983;48.258;2.86846;10
20:49:48.252;48.451;2.31915;48.6433;1.76983;48.258;2.86846;10
20:49:48.252;48.451;2.31915;48.6433;1.76983;48.258;2.86846;10
20:49:48.252;48.451;2.31915;48.6433;1.76983;48.258;2.86846;10
20:49:48.252;48.451;2.31915;48.6433;1.76983;48.258;2.86846;10
20:49:48.252;48.451;2.31915;48.6433;1.76983;48.258;2.86846;10
20:49:48.252;48.451;2.31915;48.6433;1.76983;48.258;2.86846;10
20:49:48.252;48.451;2.31915;48.6433;1.76983;48.258;2.86846;10
20:49:48.445;48.451;2.31915;48.6433;1.76983;48.258;2.86846;10
20:49:48.445;48.451;2.31915;48.6433;1.76983;48.258;2.86846;10
20:49:48.447;48.451;2.31915;48.6433;1.76983;48.258;2.86846;10
20:49:48.447;48.451;2.31915;48.6433;1.76983;48.258;2.86846;10
20:49:48.447;48.451;2.31915;48.6433;1.76983;48.258;2.86846;10
20:49:48.447;48.451;2.31915;48.6433;1.76983;48.258;2.86846;10
20:49:48.447;48.451;2.31915;48.6433;1.76983;48.258;2.86846;10
20:49:48.447;48.451;2.31915;48.6433;1.76983;48.258;2.86846;10
20:49:48.448;48.451;2.31915;48.6433;1.76983;48.258;2.86846;10
20:49:48.667;48.451;2.31915;48.6433;1.76983;48.258;2.86846;10
20:49:48.667;48.451;2.31915;48.6433;1.76983;48.258;2.86846;10
20:49:48.667;48.451;2.31915;48.6433;1.76983;48.258;2.86846;10
20:49:48.667;48.451;2.31915;48.6433;1.76983;48.258;2.86846;10
20:49:48.667;48.451;2.31915;48.6433;1.76983;48.258;2.86846;10
20:49:48.667;48.451;2.31915;48.6433;1.76983;48.258;2.86846;10
20:49:48.667;48.451;2.31915;48.6433;1.76983;48.258;2.86846;10
20:49:48.667;48.451;2.31915;48.6433;1.76983;48.258;2.86846;10
20:49:48.667;48.451;2.31915;48.6433;1.76983;48.258;2.86846;10
20:49:48.886;48.451;2.31915;48.6433;1.76983;48.258;2.86846;10
20:49:48.886;48.451;2.31915;48.6433;1.76983;48.258;2.86846;10
20:49:48.886;48.451;2.31915;48.6433;1.76983;48.258;2.86846;10
20:49:48.886;48.451;2.31915;48.6433;1.76983;48.258;2.86846;10
20:49:48.886;48.451;2.31915;48.6433;1.76983;48.258;2.86846;10
20:49:48.886;48.451;2.31915;48.6433;1.76983;48.258;2.86846;10
20:49:48.886;48.451;2.31915;48.6433;1.76983;48.258;2.86846;10
20:49:48.886;48.451;2.31915;48.6433;1.76983;48.258;2.86846;10
20:49:48.886;48.451;2.31915;48.6433;1.76983;48.258;2.86846;10
20:49:49.109;48.451;2.31915;48.6433;1.76983;48.258;2.86846;10
20:49:49.109;48.451;2.31915;48.6433;1.76983;48.258;2.86846;10
20:49:49.109;48.451;2.31915;48.6433;1.76983;48.258;2.86846;10
20:49:49.109;48.451;2.31915;48.6433;1.76983;48.258;2.86846;10
20:49:49.109;48.451;2.31915;48.6433;1.76983;48.258;2.86846;10
20:49:49.109;48.451;2.31915;48.6433;1.76983;48.258;2.86846;10
20:49:49.109;48.451;2.31915;48.6433;1.76983;48.258;2.86846;10
20:49:49.109;48.451;2.31915;48.6433;1.76983;48.258;2.86846;10
20:49:49.109;48.451;2.31915;48.6433;1.76983;48.258;2.86846;10
20:49:49.311;48.451;2.31915;48.6433;1.76983;48.258;2.86846;10
20:49:49.311;48.451;2.31915;48.6433;1.76983;48.258;2.86846;10
20:49:49.311;48.451;2.31915;48.6433;1.76983;48.258;2.86846;10
20:49:49.312;48.451;2.31915;48.6433;1.76983;48.258;2.86846;10
20:49:49.312;48.451;2.31915;48.6433;1.76983;48.258;2.86846;10
20:49:49.312;48.451;2.31915;48.6433;1.76983;48.258;2.86846;10
20:49:49.312;48.451;2.31915;48.6433;1.76983;48.258;2.86846;10
20:49:49.312;48.451;2.31915;48.6433;1.76983;48.258;2.86846;10
20:49:49.312;48.451;2.31915;48.6433;1.76983;48.258;2.86846;10
20:49:49.538;48.451;2.31915;48.6433;1.76983;48.258;2.86846;10
20:49:49.538;48.451;2.31915;48.6433;1.76983;48.258;2.86846;10
20:49:49.538;48.451;2.31915;48.6433;1.76983;48.258;2.86846;10
20:49:49.538;48.451;2.31915;48.6433;1.76983;48.258;2.86846;10
20:49:49.538;48.451;2.31915;48.6433;1.76983;48.258;2.86846;10
20:49:49.539;48.451;2.31915;48.6433;1.76983;48.258;2.86846;10
20:49:49.539;48.451;2.31915;48.6433;1.76983;48.258;2.86846;10
20:49:49.539;48.451;2.31915;48.6433;1.76983;48.258;2.86846;10
20:49:49.539;48.451;2.31915;48.6433;1.76983;48.258;2.86846;10
20:49:49.745;48.451;2.31915;48.6433;1.76983;48.258;2.86846;10
20:49:49.745;48.451;2.31915;48.6433;1.76983;48.258;2.86846;10
20:49:49.745;48.451;2.31915;48.6433;1.76983;48.258;2.86846;10
20:49:49.745;48.451;2.31915;48.6433;1.76983;48.258;2.86846;10
20:49:49.745;48.451;2.31915;48.6433;1.76983;48.258;2.86846;10
20:49:49.745;48.451;2.31915;48.6433;1.76983;48.258;2.86846;10
20:49:49.745;48.451;2.31915;48.6433;1.76983;48.258;2.86846;10
20:49:49.745;48.451;2.31915;48.6433;1.76983;48.258;2.86846;10
20:49:49.745;48.451;2.31915;48.6433;1.76983;48.258;2.86846;10
20:49:49.951;48.451;2.31915;48.6433;1.76983;48.258;2.86846;10
20:49:49.951;48.451;2.31915;48.6433;1.76983;48.258;2.86846;10
20:49:49.951;48.451;2.31915;48.6433;1.76983;48.258;2.86846;10
20:49:49.951;48.451;2.31915;48.6433;1.76983;48.258;2.86846;10
20:49:49.951;48.451;2.31915;48.6433;1.76983;48.258;2.86846;10
20:49:49.951;48.451;2.31915;48.6433;1.76983;48.258;2.86846;10
20:49:49.951;48.451;2.31915;48.6433;1.76983;48.258;2.86846;10
20:49:49.953;48.451;2.31915;48.6433;1.76983;48.258;2.86846;10
20:49:49.953;48.451;2.31915;48.6433;1.76983;48.258;2.86846;10
20:49:50.155;48.451;2.31915;48.6433;1.76983;48.258;2.86846;10
20:49:50.156;48.451;2.31915;48.6433;1.76983;48.258;2.86846;10
20:49:50.156;48.451;2.31915;48.6433;1.76983;48.258;2.86846;10
20:49:50.156;48.451;2.31915;48.6433;1.76983;48.258;2.86846;10
20:49:50.156;48.451;2.31915;48.6433;1.76983;48.258;2.86846;10
20:49:50.156;48.451;2.31915;48.6433;1.76983;48.258;2.86846;10
20:49:50.156;48.451;2.31915;48.6433;1.76983;48.258;2.86846;10
20:49:50.156;48.451;2.31915;48.6433;1.76983;48.258;2.86846;10
20:49:50.156;48.451;2.31915;48.6433;1.76983;48.258;2.86846;10
20:49:50.377;48.451;2.31915;48.6433;1.76983;48.258;2.86846;10
20:49:50.377;48.451;2.31915;48.6433;1.76983;48.258;2.86846;10
20:49:50.377;48.451;2.31915;48.6433;1.76983;48.258;2.86846;10
20:49:50.377;48.451;2.31915;48.6433;1.76983;48.258;2.86846;10
20:49:50.377;48.451;2.31915;48.6433;1.76983;48.258;2.86846;10
20:49:50.378;48.451;2.31915;48.6433;1.76983;48.258;2.86846;10
20:49:50.378;48.451;2.31915;48.6433;1.76983;48.258;2.86846;10
20:49:50.378;48.451;2.31915;48.6433;1.76983;48.258;2.86846;10
20:49:50.378;48.451;2.31915;48.6433;1.76983;48.258;2.86846;10
20:49:50.574;48.451;2.31915;48.6433;1.76983;48.258;2.86846;10
20:49:50.574;48.451;2.31915;48.6433;1.76983;48.258;2.86846;10
20:49:50.574;48.451;2.31915;48.6433;1.76983;48.258;2.86846;10
20:49:50.574;48.451;2.31915;48.6433;1.76983;48.258;2.86846;10
20:49:50.574;48.451;2.31915;48.6433;1.76983;48.258;2.86846;10
20:49:50.574;48.451;2.31915;48.6433;1.76983;48.258;2.86846;10
20:49:50.574;48.451;2.31915;48.6433;1.76983;48.258;2.86846;10
20:49:50.574;48.451;2.31915;48.6433;1.76983;48.258;2.86846;10
20:49:50.574;48.451;2.31915;48.6433;1.76983;48.258;2.86846;10
20:49:50.796;48.451;2.31915;48.6433;1.76983;48.258;2.86846;10
20:49:50.796;48.451;2.31915;48.6433;1.76983;48.258;2.86846;10
20:49:50.796;48.451;2.31915;48.6433;1.76983;48.258;2.86846;10
20:49:50.796;48.451;2.31915;48.6433;1.76983;48.258;2.86846;10
20:49:50.796;48.451;2.31915;48.6433;1.76983;48.258;2.86846;10
20:49:50.796;48.451;2.31915;48.6433;1.76983;48.258;2.86846;10
20:49:50.796;48.451;2.31915;48.6433;1.76983;48.258;2.86846;10
20:49:50.797;48.451;2.31915;48.6433;1.76983;48.258;2.86846;10
20:49:50.797;48.451;2.31915;48.6433;1.76983;48.258;2.86846;10
20:49:51.008;48.451;2.31915;48.6433;1.76983;48.258;2.86846;10
20:49:51.008;48.451;2.31915;48.6433;1.76983;48.258;2.86846;10
20:49:51.008;48.451;2.31915;48.6433;1.76983;48.258;2.86846;10
20:49:51.008;48.451;2.31915;48.6433;1.76983;48.258;2.86846;10
20:49:51.008;48.451;2.31915;48.6433;1.76983;48.258;2.86846;10
20:49:51.008;48.451;2.31915;48.6433;1.76983;48.258;2.86846;10
20:49:51.008;48.451;2.31915;48.6433;1.76983;48.258;2.86846;10
20:49:51.008;48.451;2.31915;48.6433;1.76983;48.258;2.86846;10
20:49:51.008;48.451;2.31915;48.6433;1.76983;48.258;2.86846;10
20:49:51.206;48.451;2.31915;48.6433;1.76983;48.258;2.86846;10
20:49:51.206;48.451;2.31915;48.6433;1.76983;48.258;2.86846;10
20:49:51.206;48.451;2.31915;48.6433;1.76983;48.258;2.86846;10
20:49:51.206;48.451;2.31915;48.6433;1.76983;48.258;2.86846;10
20:49:51.206;48.451;2.31915;48.6433;1.76983;48.258;2.86846;10
20:49:51.206;48.451;2.31915;48.6433;1.76983;48.258;2.86846;10
20:49:51.206;48.451;2.31915;48.6433;1.76983;48.258;2.86846;10
20:49:51.206;48.451;2.31915;48.6433;1.76983;48.258;2.86846;10
20:49:51.207;48.451;2.31915;48.6433;1.76983;48.258;2.86846;10
20:49:51.390;48.451;2.31915;48.6433;1.76983;48.258;2.86846;10
20:49:51.390;48.451;2.31915;48.6433;1.76983;48.258;2.86846;10
20:49:51.390;48.451;2.31915;48.6433;1.76983;48.258;2.86846;10
20:49:51.390;48.451;2.31915;48.6433;1.76983;48.258;2.86846;10
20:49:51.390;48.451;2.31915;48.6433;1.76983;48.258;2.86846;10
20:49:51.390;48.451;2.31915;48.6433;1.76983;48.258;2.86846;10
20:49:51.390;48.451;2.31915;48.6433;1.76983;48.258;2.86846;10
20:49:51.390;48.451;2.31915;48.6433;1.76983;48.258;2.86846;10
20:49:51.390;48.451;2.31915;48.6433;1.76983;48.258;2.86846;10
20:49:51.607;48.451;2.31915;48.6433;1.76983;48.258;2.86846;10
20:49:51.607;48.451;2.31915;48.6433;1.76983;48.258;2.86846;10
20:49:51.607;48.451;2.31915;48.6433;1.76983;48.258;2.86846;10
20:49:51.607;48.451;2.31915;48.6433;1.76983;48.258;2.86846;10
20:49:51.607;48.451;2.31915;48.6433;1.76983;48.258;2.86846;10
20:49:51.607;48.451;2.31915;48.6433;1.76983;48.258;2.86846;10
20:49:51.607;48.451;2.31915;48.6433;1.76983;48.258;2.86846;10
20:49:51.607;48.451;2.31915;48.6433;1.76983;48.258;2.86846;10
20:49:51.607;48.451;2.31915;48.6433;1.76983;48.258;2.86846;10
20:49:51.892;48.451;2.31915;48.6433;1.76983;48.258;2.86846;10
20:49:51.892;48.451;2.31915;48.6433;1.76983;48.258;2.86846;10
20:49:51.892;48.451;2.31915;48.6433;1.76983;48.258;2.86846;10
20:49:51.892;48.451;2.31915;48.6433;1.76983;48.258;2.86846;10
20:49:51.892;48.451;2.31915;48.6433;1.76983;48.258;2.86846;10
20:49:51.892;48.451;2.31915;48.6433;1.76983;48.258;2.86846;10
20:49:51.892;48.451;2.31915;48.6433;1.76983;48.258;2.86846;10
20:49:51.892;48.451;2.31915;48.6433;1.76983;48.258;2.86846;10
20:49:51.892;48.451;2.31915;48.6433;1.76983;48.258;2.86846;10
20:49:52.041;48.451;2.31915;48.6433;1.76983;48.258;2.86846;10
20:49:52.041;48.451;2.31915;48.6433;1.76983;48.258;2.86846;10
20:49:52.041;48.451;2.31915;48.6433;1.76983;48.258;2.86846;10
20:49:52.041;48.451;2.31915;48.6433;1.76983;48.258;2.86846;10
20:49:52.041;48.451;2.31915;48.6433;1.76983;48.258;2.86846;10
20:49:52.041;48.451;2.31915;48.6433;1.76983;48.258;2.86846;10
20:49:52.041;48.451;2.31915;48.6433;1.76983;48.258;2.86846;10
20:49:52.042;48.451;2.31915;48.6433;1.76983;48.258;2.86846;10
20:49:52.042;48.451;2.31915;48.6433;1.76983;48.258;2.86846;10
20:49:52.277;48.451;2.31915;48.6433;1.76983;48.258;2.86846;10
20:49:52.277;48.451;2.31915;48.6433;1.76983;48.258;2.86846;10
20:49:52.277;48.451;2.31915;48.6433;1.76983;48.258;2.86846;10
20:49:52.277;48.451;2.31915;48.6433;1.76983;48.258;2.86846;10
20:49:52.277;48.451;2.31915;48.6433;1.76983;48.258;2.86846;10
20:49:52.277;48.451;2.31915;48.6433;1.76983;48.258;2.86846;10
20:49:52.277;48.451;2.31915;48.6433;1.76983;48.258;2.86846;10
20:49:52.278;48.451;2.31915;48.6433;1.76983;48.258;2.86846;10
20:49:52.278;48.451;2.31915;48.6433;1.76983;48.258;2.86846;10
20:49:52.423;48.451;2.31915;48.6433;1.76983;48.258;2.86846;10
20:49:52.424;48.451;2.31915;48.6433;1.76983;48.258;2.86846;10
20:49:52.424;48.451;2.31915;48.6433;1.76983;48.258;2.86846;10
20:49:52.424;48.451;2.31915;48.6433;1.76983;48.258;2.86846;10
20:49:52.424;48.451;2.31915;48.6433;1.76983;48.258;2.86846;10
20:49:52.424;48.451;2.31915;48.6433;1.76983;48.258;2.86846;10
20:49:52.424;48.451;2.31915;48.6433;1.76983;48.258;2.86846;10
20:49:52.424;48.451;2.31915;48.6433;1.76983;48.258;2.86846;10
20:49:52.424;48.451;2.31915;48.6433;1.76983;48.258;2.86846;10
20:49:52.652;48.451;2.31915;48.6433;1.76983;48.258;2.86846;10
20:49:52.652;48.451;2.31915;48.6433;1.76983;48.258;2.86846;10
20:49:52.652;48.451;2.31915;48.6433;1.76983;48.258;2.86846;10
20:49:52.652;48.451;2.31915;48.6433;1.76983;48.258;2.86846;10
20:49:52.652;48.451;2.31915;48.6433;1.76983;48.258;2.86846;10
20:49:52.652;48.451;2.31915;48.6433;1.76983;48.258;2.86846;10
20:49:52.652;48.451;2.31915;48.6433;1.76983;48.258;2.86846;10
20:49:52.652;48.451;2.31915;48.6433;1.76983;48.258;2.86846;10
20:49:52.652;48.451;2.31915;48.6433;1.76983;48.258;2.86846;10
20:49:52.937;48.451;2.31915;48.6433;1.76983;48.258;2.86846;10
20:49:52.937;48.451;2.31915;48.6433;1.76983;48.258;2.86846;10
20:49:52.937;48.451;2.31915;48.6433;1.76983;48.258;2.86846;10
20:49:52.937;48.451;2.31915;48.6433;1.76983;48.258;2.86846;10
20:49:52.937;48.451;2.31915;48.6433;1.76983;48.258;2.86846;10
20:49:52.937;48.451;2.31915;48.6433;1.76983;48.258;2.86846;10
20:49:52.937;48.451;2.31915;48.6433;1.76983;48.258;2.86846;10
20:49:52.937;48.451;2.31915;48.6433;1.76983;48.258;2.86846;10
20:49:52.937;48.451;2.31915;48.6433;1.76983;48.258;2.86846;10
20:49:53.253;48.451;2.31915;48.6433;1.76983;48.258;2.86846;10
20:49:53.254;48.451;2.31915;48.6433;1.76983;48.258;2.86846;10
20:49:53.254;48.451;2.31915;48.6433;1.76983;48.258;2.86846;10
20:49:53.254;48.451;2.31915;48.6433;1.76983;48.258;2.86846;10
20:49:53.254;48.451;2.31915;48.6433;1.76983;48.258;2.86846;10
20:49:53.254;48.451;2.31915;48.6433;1.76983;48.258;2.86846;10
20:49:53.254;48.451;2.31915;48.6433;1.76983;48.258;2.86846;10
20:49:53.254;48.451;2.31915;48.6433;1.76983;48.258;2.86846;10
20:49:53.254;48.451;2.31915;48.6433;1.76983;48.258;2.86846;10
20:49:53.734;48.451;2.31915;48.6433;1.76983;48.258;2.86846;10
20:49:53.734;48.451;2.31915;48.6433;1.76983;48.258;2.86846;10
20:49:53.734;48.451;2.31915;48.6433;1.76983;48.258;2.86846;10
20:49:53.734;48.451;2.31915;48.6433;1.76983;48.258;2.86846;10
20:49:53.734;48.451;2.31915;48.6433;1.76983;48.258;2.86846;10
20:49:53.734;48.451;2.31915;48.6433;1.76983;48.258;2.86846;10
20:49:53.734;48.451;2.31915;48.6433;1.76983;48.258;2.86846;10
20:49:53.735;48.451;2.31915;48.6433;1.76983;48.258;2.86846;10
20:49:53.735;48.451;2.31915;48.6433;1.76983;48.258;2.86846;10
20:49:53.735;48.451;2.31915;48.6433;1.76983;48.258;2.86846;10
20:49:53.735;48.451;2.31915;48.6433;1.76983;48.258;2.86846;10
20:49:53.735;48.451;2.31915;48.6433;1.76983;48.258;2.86846;10
20:49:53.735;48.451;2.31915;48.6433;1.76983;48.258;2.86846;10
20:49:53.735;48.451;2.31915;48.6433;1.76983;48.258;2.86846;10
20:49:53.735;48.451;2.31915;48.6433;1.76983;48.258;2.86846;10
20:49:53.735;48.451;2.31915;48.6433;1.76983;48.258;2.86846;10
20:49:53.735;48.451;2.31915;48.6433;1.76983;48.258;2.86846;10
20:49:53.735;48.451;2.31915;48.6433;1.76983;48.258;2.86846;10
20:49:54.007;48.451;2.31915;48.6433;1.76983;48.258;2.86846;10
20:49:54.007;48.451;2.31915;48.6433;1.76983;48.258;2.86846;10
20:49:54.007;48.451;2.31915;48.6433;1.76983;48.258;2.86846;10
20:49:54.007;48.451;2.31915;48.6433;1.76983;48.258;2.86846;10
20:49:54.007;48.451;2.31915;48.6433;1.76983;48.258;2.86846;10
20:49:54.007;48.451;2.31915;48.6433;1.76983;48.258;2.86846;10
20:49:54.007;48.451;2.31915;48.6433;1.76983;48.258;2.86846;10
20:49:54.007;48.451;2.31915;48.6433;1.76983;48.258;2.86846;10
20:49:54.007;48.451;2.31915;48.6433;1.76983;48.258;2.86846;10
20:49:54.007;48.451;2.31915;48.6433;1.76983;48.258;2.86846;10
20:49:54.008;48.451;2.31915;48.6433;1.76983;48.258;2.86846;10
20:49:54.008;48.451;2.31915;48.6433;1.76983;48.258;2.86846;10
20:49:54.008;48.451;2.31915;48.6433;1.76983;48.258;2.86846;10
20:49:54.008;48.451;2.31915;48.6433;1.76983;48.258;2.86846;10
20:49:54.008;48.451;2.31915;48.6433;1.76983;48.258;2.86846;10
20:49:54.008;48.451;2.31915;48.6433;1.76983;48.258;2.86846;10
20:49:54.008;48.451;2.31915;48.6433;1.76983;48.258;2.86846;10
20:49:54.008;48.451;2.31915;48.6433;1.76983;48.258;2.86846;10
20:49:54.369;48.451;2.31915;48.6433;1.76983;48.258;2.86846;10
20:49:54.369;48.451;2.31915;48.6433;1.76983;48.258;2.86846;10
20:49:54.369;48.451;2.31915;48.6433;1.76983;48.258;2.86846;10
20:49:54.369;48.451;2.31915;48.6433;1.76983;48.258;2.86846;10
20:49:54.369;48.451;2.31915;48.6433;1.76983;48.258;2.86846;10
20:49:54.369;48.451;2.31915;48.6433;1.76983;48.258;2.86846;10
20:49:54.369;48.451;2.31915;48.6433;1.76983;48.258;2.86846;10
20:49:54.369;48.451;2.31915;48.6433;1.76983;48.258;2.86846;10
20:49:54.369;48.451;2.31915;48.6433;1.76983;48.258;2.86846;10
20:49:54.566;48.451;2.31915;48.6433;1.76983;48.258;2.86846;10
20:49:54.566;48.451;2.31915;48.6433;1.76983;48.258;2.86846;10
20:49:54.566;48.451;2.31915;48.6433;1.76983;48.258;2.86846;10
20:49:54.566;48.451;2.31915;48.6433;1.76983;48.258;2.86846;10
20:49:54.566;48.451;2.31915;48.6433;1.76983;48.258;2.86846;10
20:49:54.567;48.451;2.31915;48.6433;1.76983;48.258;2.86846;10
20:49:54.567;48.451;2.31915;48.6433;1.76983;48.258;2.86846;10
20:49:54.567;48.451;2.31915;48.6433;1.76983;48.258;2.86846;10
20:49:54.567;48.451;2.31915;48.6433;1.76983;48.258;2.86846;10
20:49:54.567;48.451;2.31915;48.6433;1.76983;48.258;2.86846;10
20:49:54.567;48.451;2.31915;48.6433;1.76983;48.258;2.86846;10
20:49:54.567;48.451;2.31915;48.6433;1.76983;48.258;2.86846;10
20:49:54.567;48.451;2.31915;48.6433;1.76983;48.258;2.86846;10
20:49:54.567;48.451;2.31915;48.6433;1.76983;48.258;2.86846;10
20:49:54.567;48.451;2.31915;48.6433;1.76983;48.258;2.86846;10
20:49:54.567;48.451;2.31915;48.6433;1.76983;48.258;2.86846;10
20:49:54.567;48.451;2.31915;48.6433;1.76983;48.258;2.86846;10
20:49:54.567;48.451;2.31915;48.6433;1.76983;48.258;2.86846;10
20:49:54.746;48.451;2.31915;48.6433;1.76983;48.258;2.86846;10
20:49:54.747;48.451;2.31915;48.6433;1.76983;48.258;2.86846;10
20:49:54.747;48.451;2.31915;48.6433;1.76983;48.258;2.86846;10
20:49:54.747;48.451;2.31915;48.6433;1.76983;48.258;2.86846;10
20:49:54.747;48.451;2.31915;48.6433;1.76983;48.258;2.86846;10
20:49:54.747;48.451;2.31915;48.6433;1.76983;48.258;2.86846;10
20:49:54.747;48.451;2.31915;48.6433;1.76983;48.258;2.86846;10
20:49:54.747;48.451;2.31915;48.6433;1.76983;48.258;2.86846;10
20:49:54.747;48.451;2.31915;48.6433;1.76983;48.258;2.86846;10
20:49:55.057;48.451;2.31915;48.6433;1.76983;48.258;2.86846;10
20:49:55.057;48.451;2.31915;48.6433;1.76983;48.258;2.86846;10
20:49:55.057;48.451;2.31915;48.6433;1.76983;48.258;2.86846;10
20:49:55.057;48.451;2.31915;48.6433;1.76983;48.258;2.86846;10
20:49:55.057;48.451;2.31915;48.6433;1.76983;48.258;2.86846;10
20:49:55.058;48.451;2.31915;48.6433;1.76983;48.258;2.86846;10
20:49:55.058;48.451;2.31915;48.6433;1.76983;48.258;2.86846;10
20:49:55.058;48.451;2.31915;48.6433;1.76983;48.258;2.86846;10
20:49:55.058;48.451;2.31915;48.6433;1.76983;48.258;2.86846;10
20:49:55.188;48.451;2.31915;48.6433;1.76983;48.258;2.86846;10
20:49:55.188;48.451;2.31915;48.6433;1.76983;48.258;2.86846;10
20:49:55.189;48.451;2.31915;48.6433;1.76983;48.258;2.86846;10
20:49:55.189;48.451;2.31915;48.6433;1.76983;48.258;2.86846;10
20:49:55.189;48.451;2.31915;48.6433;1.76983;48.258;2.86846;10
20:49:55.189;48.451;2.31915;48.6433;1.76983;48.258;2.86846;10
20:49:55.189;48.451;2.31915;48.6433;1.76983;48.258;2.86846;10
20:49:55.189;48.451;2.31915;48.6433;1.76983;48.258;2.86846;10
20:49:55.189;48.451;2.31915;48.6433;1.76983;48.258;2.86846;10
20:49:55.360;48.451;2.31915;48.6433;1.76983;48.258;2.86846;10
20:49:55.360;48.451;2.31915;48.6433;1.76983;48.258;2.86846;10
20:49:55.360;48.451;2.31915;48.6433;1.76983;48.258;2.86846;10
20:49:55.360;48.451;2.31915;48.6433;1.76983;48.258;2.86846;10
20:49:55.360;48.451;2.31915;48.6433;1.76983;48.258;2.86846;10
20:49:55.360;48.451;2.31915;48.6433;1.76983;48.258;2.86846;10
20:49:55.360;48.451;2.31915;48.6433;1.76983;48.258;2.86846;10
20:49:55.360;48.451;2.31915;48.6433;1.76983;48.258;2.86846;10
20:49:55.360;48.451;2.31915;48.6433;1.76983;48.258;2.86846;10
20:49:55.569;48.451;2.31915;48.6433;1.76983;48.258;2.86846;10
20:49:55.569;48.451;2.31915;48.6433;1.76983;48.258;2.86846;10
20:49:55.569;48.451;2.31915;48.6433;1.76983;48.258;2.86846;10
20:49:55.569;48.451;2.31915;48.6433;1.76983;48.258;2.86846;10
20:49:55.569;48.451;2.31915;48.6433;1.76983;48.258;2.86846;10
20:49:55.569;48.451;2.31915;48.6433;1.76983;48.258;2.86846;10
20:49:55.569;48.451;2.31915;48.6433;1.76983;48.258;2.86846;10
20:49:55.569;48.451;2.31915;48.6433;1.76983;48.258;2.86846;10
20:49:55.569;48.451;2.31915;48.6433;1.76983;48.258;2.86846;10
20:49:55.767;48.451;2.31915;48.6433;1.76983;48.258;2.86846;10
20:49:55.767;48.451;2.31915;48.6433;1.76983;48.258;2.86846;10
20:49:55.767;48.451;2.31915;48.6433;1.76983;48.258;2.86846;10
20:49:55.767;48.451;2.31915;48.6433;1.76983;48.258;2.86846;10
20:49:55.767;48.451;2.31915;48.6433;1.76983;48.258;2.86846;10
20:49:55.767;48.451;2.31915;48.6433;1.76983;48.258;2.86846;10
20:49:55.767;48.451;2.31915;48.6433;1.76983;48.258;2.86846;10
20:49:55.767;48.451;2.31915;48.6433;1.76983;48.258;2.86846;10
20:49:55.767;48.451;2.31915;48.6433;1.76983;48.258;2.86846;10
20:49:55.971;48.451;2.31915;48.6433;1.76983;48.258;2.86846;10
20:49:55.971;48.451;2.31915;48.6433;1.76983;48.258;2.86846;10
20:49:55.971;48.451;2.31915;48.6433;1.76983;48.258;2.86846;10
20:49:55.971;48.451;2.31915;48.6433;1.76983;48.258;2.86846;10
20:49:55.972;48.451;2.31915;48.6433;1.76983;48.258;2.86846;10
20:49:55.972;48.451;2.31915;48.6433;1.76983;48.258;2.86846;10
20:49:55.972;48.451;2.31915;48.6433;1.76983;48.258;2.86846;10
20:49:55.972;48.451;2.31915;48.6433;1.76983;48.258;2.86846;10
20:49:55.972;48.451;2.31915;48.6433;1.76983;48.258;2.86846;10
20:49:56.159;48.451;2.31915;48.6433;1.76983;48.258;2.86846;10
20:49:56.159;48.451;2.31915;48.6433;1.76983;48.258;2.86846;10
20:49:56.160;48.451;2.31915;48.6433;1.76983;48.258;2.86846;10
20:49:56.160;48.451;2.31915;48.6433;1.76983;48.258;2.86846;10
20:49:56.160;48.451;2.31915;48.6433;1.76983;48.258;2.86846;10
20:49:56.160;48.451;2.31915;48.6433;1.76983;48.258;2.86846;10
20:49:56.160;48.451;2.31915;48.6433;1.76983;48.258;2.86846;10
20:49:56.160;48.451;2.31915;48.6433;1.76983;48.258;2.86846;10
20:49:56.160;48.451;2.31915;48.6433;1.76983;48.258;2.86846;10
20:49:56.376;48.451;2.31915;48.6433;1.76983;48.258;2.86846;10
20:49:56.376;48.451;2.31915;48.6433;1.76983;48.258;2.86846;10
20:49:56.376;48.451;2.31915;48.6433;1.76983;48.258;2.86846;10
20:49:56.376;48.451;2.31915;48.6433;1.76983;48.258;2.86846;10
20:49:56.376;48.451;2.31915;48.6433;1.76983;48.258;2.86846;10
20:49:56.376;48.451;2.31915;48.6433;1.76983;48.258;2.86846;10
20:49:56.376;48.451;2.31915;48.6433;1.76983;48.258;2.86846;10
20:49:56.376;48.451;2.31915;48.6433;1.76983;48.258;2.86846;10
20:49:56.376;48.451;2.31915;48.6433;1.76983;48.258;2.86846;10
20:49:56.559;48.451;2.31915;48.6433;1.76983;48.258;2.86846;10
20:49:56.560;48.451;2.31915;48.6433;1.76983;48.258;2.86846;10
20:49:56.560;48.451;2.31915;48.6433;1.76983;48.258;2.86846;10
20:49:56.560;48.451;2.31915;48.6433;1.76983;48.258;2.86846;10
20:49:56.560;48.451;2.31915;48.6433;1.76983;48.258;2.86846;10
20:49:56.560;48.451;2.31915;48.6433;1.76983;48.258;2.86846;10
20:49:56.560;48.451;2.31915;48.6433;1.76983;48.258;2.86846;10
20:49:56.560;48.451;2.31915;48.6433;1.76983;48.258;2.86846;10
20:49:56.560;48.451;2.31915;48.6433;1.76983;48.258;2.86846;10
20:49:56.675;48.795;2.34386;48.986;1.79455;48.6034;2.89318;10
20:49:56.675;48.795;2.34386;48.986;1.79455;48.6034;2.89318;10
20:49:56.675;48.795;2.34386;48.986;1.79455;48.6034;2.89318;10
20:49:56.675;48.795;2.34386;48.986;1.79455;48.6034;2.89318;10
20:49:56.675;48.795;2.34386;48.986;1.79455;48.6034;2.89318;10
