20:57:12.893;48.8565;2.34936;49.0473;1.80004;48.6651;2.89867;10
20:57:12.973;48.8638;2.37133;49.0545;1.82201;48.6723;2.92064;10
20:57:13.032;49.0432;2.56908;49.2332;2.01977;48.8525;3.1184;10
20:57:13.122;49.1358;2.635;49.3255;2.08569;48.9454;3.18431;10
20:57:13.153;49.1763;2.66109;49.3658;2.11178;48.986;3.21041;10
20:57:13.231;49.1745;2.65972;49.364;2.1104;48.9842;3.20903;10
20:57:13.231;49.1619;2.6556;49.3515;2.10629;48.9716;3.20491;10
20:57:13.231;49.1502;2.65285;49.3398;2.10354;48.9599;3.20217;10
20:57:13.231;49.1385;2.64736;49.3282;2.09805;48.9482;3.19667;10
20:57:13.287;49.1179;2.63363;49.3076;2.08431;48.9274;3.18294;10
20:57:13.287;49.0783;2.60342;49.2682;2.0541;48.8877;3.15273;10
20:57:13.710;49.0792;2.60342;49.2691;2.0541;48.8886;3.15273;10
20:57:13.782;49.0783;2.60342;49.2682;2.0541;48.8877;3.15273;10
20:57:13.849;48.9729;2.52239;49.1632;1.97308;48.7819;3.0717;10
20:57:24.175;48.9711;2.52239;49.1614;1.97308;48.7801;3.0717;10
20:57:24.259;48.9567;2.51141;49.1471;1.96209;48.7656;3.06072;10
20:57:24.259;48.9522;2.50866;49.1426;1.95934;48.7611;3.05797;10
20:57:24.260;48.9486;2.50591;49.139;1.9566;48.7575;3.05522;10
20:57:24.484;48.9441;2.50042;49.1345;1.9511;48.753;3.04973;10
20:57:24.484;48.9369;2.48943;49.1273;1.94012;48.7457;3.03874;10
20:57:24.484;48.9269;2.4757;49.1174;1.92638;48.7358;3.02501;10
20:57:24.484;48.9206;2.46197;49.1111;1.91265;48.7294;3.01128;10
20:57:24.484;48.917;2.4551;49.1075;1.90578;48.7258;3.00441;10
20:57:24.484;48.9161;2.44961;49.1066;1.90029;48.7249;2.99892;10
20:57:24.485;48.9143;2.43862;49.1048;1.88931;48.7231;2.98793;10
20:57:24.485;48.9125;2.4194;49.103;1.87008;48.7213;2.96871;10
20:57:24.485;48.9071;2.39605;49.0976;1.84673;48.7158;2.94536;10
20:57:24.485;48.8999;2.37408;49.0905;1.82476;48.7086;2.92339;10
20:57:24.486;48.8954;2.36172;49.0859;1.8124;48.704;2.91103;10
20:57:24.859;48.8918;2.3521;49.0824;1.80279;48.7004;2.90142;10
20:57:24.859;48.8863;2.33974;49.077;1.79043;48.695;2.88906;10
20:57:24.859;48.8827;2.32601;49.0734;1.7767;48.6914;2.87532;10
20:57:24.859;48.8764;2.30679;49.0671;1.75747;48.685;2.8561;10
20:57:24.859;48.8719;2.28756;49.0626;1.73824;48.6805;2.83687;10
20:57:24.860;48.8683;2.26971;49.059;1.72039;48.6768;2.81902;10
20:57:24.860;48.8656;2.25185;49.0563;1.70254;48.6741;2.80116;10
20:57:24.860;48.8647;2.24087;49.0554;1.69155;48.6732;2.79018;10
20:57:24.860;48.8629;2.22301;49.0536;1.6737;48.6714;2.77233;10
20:57:24.961;48.8619;2.20928;49.0527;1.65997;48.6705;2.75859;10
20:57:24.961;48.8619;2.20242;49.0527;1.6531;48.6705;2.75173;10
20:57:24.961;48.8619;2.20104;49.0527;1.65173;48.6705;2.75035;10
20:57:25.160;48.8574;2.19006;49.0482;1.64074;48.666;2.73937;10
20:57:25.246;48.8502;2.16808;49.041;1.61877;48.6587;2.71739;10
20:57:25.247;48.8394;2.13512;49.0302;1.58581;48.6478;2.68444;10
20:57:25.247;48.8294;2.10354;49.0202;1.55422;48.6378;2.65285;10
20:57:25.247;48.8222;2.08157;49.013;1.53225;48.6306;2.63088;10
20:57:25.247;48.8177;2.06646;49.0085;1.51714;48.626;2.61577;10
20:57:25.334;48.8131;2.05547;49.004;1.50616;48.6215;2.60478;10
20:57:25.334;48.8095;2.04586;49.0004;1.49654;48.6179;2.59517;10
20:57:25.335;48.8068;2.03762;48.9977;1.4883;48.6152;2.58693;10
20:57:25.335;48.8059;2.03213;48.9968;1.48281;48.6142;2.58144;10
20:57:25.335;48.8059;2.02938;48.9968;1.48006;48.6142;2.57869;10
20:57:25.626;48.8041;2.01839;48.995;1.46908;48.6124;2.56771;10
20:57:25.701;48.8014;1.99917;48.9923;1.44985;48.6097;2.54848;10
20:57:25.701;48.8005;1.9772;48.9914;1.42788;48.6088;2.52651;10
20:57:25.701;48.7987;1.95797;48.9896;1.40865;48.607;2.50728;10
20:57:25.734;48.7978;1.94012;48.9887;1.3908;48.6061;2.48943;10
20:57:25.801;48.7978;1.91128;48.9887;1.36196;48.6061;2.46059;10
20:57:25.801;48.7978;1.8948;48.9887;1.34548;48.6061;2.44411;10
20:57:25.801;48.7978;1.89205;48.9887;1.34274;48.6061;2.44136;10
20:57:26.111;48.796;1.88519;48.9869;1.33587;48.6043;2.4345;10
20:57:26.181;48.7932;1.87145;48.9842;1.32214;48.6015;2.42076;10
20:57:26.182;48.7887;1.85635;48.9797;1.30703;48.597;2.40566;10
20:57:26.182;48.7824;1.83712;48.9734;1.2878;48.5906;2.38643;10
20:57:26.182;48.776;1.81927;48.9671;1.26995;48.5843;2.36858;10
20:57:26.263;48.7715;1.80553;48.9626;1.25622;48.5797;2.35485;10
20:57:26.264;48.767;1.7918;48.9581;1.24249;48.5752;2.34111;10
20:57:26.264;48.7652;1.78082;48.9563;1.2315;48.5734;2.33013;10
20:57:26.264;48.7634;1.76983;48.9545;1.22051;48.5715;2.31914;10
20:57:26.264;48.7616;1.76296;48.9527;1.21365;48.5697;2.31227;10
20:57:26.337;48.7607;1.75747;48.9518;1.20815;48.5688;2.30678;10
20:57:26.337;48.7598;1.7506;48.9509;1.20129;48.5679;2.29991;10
20:57:26.338;48.7598;1.74786;48.9509;1.19854;48.5679;2.29717;10
20:57:26.680;48.7588;1.74236;48.95;1.19305;48.567;2.29167;10
20:57:26.748;48.7552;1.73138;48.9464;1.18206;48.5634;2.28069;10
20:57:26.748;48.7507;1.71627;48.9418;1.16695;48.5588;2.26558;10
20:57:26.748;48.7462;1.69842;48.9373;1.1491;48.5543;2.24773;10
20:57:26.748;48.7435;1.68194;48.9346;1.13262;48.5516;2.23125;10
20:57:26.830;48.7398;1.66409;48.931;1.11477;48.5479;2.2134;10
20:57:26.830;48.738;1.64898;48.9292;1.09966;48.5461;2.19829;10
20:57:26.830;48.7371;1.63799;48.9283;1.08868;48.5452;2.1873;10
20:57:26.830;48.7362;1.63113;48.9274;1.08181;48.5443;2.18044;10
20:57:26.831;48.7362;1.62563;48.9274;1.07632;48.5443;2.17494;10
20:57:26.919;48.7362;1.62289;48.9274;1.07357;48.5443;2.1722;10
20:57:26.919;48.7362;1.62151;48.9274;1.0722;48.5443;2.17082;10
20:57:26.919;48.7362;1.61877;48.9274;1.06945;48.5443;2.16808;10
20:57:26.919;48.7362;1.61739;48.9274;1.06808;48.5443;2.1667;10
20:57:27.232;48.7335;1.60641;48.9247;1.05709;48.5416;2.15572;10
20:57:27.439;48.7271;1.5913;48.9184;1.04198;48.5352;2.14061;10
20:57:27.500;48.6891;1.39355;48.8805;0.84423;48.497;1.94286;10
20:57:27.719;48.6846;1.37844;48.8759;0.82912;48.4924;1.92775;10
20:57:27.845;48.68;1.36471;48.8714;0.81539;48.4879;1.91402;10
20:57:27.845;48.6737;1.34411;48.8651;0.79479;48.4815;1.89342;10
20:57:27.846;48.6664;1.31664;48.8579;0.76733;48.4742;1.86595;10
20:57:27.846;48.6592;1.29192;48.8507;0.74261;48.4669;1.84123;10
20:57:27.846;48.6528;1.26583;48.8443;0.71651;48.4606;1.81514;10
20:57:28.019;48.6474;1.24249;48.8389;0.69317;48.4551;1.7918;10
20:57:28.019;48.6356;1.17657;48.8271;0.62725;48.4433;1.72588;10
20:57:28.247;48.6356;1.17382;48.8271;0.6245;48.4433;1.72313;10
20:57:28.247;48.6329;1.16695;48.8244;0.61764;48.4405;1.71627;10
20:57:28.247;48.6283;1.15597;48.8199;0.60665;48.436;1.70528;10
20:57:28.372;48.6092;1.1079;48.8009;0.55859;48.4168;1.65721;10
20:57:28.373;48.6083;1.10104;48.8;0.55172;48.4159;1.65035;10
20:57:28.373;48.6074;1.09417;48.7991;0.54485;48.415;1.64348;10
20:57:28.373;48.6056;1.08456;48.7973;0.53524;48.4132;1.63387;10
20:57:28.373;48.6047;1.07494;48.7964;0.52563;48.4123;1.62425;10
20:57:28.456;48.6038;1.06808;48.7955;0.51876;48.4114;1.61739;10
20:57:28.456;48.6038;1.05984;48.7955;0.51052;48.4114;1.60915;10
20:57:28.456;48.6038;1.05297;48.7955;0.50365;48.4114;1.60228;10
20:57:28.847;48.6029;1.0461;48.7946;0.49679;48.4105;1.59542;10
20:57:28.848;48.6011;1.03649;48.7928;0.48717;48.4086;1.5858;10
20:57:28.848;48.5993;1.02551;48.791;0.47619;48.4068;1.57482;10
20:57:28.975;48.5793;0.93624;48.7711;0.38692;48.3867;1.48555;10
20:57:28.975;48.5784;0.92663;48.7702;0.37731;48.3858;1.47594;10
20:57:28.975;48.5784;0.92113;48.7702;0.37182;48.3858;1.47045;10
20:57:28.975;48.5784;0.91839;48.7702;0.36907;48.3858;1.4677;10
20:57:30.750;48.5174;0.7893;48.7095;0.23998;48.3247;1.33861;10
20:57:31.358;48.5165;0.78655;48.7086;0.23724;48.3238;1.33586;10
20:57:31.424;48.5156;0.78381;48.7077;0.23449;48.3229;1.33312;10
20:57:31.424;48.5138;0.77831;48.7059;0.229;48.321;1.32762;10
20:57:31.424;48.5093;0.7687;48.7013;0.21938;48.3165;1.31801;10
20:57:31.526;48.5047;0.75771;48.6968;0.2084;48.3119;1.30702;10
20:57:31.526;48.4856;0.71514;48.6777;0.16582;48.2927;1.26445;10
20:57:31.526;48.4792;0.70141;48.6714;0.15209;48.2863;1.25072;10
20:57:31.526;48.471;0.6863;48.6632;0.13699;48.2781;1.23561;10
20:57:31.593;48.4619;0.67257;48.6542;0.12325;48.269;1.22188;10
20:57:31.593;48.4565;0.66158;48.6487;0.11227;48.2635;1.21089;10
20:57:31.593;48.4519;0.65472;48.6442;0.1054;48.2589;1.20403;10
20:57:31.593;48.4483;0.6506;48.6406;0.10128;48.2553;1.19991;10
20:57:32.144;48.4464;0.64785;48.6387;0.09853;48.2534;1.19716;10
20:57:32.201;48.4419;0.63961;48.6342;0.09029;48.2489;1.18892;10
20:57:32.201;48.4346;0.62588;48.6269;0.07656;48.2415;1.17519;10
20:57:32.201;48.43;0.61489;48.6224;0.06557;48.237;1.1642;10
20:57:32.252;48.4218;0.59566;48.6142;0.04635;48.2287;1.14498;10
20:57:32.325;48.4127;0.57232;48.6052;0.023;48.2196;1.12163;10
20:57:32.325;48.3982;0.53799;48.5906;-0.01133;48.2049;1.0873;10
20:57:33.425;48.3982;0.53799;48.4945;0.26333;48.3016;0.81264;11
20:57:33.425;48.3982;0.53799;48.4945;0.26333;48.3016;0.81264;11
20:57:33.584;48.3982;0.53799;48.4463;0.40066;48.3499;0.67531;12
20:57:33.584;48.3982;0.53799;48.4463;0.40066;48.3499;0.67531;12
20:57:34.362;48.3982;0.53936;48.4463;0.40203;48.3499;0.67668;12
20:57:34.401;48.3991;0.54108;48.4473;0.40375;48.3508;0.6784;12
20:57:34.401;48.4016;0.54588;48.4497;0.40855;48.3533;0.68321;12
20:57:34.513;48.4068;0.55275;48.455;0.41542;48.3586;0.69007;12
20:57:34.513;48.4118;0.55859;48.46;0.42126;48.3636;0.69591;12
20:57:34.513;48.42;0.57026;48.4682;0.43293;48.3718;0.70758;12
20:57:34.513;48.4257;0.57987;48.4739;0.44254;48.3775;0.7172;12
20:57:34.513;48.4328;0.59258;48.4809;0.45525;48.3846;0.7299;12
20:57:34.513;48.4364;0.60013;48.4846;0.4628;48.3882;0.73745;12
20:57:34.513;48.4394;0.60562;48.4875;0.46829;48.3912;0.74295;12
20:57:34.930;48.4398;0.60631;48.488;0.46898;48.3917;0.74363;12
20:57:34.995;48.4619;0.64922;48.5101;0.51189;48.4138;0.78655;12
20:57:34.995;48.464;0.65506;48.5121;0.51773;48.4158;0.79238;12
20:57:34.995;48.4649;0.65746;48.513;0.52013;48.4167;0.79479;12
20:57:35.265;48.4651;0.65781;48.5132;0.52048;48.417;0.79513;12
20:57:35.368;48.4704;0.66776;48.5185;0.53043;48.4222;0.80509;12
20:57:35.441;48.479;0.68459;48.5271;0.54726;48.4309;0.82191;12
20:57:35.491;48.479;0.68493;48.5271;0.5476;48.4309;0.82225;12
20:57:35.800;48.4797;0.68562;48.5278;0.54829;48.4315;0.82294;12
20:57:35.858;48.4815;0.68802;48.5296;0.55069;48.4334;0.82534;12
20:57:35.870;48.4845;0.6918;48.5326;0.55447;48.4363;0.82912;12
20:57:35.870;48.4874;0.69523;48.5355;0.5579;48.4393;0.83255;12
20:57:35.871;48.492;0.70038;48.5401;0.56305;48.4438;0.8377;12
20:57:35.981;48.4963;0.70587;48.5444;0.56854;48.4482;0.8432;12
20:57:35.981;48.4997;0.7093;48.5478;0.57198;48.4516;0.84663;12
20:57:35.981;48.5015;0.71102;48.5496;0.57369;48.4534;0.84835;12
20:57:35.981;48.5024;0.71171;48.5505;0.57438;48.4543;0.84903;12
20:57:35.981;48.5027;0.71171;48.5508;0.57438;48.4545;0.84903;12
20:57:36.291;48.5029;0.71171;48.551;0.57438;48.4548;0.84903;12
20:57:36.291;48.5054;0.71342;48.5535;0.5761;48.4573;0.85075;12
20:57:36.402;48.5093;0.71514;48.5574;0.57781;48.4611;0.85247;12
20:57:36.402;48.5145;0.71686;48.5626;0.57953;48.4664;0.85418;12
20:57:36.402;48.5181;0.71823;48.5662;0.5809;48.47;0.85555;12
20:57:36.403;48.522;0.71892;48.5701;0.58159;48.4739;0.85624;12
20:57:36.403;48.525;0.71892;48.573;0.58159;48.4768;0.85624;12
20:57:36.403;48.5272;0.71892;48.5753;0.58159;48.4791;0.85624;12
20:57:36.403;48.5288;0.71892;48.5769;0.58159;48.4807;0.85624;12
20:57:36.588;48.5293;0.71857;48.5773;0.58125;48.4812;0.8559;12
20:57:36.588;48.5297;0.71857;48.5778;0.58125;48.4816;0.8559;12
20:57:36.821;48.5322;0.71926;48.5803;0.58193;48.4841;0.85658;12
20:57:36.821;48.5352;0.71995;48.5832;0.58262;48.4871;0.85727;12
20:57:36.821;48.5384;0.72029;48.5864;0.58296;48.4903;0.85761;12
20:57:36.887;48.5429;0.72098;48.591;0.58365;48.4948;0.8583;12
20:57:36.887;48.5481;0.72132;48.5962;0.58399;48.5001;0.85864;12
20:57:36.888;48.5534;0.72166;48.6014;0.58434;48.5053;0.85899;12
20:57:36.888;48.5572;0.72166;48.6053;0.58434;48.5092;0.85899;12
20:57:36.998;48.5597;0.72132;48.6078;0.58399;48.5117;0.85864;12
20:57:36.998;48.562;0.72063;48.61;0.58331;48.5139;0.85796;12
20:57:36.998;48.5631;0.71995;48.6112;0.58262;48.5151;0.85727;12
20:57:37.592;48.5638;0.72029;48.6119;0.58296;48.5158;0.85761;12
20:57:37.661;48.5661;0.72098;48.6141;0.58365;48.518;0.8583;12
20:57:37.662;48.5695;0.72201;48.6175;0.58468;48.5214;0.85933;12
20:57:37.662;48.5745;0.72338;48.6225;0.58605;48.5264;0.8607;12
20:57:37.662;48.5795;0.72475;48.6275;0.58743;48.5314;0.86208;12
20:57:37.804;48.5845;0.72647;48.6325;0.58914;48.5364;0.86379;12
20:57:37.804;48.589;0.7275;48.6371;0.59017;48.541;0.86482;12
20:57:37.804;48.5949;0.72784;48.6429;0.59052;48.5469;0.86517;12
20:57:37.804;48.6008;0.72784;48.6488;0.59052;48.5528;0.86517;12
20:57:37.804;48.6058;0.72784;48.6538;0.59052;48.5578;0.86517;12
20:57:37.804;48.6083;0.72716;48.6563;0.58983;48.5603;0.86448;12
20:57:37.804;48.6086;0.72647;48.6566;0.58914;48.5605;0.86379;12
20:57:38.260;48.6095;0.72647;48.6575;0.58914;48.5614;0.86379;12
20:57:38.331;48.6106;0.72647;48.6586;0.58914;48.5626;0.86379;12
20:57:38.331;48.6122;0.72647;48.6602;0.58914;48.5642;0.86379;12
20:57:38.332;48.614;0.72647;48.662;0.58914;48.566;0.86379;12
20:57:38.332;48.6158;0.72647;48.6638;0.58914;48.5678;0.86379;12
20:57:38.476;48.6195;0.72647;48.6674;0.58914;48.5714;0.86379;12
20:57:38.476;48.6231;0.72613;48.6711;0.5888;48.5751;0.86345;12
20:57:38.476;48.6269;0.72544;48.6749;0.58811;48.5789;0.86276;12
20:57:38.476;48.6299;0.7251;48.6779;0.58777;48.5819;0.86242;12
20:57:38.476;48.6315;0.72475;48.6795;0.58743;48.5835;0.86208;12
20:57:38.476;48.6324;0.72441;48.6804;0.58708;48.5844;0.86173;12
20:57:38.476;48.6326;0.72441;48.6806;0.58708;48.5846;0.86173;12
20:57:38.849;48.6351;0.72578;48.6831;0.58846;48.5871;0.86311;12
20:57:38.849;48.6376;0.72681;48.6856;0.58949;48.5896;0.86414;12
20:57:38.849;48.6412;0.72819;48.6892;0.59086;48.5932;0.86551;12
20:57:38.849;48.6446;0.7299;48.6926;0.59258;48.5966;0.86723;12
20:57:38.849;48.6476;0.73128;48.6955;0.59395;48.5996;0.8686;12
20:57:38.944;48.6501;0.73299;48.698;0.59566;48.6021;0.87032;12
20:57:38.944;48.6524;0.73368;48.7003;0.59635;48.6044;0.871;12
20:57:38.944;48.6539;0.73437;48.7019;0.59704;48.606;0.87169;12
20:57:38.944;48.6549;0.73471;48.7028;0.59738;48.6069;0.87203;12
20:57:39.248;48.6567;0.73711;48.7046;0.59978;48.6087;0.87444;12
20:57:39.350;48.6582;0.73883;48.7062;0.6015;48.6103;0.87615;12
20:57:39.350;48.6601;0.74055;48.708;0.60322;48.6121;0.87787;12
20:57:39.350;48.6617;0.74295;48.7096;0.60562;48.6137;0.88027;12
20:57:39.350;48.6628;0.7457;48.7107;0.60837;48.6148;0.88302;12
20:57:39.350;48.6632;0.7481;48.7112;0.61077;48.6153;0.88542;12
20:57:39.351;48.6635;0.74982;48.7114;0.61249;48.6155;0.88714;12
20:57:39.553;48.6635;0.75119;48.7114;0.61386;48.6155;0.88851;12
20:57:39.599;48.6635;0.75359;48.7114;0.61626;48.6155;0.89092;12
20:57:39.599;48.6635;0.75634;48.7114;0.61901;48.6155;0.89366;12
20:57:39.599;48.6635;0.75977;48.7114;0.62244;48.6155;0.8971;12
20:57:39.599;48.6632;0.76355;48.7112;0.62622;48.6153;0.90087;12
20:57:39.599;48.6632;0.76733;48.7112;0.63;48.6153;0.90465;12
20:57:39.599;48.6632;0.77282;48.7112;0.63549;48.6153;0.91014;12
20:57:39.599;48.6632;0.77866;48.7112;0.64133;48.6153;0.91598;12
20:57:39.599;48.663;0.78415;48.7109;0.64682;48.615;0.92147;12
20:57:39.600;48.6628;0.78896;48.7107;0.65163;48.6148;0.92628;12
20:57:39.600;48.6626;0.79376;48.7105;0.65643;48.6146;0.93109;12
20:57:39.600;48.6621;0.79685;48.71;0.65952;48.6141;0.93418;12
20:57:39.601;48.6617;0.79857;48.7096;0.66124;48.6137;0.93589;12
20:57:39.602;48.6612;0.80029;48.7091;0.66296;48.6132;0.93761;12
20:57:39.602;48.661;0.80097;48.7089;0.66364;48.613;0.9383;12
20:57:39.778;48.6605;0.802;48.7085;0.66467;48.6125;0.93933;12
20:57:39.778;48.6596;0.80269;48.7076;0.66536;48.6116;0.94001;12
20:57:39.778;48.6585;0.80406;48.7064;0.66673;48.6105;0.94139;12
20:57:39.778;48.6573;0.80544;48.7053;0.66811;48.6094;0.94276;12
20:57:39.778;48.656;0.80715;48.7039;0.66982;48.608;0.94448;12
20:57:39.778;48.6544;0.80956;48.7023;0.67223;48.6064;0.94688;12
20:57:39.778;48.6526;0.81264;48.7005;0.67532;48.6046;0.94997;12
20:57:39.778;48.651;0.81539;48.699;0.67806;48.603;0.95272;12
20:57:39.778;48.6499;0.81642;48.6978;0.67909;48.6019;0.95375;12
20:57:40.251;48.6499;0.81779;48.6978;0.68047;48.6019;0.95512;12
20:57:40.334;48.6499;0.82157;48.6978;0.68424;48.6019;0.9589;12
20:57:40.334;48.6501;0.82844;48.698;0.69111;48.6021;0.96576;12
20:57:40.334;48.6505;0.83805;48.6985;0.70072;48.6026;0.97537;12
20:57:40.334;48.6508;0.8511;48.6987;0.71377;48.6028;0.98842;12
20:57:40.335;48.6515;0.86483;48.6994;0.7275;48.6035;1.00215;12
20:57:40.401;48.6526;0.87753;48.7005;0.7402;48.6046;1.01486;12
20:57:40.401;48.6535;0.88955;48.7014;0.75222;48.6055;1.02687;12
20:57:40.401;48.6539;0.89745;48.7019;0.76012;48.606;1.03477;12
20:57:40.401;48.6542;0.90294;48.7021;0.76561;48.6062;1.04026;12
20:57:40.462;48.6542;0.90534;48.7021;0.76801;48.6062;1.04267;12
20:57:40.462;48.6542;0.90569;48.7021;0.76836;48.6062;1.04301;12
20:57:41.000;48.653;0.90912;48.701;0.77179;48.605;1.04644;12
20:57:41.000;48.6517;0.91461;48.6996;0.77728;48.6037;1.05194;12
20:57:41.000;48.6501;0.92113;48.698;0.78381;48.6021;1.05846;12
20:57:41.000;48.6483;0.92731;48.6962;0.78999;48.6003;1.06464;12
20:57:41.000;48.6458;0.93384;48.6937;0.79651;48.5978;1.07116;12
20:57:41.176;48.6338;0.95306;48.6817;0.81573;48.5858;1.09039;12
20:57:41.176;48.6326;0.95512;48.6806;0.81779;48.5846;1.09245;12
20:57:41.176;48.631;0.95753;48.679;0.8202;48.583;1.09485;12
20:57:41.176;48.6299;0.96027;48.6779;0.82294;48.5819;1.0976;12
20:57:41.176;48.6294;0.96165;48.6774;0.82432;48.5814;1.09897;12
20:57:43.525;48.6285;0.96165;48.6765;0.82432;48.5805;1.09897;12
20:57:43.596;48.6276;0.96165;48.6756;0.82432;48.5796;1.09897;12
20:57:43.596;48.6267;0.96199;48.6747;0.82466;48.5787;1.09931;12
20:57:43.596;48.6256;0.96233;48.6736;0.825;48.5776;1.09966;12
20:57:43.596;48.6247;0.96302;48.6726;0.82569;48.5767;1.10034;12
20:57:43.700;48.6238;0.96371;48.6717;0.82638;48.5758;1.10103;12
20:57:43.701;48.6233;0.96439;48.6713;0.82706;48.5753;1.10172;12
20:57:43.838;48.6226;0.96508;48.6706;0.82775;48.5746;1.1024;12
20:57:43.842;48.6222;0.96542;48.6702;0.82809;48.5742;1.10275;12
20:57:43.842;48.6206;0.96542;48.6686;0.82809;48.5726;1.10275;12
20:57:43.842;48.6201;0.96542;48.6681;0.82809;48.5721;1.10275;12
20:57:43.842;48.6197;0.96577;48.6677;0.82844;48.5717;1.10309;12
20:57:43.842;48.6192;0.96577;48.6672;0.82844;48.5712;1.10309;12
20:57:43.842;48.6188;0.96577;48.6668;0.82844;48.5708;1.10309;12
20:57:43.842;48.6185;0.96577;48.6665;0.82844;48.5705;1.10309;12
20:57:45.379;48.6197;0.96577;48.6677;0.82844;48.5717;1.1031;12
20:57:45.380;48.6197;0.96577;48.6677;0.82844;48.5717;1.1031;12
20:57:45.380;48.6197;0.96577;48.6677;0.82844;48.5717;1.1031;12
20:57:45.380;48.6197;0.96577;48.6677;0.82844;48.5717;1.1031;12
20:57:45.380;48.6197;0.96577;48.6677;0.82844;48.5717;1.1031;12
20:57:45.814;48.6197;0.96577;48.6677;0.82844;48.5717;1.1031;12
20:57:45.814;48.6197;0.96577;48.6677;0.82844;48.5717;1.1031;12
20:57:45.814;48.6197;0.96577;48.6677;0.82844;48.5717;1.1031;12
20:57:45.815;48.6197;0.96577;48.6677;0.82844;48.5717;1.1031;12
20:57:45.815;48.6197;0.96577;48.6677;0.82844;48.5717;1.1031;12
20:57:45.815;48.6197;0.96577;48.6677;0.82844;48.5717;1.1031;12
20:57:45.815;48.6197;0.96577;48.6677;0.82844;48.5717;1.1031;12
20:57:45.815;48.6197;0.96577;48.6677;0.82844;48.5717;1.1031;12
20:57:45.815;48.6197;0.96577;48.6677;0.82844;48.5717;1.1031;12
20:57:45.815;48.6197;0.96577;48.6677;0.82844;48.5717;1.1031;12
20:57:45.815;48.6197;0.96577;48.6677;0.82844;48.5717;1.1031;12
20:57:45.815;48.6197;0.96577;48.6677;0.82844;48.5717;1.1031;12
20:57:45.815;48.6197;0.96577;48.6677;0.82844;48.5717;1.1031;12
20:57:45.815;48.6197;0.96577;48.6677;0.82844;48.5717;1.1031;12
20:57:45.815;48.6197;0.96577;48.6677;0.82844;48.5717;1.1031;12
20:57:45.815;48.6197;0.96577;48.6677;0.82844;48.5717;1.1031;12
20:57:45.815;48.6197;0.96577;48.6677;0.82844;48.5717;1.1031;12
20:57:45.815;48.6197;0.96577;48.6677;0.82844;48.5717;1.1031;12
20:57:45.815;48.6197;0.96577;48.6677;0.82844;48.5717;1.1031;12
20:57:45.815;48.6197;0.96577;48.6677;0.82844;48.5717;1.1031;12
20:57:45.815;48.6197;0.96577;48.6677;0.82844;48.5717;1.1031;12
20:57:45.816;48.6197;0.96577;48.6677;0.82844;48.5717;1.1031;12
20:57:45.816;48.6197;0.96577;48.6677;0.82844;48.5717;1.1031;12
20:57:45.816;48.6197;0.96577;48.6677;0.82844;48.5717;1.1031;12
20:57:45.816;48.6197;0.96577;48.6677;0.82844;48.5717;1.1031;12
20:57:45.816;48.6197;0.96577;48.6677;0.82844;48.5717;1.1031;12
20:57:45.816;48.6197;0.96577;48.6677;0.82844;48.5717;1.1031;12
20:57:45.816;48.6197;0.96577;48.6677;0.82844;48.5717;1.1031;12
20:57:45.816;48.6197;0.96577;48.6677;0.82844;48.5717;1.1031;12
20:57:45.816;48.6197;0.96577;48.6677;0.82844;48.5717;1.1031;12
20:57:45.816;48.6197;0.96577;48.6677;0.82844;48.5717;1.1031;12
20:57:45.816;48.6197;0.96577;48.6677;0.82844;48.5717;1.1031;12
20:57:45.817;48.6197;0.96577;48.6677;0.82844;48.5717;1.1031;12
20:57:45.817;48.6197;0.96577;48.6677;0.82844;48.5717;1.1031;12
20:57:45.817;48.6197;0.96577;48.6677;0.82844;48.5717;1.1031;12
20:57:45.817;48.6197;0.96577;48.6677;0.82844;48.5717;1.1031;12
20:57:45.817;48.6197;0.96577;48.6677;0.82844;48.5717;1.1031;12
20:57:45.817;48.6197;0.96577;48.6677;0.82844;48.5717;1.1031;12
20:57:45.817;48.6197;0.96577;48.6677;0.82844;48.5717;1.1031;12
20:57:45.817;48.6197;0.96577;48.6677;0.82844;48.5717;1.1031;12
20:57:46.983;48.6197;0.96577;48.6677;0.82844;48.5717;1.1031;12
20:57:46.983;48.6197;0.96577;48.6677;0.82844;48.5717;1.1031;12
20:57:46.983;48.6197;0.96577;48.6677;0.82844;48.5717;1.1031;12
20:57:46.983;48.6197;0.96577;48.6677;0.82844;48.5717;1.1031;12
20:57:46.983;48.6197;0.96577;48.6677;0.82844;48.5717;1.1031;12
20:57:46.983;48.6197;0.96577;48.6677;0.82844;48.5717;1.1031;12
20:57:46.984;48.6197;0.96577;48.6677;0.82844;48.5717;1.1031;12
20:57:46.984;48.6197;0.96577;48.6677;0.82844;48.5717;1.1031;12
20:57:46.984;48.6197;0.96577;48.6677;0.82844;48.5717;1.1031;12
20:57:46.984;48.6197;0.96577;48.6677;0.82844;48.5717;1.1031;12
20:57:46.984;48.6197;0.96577;48.6677;0.82844;48.5717;1.1031;12
20:57:46.984;48.6197;0.96577;48.6677;0.82844;48.5717;1.1031;12
20:57:46.984;48.6197;0.96577;48.6677;0.82844;48.5717;1.1031;12
20:57:46.984;48.6197;0.96577;48.6677;0.82844;48.5717;1.1031;12
20:57:46.984;48.6197;0.96577;48.6677;0.82844;48.5717;1.1031;12
20:57:46.984;48.6197;0.96577;48.6677;0.82844;48.5717;1.1031;12
20:57:46.984;48.6197;0.96577;48.6677;0.82844;48.5717;1.1031;12
20:57:46.984;48.6197;0.96577;48.6677;0.82844;48.5717;1.1031;12
20:57:46.984;48.6197;0.96577;48.6677;0.82844;48.5717;1.1031;12
20:57:46.984;48.6197;0.96577;48.6677;0.82844;48.5717;1.1031;12
20:57:46.984;48.6197;0.96577;48.6677;0.82844;48.5717;1.1031;12
20:57:46.985;48.6197;0.96577;48.6677;0.82844;48.5717;1.1031;12
20:57:46.985;48.6197;0.96577;48.6677;0.82844;48.5717;1.1031;12
20:57:46.985;48.6197;0.96577;48.6677;0.82844;48.5717;1.1031;12
20:57:46.985;48.6197;0.96577;48.6677;0.82844;48.5717;1.1031;12
20:57:46.985;48.6197;0.96577;48.6677;0.82844;48.5717;1.1031;12
20:57:46.985;48.6197;0.96577;48.6677;0.82844;48.5717;1.1031;12
20:57:46.985;48.6197;0.96577;48.6677;0.82844;48.5717;1.1031;12
20:57:46.985;48.6197;0.96577;48.6677;0.82844;48.5717;1.1031;12
20:57:46.985;48.6197;0.96577;48.6677;0.82844;48.5717;1.1031;12
20:57:46.985;48.6197;0.96577;48.6677;0.82844;48.5717;1.1031;12
20:57:46.985;48.6197;0.96577;48.6677;0.82844;48.5717;1.1031;12
20:57:46.985;48.6197;0.96577;48.6677;0.82844;48.5717;1.1031;12
20:57:46.985;48.6197;0.96577;48.6677;0.82844;48.5717;1.1031;12
20:57:46.985;48.6197;0.96577;48.6677;0.82844;48.5717;1.1031;12
20:57:46.986;48.6197;0.96577;48.6677;0.82844;48.5717;1.1031;12
20:57:46.986;48.6197;0.96577;48.6677;0.82844;48.5717;1.1031;12
20:57:46.986;48.6197;0.96577;48.6677;0.82844;48.5717;1.1031;12
20:57:46.986;48.6197;0.96577;48.6677;0.82844;48.5717;1.1031;12
20:57:46.986;48.6197;0.96577;48.6677;0.82844;48.5717;1.1031;12
20:57:48.152;48.6197;0.96577;48.6677;0.82844;48.5717;1.1031;12
20:57:48.152;48.6197;0.96577;48.6677;0.82844;48.5717;1.1031;12
20:57:48.152;48.6197;0.96577;48.6677;0.82844;48.5717;1.1031;12
20:57:48.152;48.6197;0.96577;48.6677;0.82844;48.5717;1.1031;12
20:57:48.152;48.6197;0.96577;48.6677;0.82844;48.5717;1.1031;12
20:57:48.152;48.6197;0.96577;48.6677;0.82844;48.5717;1.1031;12
20:57:48.152;48.6197;0.96577;48.6677;0.82844;48.5717;1.1031;12
20:57:48.152;48.6197;0.96577;48.6677;0.82844;48.5717;1.1031;12
20:57:48.152;48.6197;0.96577;48.6677;0.82844;48.5717;1.1031;12
20:57:48.152;48.6197;0.96577;48.6677;0.82844;48.5717;1.1031;12
20:57:48.152;48.6197;0.96577;48.6677;0.82844;48.5717;1.1031;12
20:57:48.152;48.6197;0.96577;48.6677;0.82844;48.5717;1.1031;12
20:57:48.152;48.6197;0.96577;48.6677;0.82844;48.5717;1.1031;12
20:57:48.152;48.6197;0.96577;48.6677;0.82844;48.5717;1.1031;12
20:57:48.152;48.6197;0.96577;48.6677;0.82844;48.5717;1.1031;12
20:57:48.152;48.6197;0.96577;48.6677;0.82844;48.5717;1.1031;12
20:57:48.152;48.6197;0.96577;48.6677;0.82844;48.5717;1.1031;12
20:57:48.152;48.6197;0.96577;48.6677;0.82844;48.5717;1.1031;12
20:57:48.153;48.6197;0.96577;48.6677;0.82844;48.5717;1.1031;12
20:57:48.153;48.6197;0.96577;48.6677;0.82844;48.5717;1.1031;12
20:57:48.153;48.6197;0.96577;48.6677;0.82844;48.5717;1.1031;12
20:57:48.153;48.6197;0.96577;48.6677;0.82844;48.5717;1.1031;12
20:57:48.153;48.6197;0.96577;48.6677;0.82844;48.5717;1.1031;12
20:57:48.153;48.6197;0.96577;48.6677;0.82844;48.5717;1.1031;12
20:57:48.153;48.6197;0.96577;48.6677;0.82844;48.5717;1.1031;12
20:57:48.153;48.6197;0.96577;48.6677;0.82844;48.5717;1.1031;12
20:57:48.153;48.6197;0.96577;48.6677;0.82844;48.5717;1.1031;12
20:57:48.153;48.6197;0.96577;48.6677;0.82844;48.5717;1.1031;12
20:57:48.153;48.6197;0.96577;48.6677;0.82844;48.5717;1.1031;12
20:57:48.153;48.6197;0.96577;48.6677;0.82844;48.5717;1.1031;12
20:57:48.154;48.6197;0.96577;48.6677;0.82844;48.5717;1.1031;12
20:57:48.154;48.6197;0.96577;48.6677;0.82844;48.5717;1.1031;12
20:57:48.154;48.6197;0.96577;48.6677;0.82844;48.5717;1.1031;12
20:57:48.154;48.6197;0.96577;48.6677;0.82844;48.5717;1.1031;12
20:57:48.154;48.6197;0.96577;48.6677;0.82844;48.5717;1.1031;12
20:57:48.154;48.6197;0.96577;48.6677;0.82844;48.5717;1.1031;12
20:57:48.154;48.6197;0.96577;48.6677;0.82844;48.5717;1.1031;12
20:57:48.154;48.6197;0.96577;48.6677;0.82844;48.5717;1.1031;12
20:57:48.154;48.6197;0.96577;48.6677;0.82844;48.5717;1.1031;12
20:57:48.154;48.6197;0.96577;48.6677;0.82844;48.5717;1.1031;12
20:57:48.524;48.6197;0.96543;48.6677;0.8281;48.5717;1.10275;12
20:57:48.595;48.6197;0.96509;48.6677;0.82776;48.5717;1.10241;12
20:57:48.596;48.6197;0.96474;48.6677;0.82741;48.5717;1.10207;12
20:57:48.597;48.6197;0.96406;48.6677;0.82673;48.5717;1.10138;12
20:57:48.597;48.6197;0.96371;48.6677;0.82638;48.5717;1.10104;12
20:57:48.638;48.6199;0.96303;48.6679;0.8257;48.5719;1.10035;12
20:57:48.939;48.6199;0.96268;48.6679;0.82535;48.5719;1.10001;12
20:57:49.072;48.6199;0.962;48.6679;0.82467;48.5719;1.09932;12
20:57:49.072;48.6199;0.96165;48.6679;0.82432;48.5719;1.09898;12
20:57:49.228;48.6199;0.95925;48.6679;0.82192;48.5719;1.09657;12
20:57:49.228;48.6199;0.95891;48.6679;0.82158;48.5719;1.09623;12
20:57:49.228;48.6201;0.95822;48.6681;0.82089;48.5721;1.09554;12
20:57:49.229;48.6206;0.95753;48.6686;0.8202;48.5726;1.09486;12
20:57:49.240;48.6211;0.95719;48.669;0.81986;48.573;1.09451;12
20:57:49.312;48.6215;0.9565;48.6695;0.81917;48.5735;1.09383;12
20:57:49.312;48.6224;0.95582;48.6704;0.81849;48.5744;1.09314;12
20:57:49.312;48.6233;0.95513;48.6713;0.8178;48.5753;1.09245;12
20:57:49.312;48.6245;0.95479;48.6724;0.81746;48.5764;1.09211;12
20:57:49.468;48.6256;0.95444;48.6736;0.81711;48.5776;1.09177;12
20:57:49.471;48.6267;0.9541;48.6747;0.81677;48.5787;1.09142;12
20:57:49.471;48.6283;0.95376;48.6763;0.81643;48.5803;1.09108;12
20:57:49.471;48.6295;0.95376;48.6774;0.81643;48.5814;1.09108;12
20:57:49.471;48.6304;0.95376;48.6783;0.81643;48.5824;1.09108;12
20:57:49.471;48.6308;0.95376;48.6788;0.81643;48.5828;1.09108;12
20:57:49.472;48.6313;0.95376;48.6792;0.81643;48.5832;1.09108;12
20:57:49.472;48.6315;0.95376;48.6795;0.81643;48.5835;1.09108;12
20:57:49.993;48.6315;0.95444;48.6795;0.81711;48.5835;1.09177;12
20:57:50.064;48.6319;0.95582;48.6799;0.81849;48.5839;1.09314;12
20:57:50.064;48.6324;0.9565;48.6804;0.81917;48.5844;1.09383;12
20:57:50.078;48.6326;0.95753;48.6806;0.8202;48.5846;1.09486;12
20:57:50.078;48.6331;0.95822;48.681;0.82089;48.5851;1.09554;12
20:57:50.079;48.6335;0.95925;48.6815;0.82192;48.5855;1.09657;12
20:57:50.163;48.6338;0.96062;48.6817;0.82329;48.5858;1.09795;12
20:57:50.163;48.6342;0.96165;48.6822;0.82432;48.5862;1.09898;12
20:57:50.163;48.6347;0.96337;48.6826;0.82604;48.5867;1.10069;12
20:57:50.163;48.6351;0.96543;48.6831;0.8281;48.5871;1.10275;12
20:57:50.163;48.6356;0.96715;48.6835;0.82982;48.5876;1.10447;12
20:57:50.279;48.636;0.96852;48.684;0.83119;48.588;1.10584;12
20:57:50.280;48.6363;0.96989;48.6842;0.83256;48.5882;1.10722;12
20:57:50.280;48.6363;0.97058;48.6842;0.83325;48.5882;1.1079;12
20:57:50.280;48.6365;0.97161;48.6844;0.83428;48.5885;1.10893;12
20:57:50.280;48.6365;0.9723;48.6844;0.83497;48.5885;1.10962;12
20:57:50.280;48.6365;0.97298;48.6844;0.83565;48.5885;1.11031;12
20:57:50.280;48.6365;0.97367;48.6844;0.83634;48.5885;1.11099;12
20:57:50.399;48.6365;0.97436;48.6844;0.83703;48.5885;1.11168;12
20:57:50.399;48.6365;0.9747;48.6844;0.83737;48.5885;1.11202;12
20:57:50.399;48.6363;0.9747;48.6842;0.83737;48.5882;1.11202;12
20:57:50.399;48.636;0.97504;48.684;0.83771;48.588;1.11237;12
20:57:50.399;48.6356;0.97573;48.6835;0.8384;48.5876;1.11305;12
20:57:50.413;48.6351;0.97607;48.6831;0.83874;48.5871;1.1134;12
20:57:50.616;48.6347;0.97676;48.6826;0.83943;48.5867;1.11408;12
20:57:50.630;48.6342;0.97676;48.6822;0.83943;48.5862;1.11408;12
20:57:50.630;48.6335;0.97676;48.6815;0.83943;48.5855;1.11408;12
20:57:50.630;48.6331;0.97676;48.681;0.83943;48.5851;1.11408;12
20:57:50.630;48.6326;0.97676;48.6806;0.83943;48.5846;1.11408;12
20:57:50.630;48.6322;0.97676;48.6801;0.83943;48.5842;1.11408;12
20:57:50.631;48.6315;0.97676;48.6795;0.83943;48.5835;1.11408;12
20:57:50.631;48.6306;0.97642;48.6786;0.83909;48.5826;1.11374;12
20:57:50.631;48.6301;0.97573;48.6781;0.8384;48.5821;1.11305;12
20:57:50.632;48.6292;0.97539;48.6772;0.83806;48.5812;1.11271;12
20:57:50.632;48.6288;0.9747;48.6767;0.83737;48.5808;1.11202;12
20:57:50.632;48.6285;0.97401;48.6765;0.83668;48.5805;1.11134;12
20:57:50.632;48.6281;0.97333;48.6761;0.836;48.5801;1.11065;12
20:57:50.644;48.6276;0.97298;48.6756;0.83565;48.5796;1.11031;12
20:57:50.729;48.6272;0.9723;48.6752;0.83497;48.5792;1.10962;12
20:57:50.729;48.6267;0.97195;48.6747;0.83462;48.5787;1.10928;12
20:57:50.729;48.6263;0.97127;48.6742;0.83394;48.5783;1.10859;12
20:57:50.729;48.6258;0.97058;48.6738;0.83325;48.5778;1.1079;12
20:57:50.729;48.6251;0.96955;48.6731;0.83222;48.5771;1.10687;12
20:57:51.510;48.6199;0.96268;48.6679;0.82535;48.5719;1.10001;12
20:57:51.510;48.6199;0.96268;48.6679;0.82535;48.5719;1.10001;12
20:57:51.510;48.6199;0.96268;48.6679;0.82535;48.5719;1.10001;12
20:57:51.510;48.6199;0.96268;48.6679;0.82535;48.5719;1.10001;12
20:57:51.510;48.6199;0.96268;48.6679;0.82535;48.5719;1.10001;12
20:57:52.841;48.6315;0.95444;48.6795;0.81711;48.5835;1.09177;12
20:57:52.841;48.6315;0.95444;48.6795;0.81711;48.5835;1.09177;12
20:57:52.841;48.6315;0.95444;48.6795;0.81711;48.5835;1.09177;12
20:57:52.841;48.6315;0.95444;48.6795;0.81711;48.5835;1.09177;12
20:57:52.841;48.6315;0.95444;48.6795;0.81711;48.5835;1.09177;12
20:57:52.841;48.6315;0.95444;48.6795;0.81711;48.5835;1.09177;12
20:57:52.841;48.6315;0.95444;48.6795;0.81711;48.5835;1.09177;12
20:57:52.841;48.6315;0.95444;48.6795;0.81711;48.5835;1.09177;12
20:57:52.841;48.6315;0.95444;48.6795;0.81711;48.5835;1.09177;12
20:57:52.841;48.6315;0.95444;48.6795;0.81711;48.5835;1.09177;12
20:57:52.844;48.6315;0.95444;48.6795;0.81711;48.5835;1.09177;12
20:57:52.844;48.6315;0.95444;48.6795;0.81711;48.5835;1.09177;12
20:57:52.844;48.6315;0.95444;48.6795;0.81711;48.5835;1.09177;12
20:57:52.845;48.6315;0.95444;48.6795;0.81711;48.5835;1.09177;12
20:57:52.845;48.6315;0.95444;48.6795;0.81711;48.5835;1.09177;12
20:57:52.845;48.6315;0.95444;48.6795;0.81711;48.5835;1.09177;12
20:57:52.845;48.6315;0.95444;48.6795;0.81711;48.5835;1.09177;12
20:57:52.845;48.6315;0.95444;48.6795;0.81711;48.5835;1.09177;12
20:57:52.845;48.6315;0.95444;48.6795;0.81711;48.5835;1.09177;12
20:57:52.845;48.6315;0.95444;48.6795;0.81711;48.5835;1.09177;12
20:57:52.845;48.6315;0.95444;48.6795;0.81711;48.5835;1.09177;12
20:57:52.845;48.6319;0.95582;48.6799;0.81849;48.5839;1.09315;12
20:57:52.845;48.6319;0.95582;48.6799;0.81849;48.5839;1.09315;12
20:57:52.845;48.6319;0.95582;48.6799;0.81849;48.5839;1.09315;12
20:57:52.845;48.6319;0.95582;48.6799;0.81849;48.5839;1.09315;12
20:57:52.846;48.6319;0.95582;48.6799;0.81849;48.5839;1.09315;12
20:57:52.846;48.6319;0.95582;48.6799;0.81849;48.5839;1.09315;12
20:57:52.846;48.6319;0.95582;48.6799;0.81849;48.5839;1.09315;12
20:57:52.846;48.6319;0.95582;48.6799;0.81849;48.5839;1.09315;12
20:57:52.846;48.6319;0.95582;48.6799;0.81849;48.5839;1.09315;12
20:57:52.846;48.6319;0.95582;48.6799;0.81849;48.5839;1.09315;12
20:57:52.846;48.6319;0.95582;48.6799;0.81849;48.5839;1.09315;12
20:57:52.846;48.6319;0.95582;48.6799;0.81849;48.5839;1.09315;12
20:57:52.846;48.6319;0.95582;48.6799;0.81849;48.5839;1.09315;12
20:57:52.846;48.6319;0.95582;48.6799;0.81849;48.5839;1.09315;12
20:57:52.846;48.6319;0.95582;48.6799;0.81849;48.5839;1.09315;12
20:57:52.846;48.6319;0.95582;48.6799;0.81849;48.5839;1.09315;12
20:57:52.846;48.6319;0.95582;48.6799;0.81849;48.5839;1.09315;12
20:57:52.847;48.6319;0.95582;48.6799;0.81849;48.5839;1.09315;12
20:57:52.847;48.6319;0.95582;48.6799;0.81849;48.5839;1.09315;12
20:57:55.104;48.6331;0.97676;48.681;0.83943;48.5851;1.11408;12
20:57:55.104;48.6331;0.97676;48.681;0.83943;48.5851;1.11408;12
20:57:55.104;48.6331;0.97676;48.681;0.83943;48.5851;1.11408;12
20:57:55.104;48.6331;0.97676;48.681;0.83943;48.5851;1.11408;12
20:57:55.104;48.6331;0.97676;48.681;0.83943;48.5851;1.11408;12
20:57:55.104;48.6331;0.97676;48.681;0.83943;48.5851;1.11408;12
20:57:55.104;48.6331;0.97676;48.681;0.83943;48.5851;1.11408;12
20:57:55.104;48.6331;0.97676;48.681;0.83943;48.5851;1.11408;12
20:57:55.104;48.6331;0.97676;48.681;0.83943;48.5851;1.11408;12
20:57:55.105;48.6331;0.97676;48.681;0.83943;48.5851;1.11408;12
20:57:55.105;48.6331;0.97676;48.681;0.83943;48.5851;1.11408;12
20:57:55.105;48.6331;0.97676;48.681;0.83943;48.5851;1.11408;12
20:57:55.105;48.6331;0.97676;48.681;0.83943;48.5851;1.11408;12
20:57:55.105;48.6331;0.97676;48.681;0.83943;48.5851;1.11408;12
20:57:55.105;48.6331;0.97676;48.681;0.83943;48.5851;1.11408;12
20:57:55.105;48.6331;0.97676;48.681;0.83943;48.5851;1.11408;12
20:57:55.105;48.6331;0.97676;48.681;0.83943;48.5851;1.11408;12
20:57:55.105;48.6331;0.97676;48.681;0.83943;48.5851;1.11408;12
20:57:55.105;48.6326;0.97676;48.6806;0.83943;48.5846;1.11408;12
20:57:55.105;48.6326;0.97676;48.6806;0.83943;48.5846;1.11408;12
20:57:55.105;48.6326;0.97676;48.6806;0.83943;48.5846;1.11408;12
20:57:55.105;48.6326;0.97676;48.6806;0.83943;48.5846;1.11408;12
20:57:55.105;48.6326;0.97676;48.6806;0.83943;48.5846;1.11408;12
20:57:55.106;48.6326;0.97676;48.6806;0.83943;48.5846;1.11408;12
20:57:55.106;48.6326;0.97676;48.6806;0.83943;48.5846;1.11408;12
20:57:55.106;48.6326;0.97676;48.6806;0.83943;48.5846;1.11408;12
20:57:55.106;48.6326;0.97676;48.6806;0.83943;48.5846;1.11408;12
20:57:55.106;48.6326;0.97676;48.6806;0.83943;48.5846;1.11408;12
20:57:55.106;48.6326;0.97676;48.6806;0.83943;48.5846;1.11408;12
20:57:55.106;48.6326;0.97676;48.6806;0.83943;48.5846;1.11408;12
20:57:55.106;48.6326;0.97676;48.6806;0.83943;48.5846;1.11408;12
20:57:55.106;48.6326;0.97676;48.6806;0.83943;48.5846;1.11408;12
20:57:55.106;48.6326;0.97676;48.6806;0.83943;48.5846;1.11408;12
20:57:55.106;48.6326;0.97676;48.6806;0.83943;48.5846;1.11408;12
20:57:55.106;48.6326;0.97676;48.6806;0.83943;48.5846;1.11408;12
20:57:55.106;48.6326;0.97676;48.6806;0.83943;48.5846;1.11408;12
20:57:55.106;48.6326;0.97676;48.6806;0.83943;48.5846;1.11408;12
20:57:55.107;48.6326;0.97676;48.6806;0.83943;48.5846;1.11408;12
20:57:55.107;48.6326;0.97676;48.6806;0.83943;48.5846;1.11408;12
20:57:55.107;48.6322;0.97676;48.6801;0.83943;48.5842;1.11408;12
20:57:55.391;48.6315;0.95444;48.6795;0.81711;48.5835;1.09177;12
20:57:55.391;48.6315;0.95444;48.6795;0.81711;48.5835;1.09177;12
20:57:55.392;48.6315;0.95444;48.6795;0.81711;48.5835;1.09177;12
20:57:55.392;48.6315;0.95444;48.6795;0.81711;48.5835;1.09177;12
20:57:55.392;48.6315;0.95444;48.6795;0.81711;48.5835;1.09177;12
20:57:55.392;48.6315;0.95444;48.6795;0.81711;48.5835;1.09177;12
20:57:55.392;48.6315;0.95444;48.6795;0.81711;48.5835;1.09177;12
20:57:55.392;48.6315;0.95444;48.6795;0.81711;48.5835;1.09177;12
20:57:55.392;48.6315;0.95444;48.6795;0.81711;48.5835;1.09177;12
20:57:55.392;48.6315;0.95444;48.6795;0.81711;48.5835;1.09177;12
20:57:55.392;48.6315;0.95444;48.6795;0.81711;48.5835;1.09177;12
20:57:55.392;48.6315;0.95444;48.6795;0.81711;48.5835;1.09177;12
20:57:55.392;48.6315;0.95444;48.6795;0.81711;48.5835;1.09177;12
20:57:55.392;48.6315;0.95444;48.6795;0.81711;48.5835;1.09177;12
20:57:55.392;48.6315;0.95444;48.6795;0.81711;48.5835;1.09177;12
20:57:55.392;48.6315;0.95444;48.6795;0.81711;48.5835;1.09177;12
20:57:55.392;48.6315;0.95444;48.6795;0.81711;48.5835;1.09177;12
20:57:55.392;48.6315;0.95444;48.6795;0.81711;48.5835;1.09177;12
20:57:55.392;48.6315;0.95444;48.6795;0.81711;48.5835;1.09177;12
20:57:55.392;48.6315;0.95444;48.6795;0.81711;48.5835;1.09177;12
20:57:55.392;48.6315;0.95444;48.6795;0.81711;48.5835;1.09177;12
20:57:55.392;48.6315;0.95444;48.6795;0.81711;48.5835;1.09177;12
20:57:55.392;48.6315;0.95444;48.6795;0.81711;48.5835;1.09177;12
20:57:55.392;48.6315;0.95444;48.6795;0.81711;48.5835;1.09177;12
20:57:55.392;48.6315;0.95444;48.6795;0.81711;48.5835;1.09177;12
20:57:55.392;48.6315;0.95444;48.6795;0.81711;48.5835;1.09177;12
20:57:55.392;48.6315;0.95444;48.6795;0.81711;48.5835;1.09177;12
20:57:55.392;48.6315;0.95444;48.6795;0.81711;48.5835;1.09177;12
20:57:55.392;48.6315;0.95444;48.6795;0.81711;48.5835;1.09177;12
20:57:55.393;48.6315;0.95444;48.6795;0.81711;48.5835;1.09177;12
20:57:55.393;48.6315;0.95444;48.6795;0.81711;48.5835;1.09177;12
20:57:55.393;48.6315;0.95444;48.6795;0.81711;48.5835;1.09177;12
20:57:55.393;48.6315;0.95444;48.6795;0.81711;48.5835;1.09177;12
20:57:55.393;48.6315;0.95444;48.6795;0.81711;48.5835;1.09177;12
20:57:55.393;48.6315;0.95444;48.6795;0.81711;48.5835;1.09177;12
20:57:55.393;48.6315;0.95444;48.6795;0.81711;48.5835;1.09177;12
20:57:55.393;48.6315;0.95444;48.6795;0.81711;48.5835;1.09177;12
20:57:55.393;48.6315;0.95444;48.6795;0.81711;48.5835;1.09177;12
20:57:55.393;48.6315;0.95444;48.6795;0.81711;48.5835;1.09177;12
20:57:55.393;48.6315;0.95444;48.6795;0.81711;48.5835;1.09177;12
20:57:55.553;48.6306;0.93316;48.6786;0.79583;48.5826;1.07049;12
20:57:55.553;48.6306;0.93316;48.6786;0.79583;48.5826;1.07049;12
20:57:55.553;48.6306;0.93316;48.6786;0.79583;48.5826;1.07049;12
20:57:55.553;48.6306;0.93316;48.6786;0.79583;48.5826;1.07049;12
20:57:56.702;48.6306;0.93316;48.6786;0.79583;48.5826;1.07049;12
20:57:56.702;48.6306;0.93316;48.6786;0.79583;48.5826;1.07049;12
20:57:56.702;48.6306;0.93316;48.6786;0.79583;48.5826;1.07049;12
20:57:56.702;48.6306;0.93316;48.6786;0.79583;48.5826;1.07049;12
20:57:56.703;48.6306;0.93316;48.6786;0.79583;48.5826;1.07049;12
20:57:56.703;48.6306;0.93316;48.6786;0.79583;48.5826;1.07049;12
20:57:56.703;48.6306;0.93316;48.6786;0.79583;48.5826;1.07049;12
20:57:56.703;48.6306;0.93316;48.6786;0.79583;48.5826;1.07049;12
20:57:56.703;48.6306;0.93316;48.6786;0.79583;48.5826;1.07049;12
20:57:56.703;48.6306;0.93316;48.6786;0.79583;48.5826;1.07049;12
20:57:56.703;48.6306;0.93316;48.6786;0.79583;48.5826;1.07049;12
20:57:56.703;48.6306;0.93316;48.6786;0.79583;48.5826;1.07049;12
20:57:56.703;48.6306;0.93316;48.6786;0.79583;48.5826;1.07049;12
20:57:56.703;48.6306;0.93316;48.6786;0.79583;48.5826;1.07049;12
20:57:56.703;48.6306;0.93316;48.6786;0.79583;48.5826;1.07049;12
20:57:57.513;48.6306;0.93316;48.6786;0.79583;48.5826;1.07049;12
20:57:57.513;48.6306;0.93316;48.6786;0.79583;48.5826;1.07049;12
20:57:57.513;48.6306;0.93316;48.6786;0.79583;48.5826;1.07049;12
20:57:57.513;48.6306;0.93316;48.6786;0.79583;48.5826;1.07049;12
20:57:57.513;48.6306;0.93316;48.6786;0.79583;48.5826;1.07049;12
20:57:57.513;48.6306;0.93316;48.6786;0.79583;48.5826;1.07049;12
20:57:57.513;48.6306;0.93316;48.6786;0.79583;48.5826;1.07049;12
20:57:57.513;48.6306;0.93316;48.6786;0.79583;48.5826;1.07049;12
20:57:57.513;48.6306;0.93316;48.6786;0.79583;48.5826;1.07049;12
20:57:57.513;48.6306;0.93316;48.6786;0.79583;48.5826;1.07049;12
20:57:57.513;48.6306;0.93316;48.6786;0.79583;48.5826;1.07049;12
20:57:57.513;48.6306;0.93316;48.6786;0.79583;48.5826;1.07049;12
20:57:57.513;48.6306;0.93316;48.6786;0.79583;48.5826;1.07049;12
20:57:57.513;48.6306;0.93316;48.6786;0.79583;48.5826;1.07049;12
20:57:57.513;48.6306;0.93316;48.6786;0.79583;48.5826;1.07049;12
20:57:57.513;48.6306;0.93316;48.6786;0.79583;48.5826;1.07049;12
20:57:57.513;48.6306;0.93316;48.6786;0.79583;48.5826;1.07049;12
20:57:57.513;48.6306;0.93316;48.6786;0.79583;48.5826;1.07049;12
20:57:57.513;48.6306;0.93316;48.6786;0.79583;48.5826;1.07049;12
20:57:57.513;48.6306;0.93316;48.6786;0.79583;48.5826;1.07049;12
20:57:57.514;48.6306;0.93316;48.6786;0.79583;48.5826;1.07049;12
20:57:57.514;48.6306;0.93316;48.6786;0.79583;48.5826;1.07049;12
20:57:57.514;48.6306;0.93316;48.6786;0.79583;48.5826;1.07049;12
20:57:57.514;48.6306;0.93316;48.6786;0.79583;48.5826;1.07049;12
20:57:57.514;48.6306;0.93316;48.6786;0.79583;48.5826;1.07049;12
20:57:57.514;48.6306;0.93316;48.6786;0.79583;48.5826;1.07049;12
20:57:57.514;48.6306;0.93316;48.6786;0.79583;48.5826;1.07049;12
20:57:57.514;48.6306;0.93316;48.6786;0.79583;48.5826;1.07049;12
20:57:57.514;48.6306;0.93316;48.6786;0.79583;48.5826;1.07049;12
20:57:57.514;48.6306;0.93316;48.6786;0.79583;48.5826;1.07049;12
20:57:57.514;48.6306;0.93316;48.6786;0.79583;48.5826;1.07049;12
20:57:57.514;48.6306;0.93316;48.6786;0.79583;48.5826;1.07049;12
20:57:57.514;48.6306;0.93316;48.6786;0.79583;48.5826;1.07049;12
20:57:57.515;48.6306;0.93316;48.6786;0.79583;48.5826;1.07049;12
20:57:57.515;48.6306;0.93316;48.6786;0.79583;48.5826;1.07049;12
20:57:57.515;48.6306;0.93316;48.6786;0.79583;48.5826;1.07049;12
20:57:57.515;48.6306;0.93316;48.6786;0.79583;48.5826;1.07049;12
20:57:57.515;48.6306;0.93316;48.6786;0.79583;48.5826;1.07049;12
20:57:57.515;48.6306;0.93316;48.6786;0.79583;48.5826;1.07049;12
20:57:57.515;48.6306;0.93316;48.6786;0.79583;48.5826;1.07049;12
20:57:58.696;48.6306;0.93316;48.6786;0.79583;48.5826;1.07049;12
20:57:58.696;48.6306;0.93316;48.6786;0.79583;48.5826;1.07049;12
20:57:58.696;48.6306;0.93316;48.6786;0.79583;48.5826;1.07049;12
20:57:58.696;48.6306;0.93316;48.6786;0.79583;48.5826;1.07049;12
20:57:58.696;48.6306;0.93316;48.6786;0.79583;48.5826;1.07049;12
20:57:58.697;48.6306;0.93316;48.6786;0.79583;48.5826;1.07049;12
20:57:58.697;48.6306;0.93316;48.6786;0.79583;48.5826;1.07049;12
20:57:58.697;48.6306;0.93316;48.6786;0.79583;48.5826;1.07049;12
20:57:58.697;48.6306;0.93316;48.6786;0.79583;48.5826;1.07049;12
20:57:58.697;48.6306;0.93316;48.6786;0.79583;48.5826;1.07049;12
20:57:58.697;48.6306;0.93316;48.6786;0.79583;48.5826;1.07049;12
20:57:58.697;48.6306;0.93316;48.6786;0.79583;48.5826;1.07049;12
20:57:58.697;48.6306;0.93316;48.6786;0.79583;48.5826;1.07049;12
20:57:58.697;48.6306;0.93316;48.6786;0.79583;48.5826;1.07049;12
20:57:58.697;48.6306;0.93316;48.6786;0.79583;48.5826;1.07049;12
20:57:58.697;48.6306;0.93316;48.6786;0.79583;48.5826;1.07049;12
20:57:58.697;48.6306;0.93316;48.6786;0.79583;48.5826;1.07049;12
20:57:58.697;48.6306;0.93316;48.6786;0.79583;48.5826;1.07049;12
20:57:58.698;48.6306;0.93316;48.6786;0.79583;48.5826;1.07049;12
20:57:58.698;48.6306;0.93316;48.6786;0.79583;48.5826;1.07049;12
20:57:58.698;48.6306;0.93316;48.6786;0.79583;48.5826;1.07049;12
20:57:58.698;48.6306;0.93316;48.6786;0.79583;48.5826;1.07049;12
20:57:58.698;48.6306;0.93316;48.6786;0.79583;48.5826;1.07049;12
20:57:58.698;48.6306;0.93316;48.6786;0.79583;48.5826;1.07049;12
20:57:58.698;48.6306;0.93316;48.6786;0.79583;48.5826;1.07049;12
20:57:58.698;48.6306;0.93316;48.6786;0.79583;48.5826;1.07049;12
20:57:58.698;48.6306;0.93316;48.6786;0.79583;48.5826;1.07049;12
20:57:58.698;48.6306;0.93316;48.6786;0.79583;48.5826;1.07049;12
20:57:58.698;48.6306;0.93316;48.6786;0.79583;48.5826;1.07049;12
20:57:58.699;48.6306;0.93316;48.6786;0.79583;48.5826;1.07049;12
20:57:58.699;48.6306;0.93316;48.6786;0.79583;48.5826;1.07049;12
20:57:58.699;48.6306;0.93316;48.6786;0.79583;48.5826;1.07049;12
20:57:58.699;48.6306;0.93316;48.6786;0.79583;48.5826;1.07049;12
20:57:58.699;48.6306;0.93316;48.6786;0.79583;48.5826;1.07049;12
20:57:58.699;48.6306;0.93316;48.6786;0.79583;48.5826;1.07049;12
20:57:58.699;48.6306;0.93316;48.6786;0.79583;48.5826;1.07049;12
20:57:58.699;48.6306;0.93316;48.6786;0.79583;48.5826;1.07049;12
20:57:58.699;48.6306;0.93316;48.6786;0.79583;48.5826;1.07049;12
20:57:58.699;48.6306;0.93316;48.6786;0.79583;48.5826;1.07049;12
20:57:58.699;48.6306;0.93316;48.6786;0.79583;48.5826;1.07049;12
20:57:59.877;48.6306;0.93316;48.6786;0.79583;48.5826;1.07049;12
20:57:59.877;48.6306;0.93316;48.6786;0.79583;48.5826;1.07049;12
20:57:59.877;48.6306;0.93316;48.6786;0.79583;48.5826;1.07049;12
20:57:59.877;48.6306;0.93316;48.6786;0.79583;48.5826;1.07049;12
20:57:59.877;48.6306;0.93316;48.6786;0.79583;48.5826;1.07049;12
20:57:59.878;48.6306;0.93316;48.6786;0.79583;48.5826;1.07049;12
20:57:59.878;48.6306;0.93316;48.6786;0.79583;48.5826;1.07049;12
20:57:59.878;48.6306;0.93316;48.6786;0.79583;48.5826;1.07049;12
20:57:59.878;48.6306;0.93316;48.6786;0.79583;48.5826;1.07049;12
20:57:59.878;48.6306;0.93316;48.6786;0.79583;48.5826;1.07049;12
20:57:59.878;48.6306;0.93316;48.6786;0.79583;48.5826;1.07049;12
20:57:59.878;48.6306;0.93316;48.6786;0.79583;48.5826;1.07049;12
20:57:59.878;48.6306;0.93316;48.6786;0.79583;48.5826;1.07049;12
20:57:59.878;48.6306;0.93316;48.6786;0.79583;48.5826;1.07049;12
20:57:59.878;48.6306;0.93316;48.6786;0.79583;48.5826;1.07049;12
20:57:59.878;48.6306;0.93316;48.6786;0.79583;48.5826;1.07049;12
20:57:59.878;48.6306;0.93316;48.6786;0.79583;48.5826;1.07049;12
20:57:59.878;48.6306;0.93316;48.6786;0.79583;48.5826;1.07049;12
20:57:59.878;48.6306;0.93316;48.6786;0.79583;48.5826;1.07049;12
20:57:59.878;48.6306;0.93316;48.6786;0.79583;48.5826;1.07049;12
20:57:59.878;48.6306;0.93316;48.6786;0.79583;48.5826;1.07049;12
20:57:59.879;48.6306;0.93316;48.6786;0.79583;48.5826;1.07049;12
20:57:59.879;48.6306;0.93316;48.6786;0.79583;48.5826;1.07049;12
20:57:59.879;48.6306;0.93316;48.6786;0.79583;48.5826;1.07049;12
20:57:59.879;48.6306;0.93316;48.6786;0.79583;48.5826;1.07049;12
20:57:59.879;48.6306;0.93316;48.6786;0.79583;48.5826;1.07049;12
20:57:59.879;48.6306;0.93316;48.6786;0.79583;48.5826;1.07049;12
20:57:59.879;48.6306;0.93316;48.6786;0.79583;48.5826;1.07049;12
20:57:59.879;48.6306;0.93316;48.6786;0.79583;48.5826;1.07049;12
20:57:59.879;48.6306;0.93316;48.6786;0.79583;48.5826;1.07049;12
20:57:59.879;48.6306;0.93316;48.6786;0.79583;48.5826;1.07049;12
20:57:59.879;48.6306;0.93316;48.6786;0.79583;48.5826;1.07049;12
20:57:59.879;48.6306;0.93316;48.6786;0.79583;48.5826;1.07049;12
20:57:59.879;48.6306;0.93316;48.6786;0.79583;48.5826;1.07049;12
20:57:59.879;48.6306;0.93316;48.6786;0.79583;48.5826;1.07049;12
20:57:59.879;48.6306;0.93316;48.6786;0.79583;48.5826;1.07049;12
20:57:59.879;48.6306;0.93316;48.6786;0.79583;48.5826;1.07049;12
20:57:59.879;48.6306;0.93316;48.6786;0.79583;48.5826;1.07049;12
20:57:59.880;48.6306;0.93316;48.6786;0.79583;48.5826;1.07049;12
20:57:59.880;48.6306;0.93316;48.6786;0.79583;48.5826;1.07049;12
20:58:01.321;48.6306;0.93316;48.6786;0.79583;48.5826;1.07049;12
20:58:01.321;48.6306;0.93316;48.6786;0.79583;48.5826;1.07049;12
20:58:01.321;48.6306;0.93316;48.6786;0.79583;48.5826;1.07049;12
20:58:01.321;48.6306;0.93316;48.6786;0.79583;48.5826;1.07049;12
20:58:01.321;48.6306;0.93316;48.6786;0.79583;48.5826;1.07049;12
20:58:01.321;48.6306;0.93316;48.6786;0.79583;48.5826;1.07049;12
20:58:01.321;48.6306;0.93316;48.6786;0.79583;48.5826;1.07049;12
20:58:01.321;48.6306;0.93316;48.6786;0.79583;48.5826;1.07049;12
20:58:01.321;48.6306;0.93316;48.6786;0.79583;48.5826;1.07049;12
20:58:01.321;48.6306;0.93316;48.6786;0.79583;48.5826;1.07049;12
20:58:01.321;48.6306;0.93316;48.6786;0.79583;48.5826;1.07049;12
20:58:01.321;48.6306;0.93316;48.6786;0.79583;48.5826;1.07049;12
20:58:01.321;48.6306;0.93316;48.6786;0.79583;48.5826;1.07049;12
20:58:01.321;48.6306;0.93316;48.6786;0.79583;48.5826;1.07049;12
20:58:01.321;48.6306;0.93316;48.6786;0.79583;48.5826;1.07049;12
20:58:01.321;48.6306;0.93316;48.6786;0.79583;48.5826;1.07049;12
20:58:01.321;48.6306;0.93316;48.6786;0.79583;48.5826;1.07049;12
20:58:01.321;48.6306;0.93316;48.6786;0.79583;48.5826;1.07049;12
20:58:01.321;48.6306;0.93316;48.6786;0.79583;48.5826;1.07049;12
20:58:01.321;48.6306;0.93316;48.6786;0.79583;48.5826;1.07049;12
20:58:01.321;48.6306;0.93316;48.6786;0.79583;48.5826;1.07049;12
20:58:01.322;48.6306;0.93316;48.6786;0.79583;48.5826;1.07049;12
20:58:01.322;48.6306;0.93316;48.6786;0.79583;48.5826;1.07049;12
20:58:01.322;48.6306;0.93316;48.6786;0.79583;48.5826;1.07049;12
20:58:01.322;48.6306;0.93316;48.6786;0.79583;48.5826;1.07049;12
20:58:01.322;48.6306;0.93316;48.6786;0.79583;48.5826;1.07049;12
20:58:01.322;48.6306;0.93316;48.6786;0.79583;48.5826;1.07049;12
20:58:01.323;48.6306;0.93316;48.6786;0.79583;48.5826;1.07049;12
20:58:01.323;48.6306;0.93316;48.6786;0.79583;48.5826;1.07049;12
20:58:01.323;48.6306;0.93316;48.6786;0.79583;48.5826;1.07049;12
20:58:01.323;48.6306;0.93316;48.6786;0.79583;48.5826;1.07049;12
20:58:01.323;48.6306;0.93316;48.6786;0.79583;48.5826;1.07049;12
20:58:01.323;48.6306;0.93316;48.6786;0.79583;48.5826;1.07049;12
20:58:01.323;48.6306;0.93316;48.6786;0.79583;48.5826;1.07049;12
20:58:01.323;48.6306;0.93316;48.6786;0.79583;48.5826;1.07049;12
20:58:01.323;48.6306;0.93316;48.6786;0.79583;48.5826;1.07049;12
20:58:01.323;48.6306;0.93316;48.6786;0.79583;48.5826;1.07049;12
20:58:01.323;48.6306;0.93316;48.6786;0.79583;48.5826;1.07049;12
20:58:01.323;48.6306;0.93316;48.6786;0.79583;48.5826;1.07049;12
20:58:01.323;48.6306;0.93316;48.6786;0.79583;48.5826;1.07049;12
20:58:01.761;48.6303;0.93248;48.6783;0.79515;48.5823;1.0698;12
20:58:01.761;48.6303;0.93248;48.6783;0.79515;48.5823;1.0698;12
20:58:01.761;48.6303;0.93248;48.6783;0.79515;48.5823;1.0698;12
20:58:01.761;48.6303;0.93248;48.6783;0.79515;48.5823;1.0698;12
20:58:01.761;48.6303;0.93248;48.6783;0.79515;48.5823;1.0698;12
20:58:01.761;48.6303;0.93248;48.6783;0.79515;48.5823;1.0698;12
20:58:01.761;48.6301;0.92664;48.6781;0.78931;48.5821;1.06396;12
20:58:01.761;48.6301;0.92664;48.6781;0.78931;48.5821;1.06396;12
20:58:01.761;48.6301;0.92664;48.6781;0.78931;48.5821;1.06396;12
20:58:01.761;48.6301;0.92664;48.6781;0.78931;48.5821;1.06396;12
20:58:01.761;48.6301;0.92664;48.6781;0.78931;48.5821;1.06396;12
20:58:01.761;48.6301;0.92664;48.6781;0.78931;48.5821;1.06396;12
20:58:01.761;48.6301;0.92321;48.6781;0.78588;48.5821;1.06053;12
20:58:01.761;48.6301;0.92321;48.6781;0.78588;48.5821;1.06053;12
20:58:01.761;48.6301;0.92321;48.6781;0.78588;48.5821;1.06053;12
20:58:01.761;48.6301;0.92321;48.6781;0.78588;48.5821;1.06053;12
20:58:01.761;48.6301;0.92321;48.6781;0.78588;48.5821;1.06053;12
20:58:01.761;48.6301;0.92321;48.6781;0.78588;48.5821;1.06053;12
20:58:01.762;48.6301;0.91909;48.6781;0.78176;48.5821;1.05641;12
20:58:01.762;48.6301;0.91909;48.6781;0.78176;48.5821;1.05641;12
20:58:01.762;48.6301;0.91909;48.6781;0.78176;48.5821;1.05641;12
20:58:01.762;48.6301;0.91909;48.6781;0.78176;48.5821;1.05641;12
20:58:01.762;48.6301;0.91909;48.6781;0.78176;48.5821;1.05641;12
20:58:01.762;48.6301;0.91909;48.6781;0.78176;48.5821;1.05641;12
20:58:01.762;48.6301;0.91565;48.6781;0.77832;48.5821;1.05298;12
20:58:01.763;48.6301;0.91565;48.6781;0.77832;48.5821;1.05298;12
20:58:01.763;48.6301;0.91565;48.6781;0.77832;48.5821;1.05298;12
20:58:01.763;48.6301;0.91565;48.6781;0.77832;48.5821;1.05298;12
20:58:01.763;48.6301;0.91565;48.6781;0.77832;48.5821;1.05298;12
20:58:01.763;48.6301;0.91565;48.6781;0.77832;48.5821;1.05298;12
20:58:01.763;48.6301;0.91256;48.6781;0.77523;48.5821;1.04989;12
20:58:01.763;48.6301;0.91256;48.6781;0.77523;48.5821;1.04989;12
20:58:01.763;48.6301;0.91256;48.6781;0.77523;48.5821;1.04989;12
20:58:01.763;48.6301;0.91256;48.6781;0.77523;48.5821;1.04989;12
20:58:01.763;48.6301;0.91256;48.6781;0.77523;48.5821;1.04989;12
20:58:01.763;48.6301;0.91256;48.6781;0.77523;48.5821;1.04989;12
20:58:01.763;48.6301;0.91016;48.6781;0.77283;48.5821;1.04748;12
20:58:01.763;48.6301;0.91016;48.6781;0.77283;48.5821;1.04748;12
20:58:01.763;48.6301;0.91016;48.6781;0.77283;48.5821;1.04748;12
20:58:01.763;48.6301;0.91016;48.6781;0.77283;48.5821;1.04748;12
20:58:02.229;48.6288;0.89814;48.6767;0.76081;48.5807;1.03546;12
20:58:02.229;48.6288;0.89814;48.6767;0.76081;48.5807;1.03546;12
20:58:02.229;48.6288;0.89814;48.6767;0.76081;48.5807;1.03546;12
20:58:02.229;48.6288;0.89814;48.6767;0.76081;48.5807;1.03546;12
20:58:02.229;48.6288;0.89814;48.6767;0.76081;48.5807;1.03546;12
20:58:02.229;48.6288;0.89814;48.6767;0.76081;48.5807;1.03546;12
20:58:02.229;48.6285;0.89677;48.6765;0.75944;48.5805;1.03409;12
20:58:02.229;48.6285;0.89677;48.6765;0.75944;48.5805;1.03409;12
20:58:02.229;48.6285;0.89677;48.6765;0.75944;48.5805;1.03409;12
20:58:02.229;48.6285;0.89677;48.6765;0.75944;48.5805;1.03409;12
20:58:02.230;48.6285;0.89677;48.6765;0.75944;48.5805;1.03409;12
20:58:02.230;48.6285;0.89677;48.6765;0.75944;48.5805;1.03409;12
20:58:02.230;48.6283;0.89608;48.6763;0.75875;48.5803;1.0334;12
20:58:02.230;48.6283;0.89608;48.6763;0.75875;48.5803;1.0334;12
20:58:02.230;48.6283;0.89608;48.6763;0.75875;48.5803;1.0334;12
20:58:02.230;48.6283;0.89608;48.6763;0.75875;48.5803;1.0334;12
20:58:02.230;48.6283;0.89608;48.6763;0.75875;48.5803;1.0334;12
20:58:02.230;48.6283;0.89608;48.6763;0.75875;48.5803;1.0334;12
20:58:02.230;48.6281;0.89505;48.676;0.75772;48.5801;1.03237;12
20:58:02.230;48.6281;0.89505;48.676;0.75772;48.5801;1.03237;12
20:58:02.230;48.6281;0.89505;48.676;0.75772;48.5801;1.03237;12
20:58:02.231;48.6281;0.89505;48.676;0.75772;48.5801;1.03237;12
20:58:02.231;48.6281;0.89505;48.676;0.75772;48.5801;1.03237;12
20:58:02.231;48.6281;0.89505;48.676;0.75772;48.5801;1.03237;12
20:58:02.231;48.6279;0.89471;48.6758;0.75738;48.5798;1.03203;12
20:58:02.231;48.6279;0.89471;48.6758;0.75738;48.5798;1.03203;12
20:58:02.231;48.6279;0.89471;48.6758;0.75738;48.5798;1.03203;12
20:58:02.231;48.6279;0.89471;48.6758;0.75738;48.5798;1.03203;12
20:58:02.231;48.6279;0.89471;48.6758;0.75738;48.5798;1.03203;12
20:58:02.231;48.6279;0.89471;48.6758;0.75738;48.5798;1.03203;12
20:58:02.493;48.6279;0.89402;48.6758;0.75669;48.5798;1.03134;12
20:58:02.493;48.6279;0.89402;48.6758;0.75669;48.5798;1.03134;12
20:58:02.493;48.6279;0.89402;48.6758;0.75669;48.5798;1.03134;12
20:58:02.493;48.6279;0.89402;48.6758;0.75669;48.5798;1.03134;12
20:58:02.493;48.6279;0.89402;48.6758;0.75669;48.5798;1.03134;12
20:58:02.493;48.6279;0.89402;48.6758;0.75669;48.5798;1.03134;12
20:58:02.493;48.6276;0.89334;48.6756;0.75601;48.5796;1.03067;12
20:58:02.493;48.6276;0.89334;48.6756;0.75601;48.5796;1.03067;12
20:58:02.493;48.6276;0.89334;48.6756;0.75601;48.5796;1.03067;12
20:58:02.493;48.6276;0.89334;48.6756;0.75601;48.5796;1.03067;12
20:58:02.493;48.6276;0.89334;48.6756;0.75601;48.5796;1.03067;12
20:58:02.493;48.6276;0.89334;48.6756;0.75601;48.5796;1.03067;12
20:58:02.493;48.6274;0.89265;48.6754;0.75532;48.5794;1.02997;12
20:58:02.494;48.6274;0.89265;48.6754;0.75532;48.5794;1.02997;12
20:58:02.494;48.6274;0.89265;48.6754;0.75532;48.5794;1.02997;12
20:58:02.494;48.6274;0.89265;48.6754;0.75532;48.5794;1.02997;12
20:58:02.494;48.6274;0.89265;48.6754;0.75532;48.5794;1.02997;12
20:58:02.494;48.6274;0.89265;48.6754;0.75532;48.5794;1.02997;12
20:58:02.494;48.6272;0.89231;48.6752;0.75498;48.5792;1.02964;12
20:58:02.494;48.6272;0.89231;48.6752;0.75498;48.5792;1.02964;12
20:58:02.494;48.6272;0.89231;48.6752;0.75498;48.5792;1.02964;12
20:58:02.494;48.6272;0.89231;48.6752;0.75498;48.5792;1.02964;12
20:58:02.494;48.6272;0.89231;48.6752;0.75498;48.5792;1.02964;12
20:58:02.494;48.6272;0.89231;48.6752;0.75498;48.5792;1.02964;12
20:58:02.494;48.6272;0.89196;48.6752;0.75463;48.5792;1.02928;12
20:58:02.495;48.6272;0.89196;48.6752;0.75463;48.5792;1.02928;12
20:58:02.495;48.6272;0.89196;48.6752;0.75463;48.5792;1.02928;12
20:58:02.495;48.6272;0.89196;48.6752;0.75463;48.5792;1.02928;12
20:58:02.495;48.6272;0.89196;48.6752;0.75463;48.5792;1.02928;12
20:58:02.495;48.6272;0.89196;48.6752;0.75463;48.5792;1.02928;12
20:58:02.495;48.6272;0.89162;48.6752;0.75429;48.5792;1.02894;12
20:58:02.495;48.6272;0.89162;48.6752;0.75429;48.5792;1.02894;12
20:58:02.495;48.6272;0.89162;48.6752;0.75429;48.5792;1.02894;12
20:58:02.495;48.6272;0.89162;48.6752;0.75429;48.5792;1.02894;12
20:58:02.495;48.6272;0.89162;48.6752;0.75429;48.5792;1.02894;12
20:58:02.495;48.6272;0.89162;48.6752;0.75429;48.5792;1.02894;12
20:58:02.997;48.6274;0.89128;48.6754;0.75395;48.5794;1.02861;12
20:58:02.997;48.6274;0.89128;48.6754;0.75395;48.5794;1.02861;12
20:58:02.997;48.6274;0.89128;48.6754;0.75395;48.5794;1.02861;12
20:58:02.997;48.6274;0.89128;48.6754;0.75395;48.5794;1.02861;12
20:58:02.998;48.6274;0.89128;48.6754;0.75395;48.5794;1.02861;12
20:58:02.998;48.6274;0.89128;48.6754;0.75395;48.5794;1.02861;12
20:58:02.998;48.6276;0.89093;48.6756;0.7536;48.5796;1.02825;12
20:58:02.998;48.6276;0.89093;48.6756;0.7536;48.5796;1.02825;12
20:58:02.998;48.6276;0.89093;48.6756;0.7536;48.5796;1.02825;12
20:58:02.998;48.6276;0.89093;48.6756;0.7536;48.5796;1.02825;12
20:58:02.998;48.6276;0.89093;48.6756;0.7536;48.5796;1.02825;12
20:58:02.998;48.6276;0.89093;48.6756;0.7536;48.5796;1.02825;12
20:58:02.998;48.6279;0.89059;48.6758;0.75326;48.5798;1.02791;12
20:58:02.998;48.6279;0.89059;48.6758;0.75326;48.5798;1.02791;12
20:58:02.998;48.6279;0.89059;48.6758;0.75326;48.5798;1.02791;12
20:58:02.999;48.6279;0.89059;48.6758;0.75326;48.5798;1.02791;12
20:58:02.999;48.6279;0.89059;48.6758;0.75326;48.5798;1.02791;12
20:58:02.999;48.6279;0.89059;48.6758;0.75326;48.5798;1.02791;12
20:58:02.999;48.6279;0.8899;48.6758;0.75257;48.5798;1.02722;12
20:58:02.999;48.6279;0.8899;48.6758;0.75257;48.5798;1.02722;12
20:58:02.999;48.6279;0.8899;48.6758;0.75257;48.5798;1.02722;12
20:58:02.999;48.6279;0.8899;48.6758;0.75257;48.5798;1.02722;12
20:58:02.999;48.6279;0.8899;48.6758;0.75257;48.5798;1.02722;12
20:58:02.999;48.6279;0.8899;48.6758;0.75257;48.5798;1.02722;12
20:58:02.999;48.6279;0.88922;48.6758;0.75189;48.5798;1.02655;12
20:58:02.999;48.6279;0.88922;48.6758;0.75189;48.5798;1.02655;12
20:58:02.999;48.6279;0.88922;48.6758;0.75189;48.5798;1.02655;12
20:58:02.999;48.6279;0.88922;48.6758;0.75189;48.5798;1.02655;12
20:58:03.000;48.6279;0.88922;48.6758;0.75189;48.5798;1.02655;12
20:58:03.000;48.6279;0.88922;48.6758;0.75189;48.5798;1.02655;12
20:58:03.341;48.6279;0.8875;48.6758;0.75017;48.5798;1.02482;12
20:58:03.341;48.6279;0.8875;48.6758;0.75017;48.5798;1.02482;12
20:58:03.341;48.6279;0.8875;48.6758;0.75017;48.5798;1.02482;12
20:58:03.341;48.6279;0.8875;48.6758;0.75017;48.5798;1.02482;12
20:58:03.341;48.6279;0.8875;48.6758;0.75017;48.5798;1.02482;12
20:58:03.341;48.6279;0.8875;48.6758;0.75017;48.5798;1.02482;12
20:58:03.341;48.6279;0.8851;48.6758;0.74777;48.5798;1.02243;12
20:58:03.341;48.6279;0.8851;48.6758;0.74777;48.5798;1.02243;12
20:58:03.341;48.6279;0.8851;48.6758;0.74777;48.5798;1.02243;12
20:58:03.341;48.6279;0.8851;48.6758;0.74777;48.5798;1.02243;12
20:58:03.341;48.6279;0.8851;48.6758;0.74777;48.5798;1.02243;12
20:58:03.341;48.6279;0.8851;48.6758;0.74777;48.5798;1.02243;12
20:58:03.341;48.6279;0.88235;48.6758;0.74502;48.5798;1.01967;12
20:58:03.342;48.6279;0.88235;48.6758;0.74502;48.5798;1.01967;12
20:58:03.342;48.6279;0.88235;48.6758;0.74502;48.5798;1.01967;12
20:58:03.342;48.6279;0.88235;48.6758;0.74502;48.5798;1.01967;12
20:58:03.342;48.6279;0.88235;48.6758;0.74502;48.5798;1.01967;12
20:58:03.342;48.6279;0.88235;48.6758;0.74502;48.5798;1.01967;12
20:58:03.342;48.6279;0.87995;48.6758;0.74262;48.5798;1.01728;12
20:58:03.342;48.6279;0.87995;48.6758;0.74262;48.5798;1.01728;12
20:58:03.342;48.6279;0.87995;48.6758;0.74262;48.5798;1.01728;12
20:58:03.342;48.6279;0.87995;48.6758;0.74262;48.5798;1.01728;12
20:58:03.342;48.6279;0.87995;48.6758;0.74262;48.5798;1.01728;12
20:58:03.342;48.6279;0.87995;48.6758;0.74262;48.5798;1.01728;12
20:58:03.342;48.6279;0.8772;48.6758;0.73987;48.5798;1.01452;12
20:58:03.342;48.6279;0.8772;48.6758;0.73987;48.5798;1.01452;12
20:58:03.343;48.6279;0.8772;48.6758;0.73987;48.5798;1.01452;12
20:58:03.343;48.6279;0.8772;48.6758;0.73987;48.5798;1.01452;12
20:58:03.343;48.6279;0.8772;48.6758;0.73987;48.5798;1.01452;12
20:58:03.343;48.6279;0.8772;48.6758;0.73987;48.5798;1.01452;12
20:58:03.343;48.6279;0.87445;48.6758;0.73712;48.5798;1.01177;12
20:58:03.343;48.6279;0.87445;48.6758;0.73712;48.5798;1.01177;12
20:58:03.343;48.6279;0.87445;48.6758;0.73712;48.5798;1.01177;12
20:58:03.343;48.6279;0.87445;48.6758;0.73712;48.5798;1.01177;12
20:58:03.343;48.6279;0.87445;48.6758;0.73712;48.5798;1.01177;12
20:58:03.343;48.6279;0.87445;48.6758;0.73712;48.5798;1.01177;12
20:58:03.343;48.6279;0.87102;48.6758;0.73369;48.5798;1.00834;12
20:58:03.343;48.6279;0.87102;48.6758;0.73369;48.5798;1.00834;12
20:58:03.343;48.6279;0.87102;48.6758;0.73369;48.5798;1.00834;12
20:58:03.344;48.6279;0.87102;48.6758;0.73369;48.5798;1.00834;12
20:58:03.696;48.6265;0.86072;48.6745;0.72339;48.5785;0.99804;12
20:58:03.696;48.6265;0.86072;48.6745;0.72339;48.5785;0.99804;12
20:58:03.696;48.6265;0.86072;48.6745;0.72339;48.5785;0.99804;12
20:58:03.696;48.6265;0.86072;48.6745;0.72339;48.5785;0.99804;12
20:58:03.696;48.6265;0.86072;48.6745;0.72339;48.5785;0.99804;12
20:58:03.696;48.6265;0.86072;48.6745;0.72339;48.5785;0.99804;12
20:58:03.696;48.6263;0.86003;48.6742;0.7227;48.5783;0.99735;12
20:58:03.697;48.6263;0.86003;48.6742;0.7227;48.5783;0.99735;12
20:58:03.697;48.6263;0.86003;48.6742;0.7227;48.5783;0.99735;12
20:58:03.697;48.6263;0.86003;48.6742;0.7227;48.5783;0.99735;12
20:58:03.697;48.6263;0.86003;48.6742;0.7227;48.5783;0.99735;12
20:58:03.697;48.6263;0.86003;48.6742;0.7227;48.5783;0.99735;12
20:58:03.697;48.6263;0.85969;48.6742;0.72236;48.5783;0.99701;12
20:58:03.697;48.6263;0.85969;48.6742;0.72236;48.5783;0.99701;12
20:58:03.697;48.6263;0.85969;48.6742;0.72236;48.5783;0.99701;12
20:58:03.697;48.6263;0.85969;48.6742;0.72236;48.5783;0.99701;12
20:58:03.697;48.6263;0.85969;48.6742;0.72236;48.5783;0.99701;12
20:58:03.697;48.6263;0.85969;48.6742;0.72236;48.5783;0.99701;12
20:58:03.697;48.6263;0.85935;48.6742;0.72202;48.5783;0.99667;12
20:58:03.697;48.6263;0.85935;48.6742;0.72202;48.5783;0.99667;12
20:58:03.697;48.6263;0.85935;48.6742;0.72202;48.5783;0.99667;12
20:58:03.697;48.6263;0.85935;48.6742;0.72202;48.5783;0.99667;12
20:58:03.697;48.6263;0.85935;48.6742;0.72202;48.5783;0.99667;12
20:58:03.697;48.6263;0.85935;48.6742;0.72202;48.5783;0.99667;12
20:58:06.971;48.6263;0.859;48.6742;0.72168;48.5783;0.99633;12
20:58:07.074;48.626;0.85832;48.674;0.72099;48.578;0.99564;12
20:58:07.074;48.6258;0.85763;48.6738;0.7203;48.5778;0.99495;12
20:58:07.074;48.6254;0.8566;48.6733;0.71927;48.5774;0.99392;12
20:58:07.074;48.6249;0.85523;48.6729;0.7179;48.5769;0.99255;12
20:58:07.074;48.624;0.85145;48.672;0.71412;48.576;0.98877;12
20:58:07.242;48.6236;0.84973;48.6715;0.71241;48.5755;0.98706;12
20:58:07.242;48.6233;0.84836;48.6713;0.71103;48.5753;0.98568;12
20:58:07.242;48.6231;0.84699;48.6711;0.70966;48.5751;0.98431;12
20:58:07.242;48.6229;0.84561;48.6708;0.70829;48.5748;0.98294;12
20:58:07.242;48.6224;0.84458;48.6704;0.70726;48.5744;0.98191;12
20:58:07.242;48.6222;0.84321;48.6702;0.70588;48.5742;0.98054;12
20:58:07.242;48.6222;0.84252;48.6702;0.7052;48.5742;0.97985;12
20:58:07.242;48.6222;0.84184;48.6702;0.70451;48.5742;0.97916;12
20:58:07.242;48.6222;0.84115;48.6702;0.70382;48.5742;0.97848;12
20:58:07.242;48.6222;0.84081;48.6702;0.70348;48.5742;0.97813;12
20:58:08.141;48.6217;0.84081;48.6697;0.70348;48.5737;0.97813;12
20:58:08.247;48.6213;0.84081;48.6693;0.70348;48.5733;0.97813;12
20:58:08.247;48.6211;0.84081;48.669;0.70348;48.573;0.97813;12
20:58:08.247;48.6208;0.84046;48.6688;0.70314;48.5728;0.97779;12
20:58:08.247;48.6206;0.84046;48.6686;0.70314;48.5726;0.97779;12
20:58:08.377;48.6201;0.83978;48.6681;0.70245;48.5721;0.9771;12
20:58:08.377;48.6197;0.83909;48.6677;0.70176;48.5717;0.97642;12
20:58:08.377;48.6179;0.83326;48.6659;0.69593;48.5699;0.97058;12
20:58:08.377;48.6174;0.83085;48.6654;0.69352;48.5694;0.96818;12
20:58:08.377;48.617;0.82742;48.665;0.69009;48.5689;0.96474;12
20:58:08.377;48.6165;0.82399;48.6645;0.68666;48.5685;0.96131;12
20:58:08.378;48.6161;0.82124;48.664;0.68391;48.568;0.95856;12
20:58:08.378;48.6156;0.81884;48.6636;0.68151;48.5676;0.95616;12
20:58:08.499;48.6152;0.81712;48.6631;0.67979;48.5671;0.95444;12
20:58:08.499;48.6149;0.81643;48.6629;0.6791;48.5669;0.95376;12
20:58:08.499;48.6149;0.81609;48.6629;0.67876;48.5669;0.95341;12
20:58:08.499;48.6149;0.81575;48.6629;0.67842;48.5669;0.95307;12
20:58:08.500;48.6147;0.8154;48.6627;0.67807;48.5667;0.95273;12
20:58:08.500;48.6145;0.81472;48.6624;0.67739;48.5664;0.95204;12
20:58:08.500;48.614;0.81403;48.662;0.6767;48.566;0.95135;12
20:58:09.110;48.6136;0.81128;48.6615;0.67395;48.5655;0.94861;12
20:58:09.181;48.612;0.80579;48.66;0.66846;48.5639;0.94311;12
20:58:09.181;48.6099;0.79892;48.6579;0.66159;48.5619;0.93625;12
20:58:09.181;48.6074;0.79034;48.6554;0.65301;48.5594;0.92766;12
20:58:09.181;48.6049;0.7797;48.6529;0.64237;48.5569;0.91702;12
20:58:09.270;48.6027;0.77008;48.6507;0.63275;48.5546;0.90741;12
20:58:09.270;48.6004;0.75944;48.6484;0.62211;48.5524;0.89676;12
20:58:09.336;48.5988;0.7512;48.6468;0.61387;48.5508;0.88852;12
20:58:09.337;48.5984;0.74639;48.6464;0.60907;48.5503;0.88372;12
20:58:09.337;48.5984;0.74502;48.6464;0.60769;48.5503;0.88234;12
20:58:09.544;48.5979;0.74056;48.6459;0.60323;48.5499;0.87788;12
20:58:09.615;48.5965;0.73369;48.6445;0.59636;48.5485;0.87102;12
20:58:09.615;48.5956;0.72785;48.6436;0.59053;48.5476;0.86518;12
20:58:09.615;48.5943;0.71996;48.6423;0.58263;48.5462;0.85728;12
20:58:09.615;48.5934;0.71241;48.6414;0.57508;48.5453;0.84973;12
20:58:09.754;48.5922;0.70554;48.6402;0.56821;48.5442;0.84286;12
20:58:09.754;48.5911;0.69902;48.6391;0.56169;48.543;0.83634;12
20:58:09.754;48.5904;0.69352;48.6384;0.55619;48.5424;0.83085;12
20:58:09.754;48.5895;0.68769;48.6375;0.55036;48.5415;0.82501;12
20:58:09.754;48.589;0.68322;48.6371;0.54589;48.541;0.82055;12
20:58:09.755;48.5886;0.67979;48.6366;0.54246;48.5405;0.81711;12
20:58:09.755;48.5886;0.67807;48.6366;0.54074;48.5405;0.8154;12
20:58:09.755;48.5886;0.67739;48.6366;0.54006;48.5405;0.81471;12
20:58:10.817;48.6263;0.85935;48.6742;0.72202;48.5783;0.99667;12
20:58:12.511;48.5886;0.67739;48.6366;0.54006;48.5405;0.81471;12
20:58:13.619;48.5886;0.67739;48.6126;0.60872;48.5646;0.74605;13
20:58:13.619;48.5886;0.67739;48.6126;0.60872;48.5646;0.74605;13
20:58:13.848;48.5886;0.67739;48.6006;0.64305;48.5766;0.71171;14
20:58:13.848;48.5886;0.67739;48.6006;0.64305;48.5766;0.71171;14
20:58:14.020;48.5886;0.67739;48.5946;0.66022;48.5826;0.69455;15
20:58:14.020;48.5886;0.67739;48.5946;0.66022;48.5826;0.69455;15
20:58:14.631;48.5886;0.67739;48.5946;0.66022;48.5826;0.69455;15
20:58:14.679;48.5887;0.67739;48.5947;0.66022;48.5827;0.69455;15
20:58:14.679;48.5888;0.67734;48.5948;0.66018;48.5828;0.6945;15
20:58:14.679;48.5889;0.6773;48.5949;0.66013;48.5829;0.69446;15
20:58:14.775;48.589;0.67726;48.595;0.66009;48.583;0.69442;15
20:58:14.775;48.589;0.67717;48.5951;0.66001;48.583;0.69433;15
20:58:14.775;48.5892;0.67709;48.5952;0.65992;48.5832;0.69425;15
20:58:14.775;48.5892;0.67704;48.5952;0.65988;48.5832;0.6942;15
20:58:14.775;48.5892;0.677;48.5952;0.65983;48.5832;0.69416;15
20:58:14.775;48.5893;0.677;48.5953;0.65983;48.5833;0.69416;15
20:58:14.956;48.5893;0.677;48.5953;0.65983;48.5833;0.69416;15
20:58:14.995;48.5893;0.677;48.5953;0.65983;48.5833;0.69416;15
20:58:14.995;48.5894;0.677;48.5954;0.65983;48.5834;0.69416;15
20:58:15.110;48.5894;0.677;48.5954;0.65983;48.5834;0.69416;15
20:58:15.110;48.5896;0.67704;48.5956;0.65988;48.5836;0.6942;15
20:58:15.110;48.5897;0.67713;48.5957;0.65996;48.5837;0.69429;15
20:58:15.110;48.5899;0.67721;48.5959;0.66005;48.5839;0.69438;15
20:58:15.111;48.5901;0.67726;48.5961;0.66009;48.5841;0.69442;15
20:58:15.111;48.5902;0.6773;48.5962;0.66013;48.5842;0.69446;15
20:58:15.111;48.5903;0.6773;48.5963;0.66013;48.5843;0.69446;15
20:58:15.169;48.5904;0.6773;48.5964;0.66013;48.5844;0.69446;15
20:58:15.169;48.5905;0.6773;48.5965;0.66013;48.5845;0.69446;15
20:58:15.169;48.5905;0.6773;48.5965;0.66013;48.5845;0.69446;15
20:58:15.442;48.5904;0.6773;48.5964;0.66013;48.5844;0.69446;15
20:58:15.497;48.5903;0.67726;48.5963;0.66009;48.5843;0.69442;15
20:58:15.497;48.5901;0.67717;48.5961;0.66001;48.5841;0.69433;15
20:58:15.497;48.59;0.677;48.596;0.65983;48.584;0.69416;15
20:58:15.598;48.5897;0.67679;48.5957;0.65962;48.5837;0.69395;15
20:58:15.598;48.5896;0.6767;48.5956;0.65953;48.5836;0.69386;15
20:58:15.598;48.5896;0.67666;48.5956;0.65949;48.5835;0.69382;15
20:58:15.598;48.5895;0.67661;48.5955;0.65945;48.5835;0.69377;15
20:58:15.598;48.5893;0.67653;48.5953;0.65936;48.5833;0.69369;15
20:58:15.598;48.5892;0.67644;48.5952;0.65928;48.5832;0.6936;15
20:58:15.668;48.5891;0.67636;48.5951;0.65919;48.5831;0.69352;15
20:58:15.668;48.589;0.67627;48.595;0.6591;48.583;0.69343;15
20:58:15.668;48.589;0.67623;48.595;0.65906;48.583;0.69339;15
20:58:15.668;48.589;0.67618;48.595;0.65902;48.583;0.69335;15
20:58:15.714;48.5889;0.6761;48.5949;0.65893;48.5829;0.69326;15
20:58:15.714;48.5888;0.67593;48.5948;0.65876;48.5828;0.69309;15
20:58:15.714;48.5888;0.67571;48.5948;0.65855;48.5828;0.69287;15
20:58:15.815;48.5887;0.67554;48.5947;0.65838;48.5827;0.6927;15
20:58:15.815;48.5887;0.67546;48.5947;0.65829;48.5827;0.69262;15
20:58:15.815;48.5887;0.67533;48.5947;0.65816;48.5827;0.69249;15
20:58:15.815;48.5887;0.67524;48.5947;0.65807;48.5827;0.6924;15
20:58:15.815;48.5887;0.67507;48.5947;0.6579;48.5827;0.69223;15
20:58:15.815;48.5886;0.67485;48.5947;0.65769;48.5826;0.69202;15
20:58:15.879;48.5886;0.67455;48.5946;0.65739;48.5826;0.69171;15
20:58:15.879;48.5886;0.67434;48.5946;0.65717;48.5826;0.6915;15
20:58:15.879;48.5886;0.67417;48.5946;0.657;48.5826;0.69133;15
20:58:15.879;48.5886;0.67408;48.5946;0.65692;48.5826;0.69124;15
20:58:15.928;48.5886;0.67395;48.5946;0.65679;48.5826;0.69111;15
20:58:15.928;48.5886;0.67378;48.5946;0.65662;48.5826;0.69094;15
20:58:15.928;48.5886;0.67361;48.5946;0.65644;48.5826;0.69077;15
20:58:16.228;48.5886;0.67361;48.5946;0.65644;48.5826;0.69077;15
20:58:16.298;48.5885;0.6734;48.5945;0.65623;48.5825;0.69056;15
20:58:16.298;48.5883;0.67309;48.5943;0.65593;48.5823;0.69026;15
20:58:16.298;48.588;0.67237;48.594;0.6552;48.582;0.68953;15
20:58:16.298;48.5877;0.67138;48.5937;0.65421;48.5817;0.68854;15
20:58:16.396;48.5874;0.67039;48.5934;0.65323;48.5814;0.68755;15
20:58:16.397;48.5871;0.6694;48.5931;0.65224;48.5811;0.68657;15
20:58:16.397;48.587;0.66867;48.593;0.65151;48.581;0.68584;15
20:58:16.397;48.5868;0.66799;48.5928;0.65082;48.5808;0.68515;15
20:58:16.397;48.5867;0.66752;48.5927;0.65035;48.5807;0.68468;15
20:58:16.629;48.5867;0.66756;48.5927;0.65039;48.5807;0.68472;15
20:58:16.685;48.5868;0.66743;48.5928;0.65026;48.5808;0.68459;15
20:58:16.685;48.5871;0.66713;48.5931;0.64996;48.5811;0.68429;15
20:58:16.685;48.5874;0.6667;48.5935;0.64953;48.5815;0.68386;15
20:58:16.796;48.588;0.66614;48.594;0.64898;48.582;0.6833;15
20:58:16.796;48.5887;0.66554;48.5947;0.64838;48.5827;0.6827;15
20:58:16.796;48.5892;0.66486;48.5952;0.64769;48.5832;0.68202;15
20:58:16.796;48.5897;0.664;48.5958;0.64683;48.5838;0.68116;15
20:58:16.796;48.5901;0.66327;48.5961;0.6461;48.5841;0.68043;15
20:58:16.797;48.5901;0.66284;48.5961;0.64567;48.5841;0.68;15
20:58:17.199;48.5901;0.66271;48.5961;0.64554;48.5841;0.67987;15
20:58:17.252;48.5901;0.66249;48.5961;0.64533;48.5841;0.67966;15
20:58:17.253;48.5902;0.66219;48.5962;0.64503;48.5842;0.67936;15
20:58:17.253;48.5903;0.66185;48.5963;0.64469;48.5843;0.67901;15
20:58:17.365;48.5904;0.66151;48.5964;0.64434;48.5844;0.67867;15
20:58:17.366;48.5905;0.66104;48.5965;0.64387;48.5845;0.6782;15
20:58:17.366;48.5908;0.66043;48.5967;0.64327;48.5847;0.6776;15
20:58:17.366;48.5909;0.65971;48.597;0.64254;48.5849;0.67687;15
20:58:17.366;48.5911;0.6591;48.5971;0.64194;48.5851;0.67627;15
20:58:17.366;48.5911;0.65876;48.5971;0.6416;48.5851;0.67592;15
20:58:17.366;48.5912;0.65842;48.5972;0.64125;48.5852;0.67558;15
20:58:17.407;48.5912;0.65825;48.5972;0.64108;48.5852;0.67541;15
