20:49:22.211;48.8538;2.34661;49.0446;1.79729;48.6623;2.89592;10
20:49:22.282;48.852;2.34936;49.0428;1.80004;48.6605;2.89867;10
20:49:23.531;48.8502;2.34936;49.041;1.80004;48.6587;2.89867;10
20:49:23.532;48.8493;2.34936;49.0401;1.80004;48.6578;2.89867;10
20:49:23.635;48.8466;2.34936;49.0374;1.80004;48.6551;2.89867;10
20:49:23.635;48.843;2.34936;49.0338;1.80004;48.6515;2.89867;10
20:49:23.635;48.8412;2.34936;49.032;1.80004;48.6496;2.89867;10
20:49:23.635;48.8403;2.34936;49.0311;1.80004;48.6487;2.89867;10
20:49:23.635;48.8385;2.34936;49.0293;1.80004;48.6469;2.89867;10
20:49:24.350;48.8376;2.3521;49.0284;1.80279;48.646;2.90142;10
20:49:24.421;48.8357;2.3521;49.0266;1.80279;48.6442;2.90142;10
20:49:24.422;48.8348;2.3521;49.0257;1.80279;48.6433;2.90142;10
20:49:24.422;48.8339;2.3521;49.0247;1.80279;48.6424;2.90142;10
20:49:24.422;48.833;2.3521;49.0238;1.80279;48.6415;2.90142;10
20:49:24.506;48.8321;2.3521;49.0229;1.80279;48.6406;2.90142;10
20:49:24.506;48.8303;2.34936;49.0211;1.80004;48.6387;2.89867;10
20:49:24.506;48.8294;2.34936;49.0202;1.80004;48.6378;2.89867;10
20:49:24.585;48.8276;2.34936;49.0185;1.80004;48.636;2.89867;10
20:49:24.585;48.8258;2.34798;49.0167;1.79867;48.6342;2.8973;10
20:49:24.586;48.824;2.34524;49.0149;1.79592;48.6324;2.89455;10
20:49:24.586;48.8222;2.34386;49.013;1.79455;48.6306;2.89318;10
20:49:24.586;48.8204;2.34249;49.0112;1.79317;48.6288;2.8918;10
20:49:24.619;48.8195;2.34249;49.0103;1.79317;48.6279;2.8918;10
20:49:25.086;48.8177;2.34249;49.0085;1.79317;48.626;2.8918;10
20:49:25.170;48.8077;2.33974;48.9986;1.79043;48.6161;2.88906;10
20:49:25.170;48.7896;2.33562;48.9806;1.78631;48.5979;2.88494;10
20:49:25.170;48.7579;2.33288;48.9491;1.78356;48.5661;2.88219;10
20:49:25.170;48.7244;2.33562;48.9157;1.78631;48.5325;2.88494;10
20:49:25.170;48.7018;2.34524;48.8931;1.79592;48.5097;2.89455;10
20:49:25.255;48.6918;2.35073;48.8832;1.80141;48.4997;2.90004;10
20:49:25.255;48.6846;2.35348;48.8759;1.80416;48.4924;2.90279;10
20:49:25.256;48.6827;2.35485;48.8741;1.80553;48.4906;2.90416;10
20:49:25.453;48.68;2.35485;48.8714;1.80553;48.4879;2.90416;10
20:49:25.518;48.6673;2.35073;48.8588;1.80141;48.4751;2.90004;10
20:49:25.518;48.6546;2.34524;48.8461;1.79592;48.4624;2.89455;10
20:49:25.597;48.6274;2.34112;48.819;1.7918;48.4351;2.89043;10
20:49:25.597;48.5747;2.337;48.7665;1.78768;48.3822;2.88631;10
20:49:25.597;48.5702;2.337;48.762;1.78768;48.3776;2.88631;10
20:49:25.597;48.5684;2.337;48.7602;1.78768;48.3758;2.88631;10
20:49:27.491;48.8547;2.34386;49.0455;1.79454;48.6632;2.89317;10
20:49:31.453;48.8538;2.34386;49.0446;1.79454;48.6623;2.89317;10
20:49:31.515;48.8529;2.34386;49.0437;1.79454;48.6614;2.89317;10
20:49:32.694;48.5684;2.337;48.7602;1.78768;48.3758;2.88631;10
20:49:34.824;48.8547;2.34386;49.0455;1.79454;48.6632;2.89317;10
20:49:36.259;48.5684;2.337;48.7602;1.78768;48.3758;2.88631;10
20:49:37.017;48.5647;2.337;48.7566;1.78768;48.3722;2.88631;10
20:49:37.085;48.5602;2.337;48.752;1.78768;48.3676;2.88631;10
20:49:37.085;48.5538;2.33562;48.7457;1.78631;48.3612;2.88494;10
20:49:37.085;48.5447;2.33562;48.7367;1.78631;48.3521;2.88494;10
20:49:37.085;48.5375;2.33562;48.7294;1.78631;48.3448;2.88494;10
20:49:37.208;48.5275;2.33562;48.7195;1.78631;48.3347;2.88494;10
20:49:37.208;48.5147;2.33562;48.7068;1.78631;48.322;2.88494;10
20:49:37.208;48.5047;2.33562;48.6968;1.78631;48.3119;2.88494;10
20:49:37.208;48.4947;2.33425;48.6868;1.78493;48.3019;2.88356;10
20:49:37.208;48.4838;2.33288;48.6759;1.78356;48.2909;2.88219;10
20:49:37.208;48.4738;2.3315;48.666;1.78219;48.2808;2.88082;10
20:49:37.221;48.4656;2.32876;48.6578;1.77944;48.2726;2.87807;10
20:49:37.268;48.4565;2.32601;48.6487;1.7767;48.2635;2.87532;10
20:49:37.268;48.4492;2.32327;48.6415;1.77395;48.2562;2.87258;10
20:49:37.269;48.4419;2.32189;48.6342;1.77258;48.2489;2.8712;10
20:49:37.552;48.441;2.32189;48.6333;1.77258;48.2479;2.8712;10
20:49:37.609;48.4337;2.32189;48.626;1.77258;48.2406;2.8712;10
20:49:37.609;48.42;2.32189;48.6124;1.77258;48.2269;2.8712;10
20:49:37.712;48.4027;2.32189;48.5952;1.77258;48.2095;2.8712;10
20:49:37.712;48.3598;2.32189;48.5525;1.77258;48.1665;2.8712;10
20:49:37.712;48.3443;2.32052;48.537;1.7712;48.1509;2.86983;10
20:49:37.712;48.3306;2.31777;48.5234;1.76846;48.1372;2.86708;10
20:49:37.713;48.3233;2.3164;48.5161;1.76708;48.1298;2.86571;10
20:49:42.567;48.3197;2.31503;48.5125;1.76571;48.1262;2.86434;10
20:49:42.658;48.316;2.31503;48.5088;1.76571;48.1225;2.86434;10
20:49:42.658;48.3124;2.31365;48.5052;1.76434;48.1188;2.86296;10
20:49:42.660;48.3105;2.31365;48.5033;1.76434;48.117;2.86296;10
20:49:43.134;48.3133;2.31365;48.5061;1.76434;48.1198;2.86296;10
20:49:43.205;48.3151;2.31365;48.5079;1.76434;48.1216;2.86296;10
20:49:43.205;48.3169;2.31365;48.5097;1.76434;48.1234;2.86296;10
20:49:43.205;48.3188;2.31503;48.5115;1.76571;48.1253;2.86434;10
20:49:43.205;48.3206;2.31503;48.5134;1.76571;48.1271;2.86434;10
20:49:43.300;48.3215;2.31503;48.5143;1.76571;48.128;2.86434;10
20:49:43.303;48.3224;2.31503;48.5152;1.76571;48.1289;2.86434;10
20:49:43.303;48.3233;2.31503;48.5161;1.76571;48.1298;2.86434;10
20:49:43.387;48.3242;2.31503;48.517;1.76571;48.1307;2.86434;10
20:49:43.387;48.3251;2.31503;48.5179;1.76571;48.1317;2.86434;10
20:49:43.557;48.327;2.31503;48.5197;1.76571;48.1335;2.86434;10
20:49:43.557;48.3288;2.31503;48.5215;1.76571;48.1353;2.86434;10
20:49:43.557;48.3325;2.31503;48.5252;1.76571;48.139;2.86434;10
20:49:43.557;48.3361;2.31503;48.5288;1.76571;48.1427;2.86434;10
20:49:43.557;48.3407;2.31503;48.5334;1.76571;48.1473;2.86434;10
20:49:43.557;48.3471;2.31503;48.5397;1.76571;48.1537;2.86434;10
20:49:43.558;48.3507;2.31503;48.5434;1.76571;48.1573;2.86434;10
20:49:43.558;48.3544;2.31503;48.547;1.76571;48.161;2.86434;10
20:49:43.558;48.3553;2.31503;48.5479;1.76571;48.1619;2.86434;10
20:49:43.558;48.3571;2.31503;48.5497;1.76571;48.1637;2.86434;10
20:49:43.653;48.3589;2.31503;48.5516;1.76571;48.1656;2.86434;10
20:49:44.297;48.3607;2.3164;48.5534;1.76708;48.1674;2.86571;10
20:49:44.297;48.3671;2.3164;48.5597;1.76708;48.1738;2.86571;10
20:49:44.297;48.3744;2.3164;48.567;1.76708;48.1811;2.86571;10
20:49:44.354;48.4182;2.3164;48.6106;1.76708;48.2251;2.86571;10
20:49:44.354;48.4191;2.3164;48.6115;1.76708;48.226;2.86571;10
20:49:44.354;48.42;2.3164;48.6124;1.76708;48.2269;2.86571;10
20:49:44.707;48.4218;2.3164;48.6142;1.76708;48.2287;2.86571;10
20:49:44.775;48.4273;2.31777;48.6197;1.76846;48.2342;2.86708;10
20:49:44.775;48.4319;2.31777;48.6242;1.76846;48.2388;2.86708;10
20:49:44.775;48.4355;2.31915;48.6279;1.76983;48.2425;2.86846;10
20:49:44.775;48.4401;2.31915;48.6324;1.76983;48.247;2.86846;10
20:49:44.860;48.4446;2.31915;48.6369;1.76983;48.2516;2.86846;10
20:49:44.861;48.4483;2.31915;48.6406;1.76983;48.2553;2.86846;10
20:49:44.861;48.4501;2.31915;48.6424;1.76983;48.2571;2.86846;10
20:49:44.861;48.451;2.31915;48.6433;1.76983;48.258;2.86846;10
20:49:46.037;48.451;2.31915;48.6433;1.76983;48.258;2.86846;10
20:49:46.248;48.451;2.31915;48.6433;1.76983;48.258;2.86846;10
20:49:46.248;48.451;2.31915;48.6433;1.76983;48.258;2.86846;10
20:49:46.248;48.451;2.31915;48.6433;1.76983;48.258;2.86846;10
20:49:46.248;48.451;2.31915;48.6433;1.76983;48.258;2.86846;10
20:49:46.448;48.451;2.31915;48.6433;1.76983;48.258;2.86846;10
20:49:46.654;48.451;2.31915;48.6433;1.76983;48.258;2.86846;10
20:49:46.655;48.451;2.31915;48.6433;1.76983;48.258;2.86846;10
20:49:46.655;48.451;2.31915;48.6433;1.76983;48.258;2.86846;10
20:49:46.857;48.451;2.31915;48.6433;1.76983;48.258;2.86846;10
20:49:46.857;48.451;2.31915;48.6433;1.76983;48.258;2.86846;10
20:49:46.857;48.451;2.31915;48.6433;1.76983;48.258;2.86846;10
20:49:47.077;48.451;2.31915;48.6433;1.76983;48.258;2.86846;10
20:49:47.077;48.451;2.31915;48.6433;1.76983;48.258;2.86846;10
20:49:47.077;48.451;2.31915;48.6433;1.76983;48.258;2.86846;10
20:49:47.298;48.451;2.31915;48.6433;1.76983;48.258;2.86846;10
20:49:47.298;48.451;2.31915;48.6433;1.76983;48.258;2.86846;10
20:49:47.298;48.451;2.31915;48.6433;1.76983;48.258;2.86846;10
20:49:47.517;48.451;2.31915;48.6433;1.76983;48.258;2.86846;10
20:49:47.518;48.451;2.31915;48.6433;1.76983;48.258;2.86846;10
20:49:47.518;48.451;2.31915;48.6433;1.76983;48.258;2.86846;10
20:49:47.739;48.451;2.31915;48.6433;1.76983;48.258;2.86846;10
20:49:47.739;48.451;2.31915;48.6433;1.76983;48.258;2.86846;10
20:49:47.739;48.451;2.31915;48.6433;1.76983;48.258;2.86846;10
20:49:47.958;48.451;2.31915;48.6433;1.76983;48.258;2.86846;10
20:49:47.959;48.451;2.31915;48.6433;1.76983;48.258;2.86846;10
20:49:47.959;48.451;2.31915;48.6433;1.76983;48.258;2.86846;10
20:49:48.179;48.451;2.31915;48.6433;1.76983;48.258;2.86846;10
20:49:48.179;48.451;2.31915;48.6433;1.76983;48.258;2.86846;10
20:49:48.179;48.451;2.31915;48.6433;1.76983;48.258;2.86846;10
20:49:48.374;48.451;2.31915;48.6433;1.76983;48.258;2.86846;10
20:49:48.374;48.451;2.31915;48.6433;1.76983;48.258;2.86846;10
20:49:48.374;48.451;2.31915;48.6433;1.76983;48.258;2.86846;10
20:49:48.592;48.451;2.31915;48.6433;1.76983;48.258;2.86846;10
20:49:48.593;48.451;2.31915;48.6433;1.76983;48.258;2.86846;10
20:49:48.593;48.451;2.31915;48.6433;1.76983;48.258;2.86846;10
20:49:48.812;48.451;2.31915;48.6433;1.76983;48.258;2.86846;10
20:49:48.812;48.451;2.31915;48.6433;1.76983;48.258;2.86846;10
20:49:48.812;48.451;2.31915;48.6433;1.76983;48.258;2.86846;10
20:49:49.031;48.451;2.31915;48.6433;1.76983;48.258;2.86846;10
20:49:49.031;48.451;2.31915;48.6433;1.76983;48.258;2.86846;10
20:49:49.031;48.451;2.31915;48.6433;1.76983;48.258;2.86846;10
20:49:49.235;48.451;2.31915;48.6433;1.76983;48.258;2.86846;10
20:49:49.235;48.451;2.31915;48.6433;1.76983;48.258;2.86846;10
20:49:49.235;48.451;2.31915;48.6433;1.76983;48.258;2.86846;10
20:49:49.461;48.451;2.31915;48.6433;1.76983;48.258;2.86846;10
20:49:49.464;48.451;2.31915;48.6433;1.76983;48.258;2.86846;10
20:49:49.464;48.451;2.31915;48.6433;1.76983;48.258;2.86846;10
20:49:49.666;48.451;2.31915;48.6433;1.76983;48.258;2.86846;10
20:49:49.666;48.451;2.31915;48.6433;1.76983;48.258;2.86846;10
20:49:49.666;48.451;2.31915;48.6433;1.76983;48.258;2.86846;10
20:49:49.876;48.451;2.31915;48.6433;1.76983;48.258;2.86846;10
20:49:49.876;48.451;2.31915;48.6433;1.76983;48.258;2.86846;10
20:49:49.876;48.451;2.31915;48.6433;1.76983;48.258;2.86846;10
20:49:50.079;48.451;2.31915;48.6433;1.76983;48.258;2.86846;10
20:49:50.079;48.451;2.31915;48.6433;1.76983;48.258;2.86846;10
20:49:50.079;48.451;2.31915;48.6433;1.76983;48.258;2.86846;10
20:49:50.303;48.451;2.31915;48.6433;1.76983;48.258;2.86846;10
20:49:50.303;48.451;2.31915;48.6433;1.76983;48.258;2.86846;10
20:49:50.303;48.451;2.31915;48.6433;1.76983;48.258;2.86846;10
20:49:50.499;48.451;2.31915;48.6433;1.76983;48.258;2.86846;10
20:49:50.500;48.451;2.31915;48.6433;1.76983;48.258;2.86846;10
20:49:50.500;48.451;2.31915;48.6433;1.76983;48.258;2.86846;10
20:49:50.710;48.451;2.31915;48.6433;1.76983;48.258;2.86846;10
20:49:50.710;48.451;2.31915;48.6433;1.76983;48.258;2.86846;10
20:49:50.710;48.451;2.31915;48.6433;1.76983;48.258;2.86846;10
20:49:50.912;48.451;2.31915;48.6433;1.76983;48.258;2.86846;10
20:49:50.912;48.451;2.31915;48.6433;1.76983;48.258;2.86846;10
20:49:50.912;48.451;2.31915;48.6433;1.76983;48.258;2.86846;10
20:49:51.110;48.451;2.31915;48.6433;1.76983;48.258;2.86846;10
20:49:51.110;48.451;2.31915;48.6433;1.76983;48.258;2.86846;10
20:49:51.110;48.451;2.31915;48.6433;1.76983;48.258;2.86846;10
20:49:51.317;48.451;2.31915;48.6433;1.76983;48.258;2.86846;10
20:49:51.317;48.451;2.31915;48.6433;1.76983;48.258;2.86846;10
20:49:51.317;48.451;2.31915;48.6433;1.76983;48.258;2.86846;10
20:49:51.521;48.451;2.31915;48.6433;1.76983;48.258;2.86846;10
20:49:51.521;48.451;2.31915;48.6433;1.76983;48.258;2.86846;10
20:49:51.521;48.451;2.31915;48.6433;1.76983;48.258;2.86846;10
20:49:51.726;48.451;2.31915;48.6433;1.76983;48.258;2.86846;10
20:49:51.726;48.451;2.31915;48.6433;1.76983;48.258;2.86846;10
20:49:51.726;48.451;2.31915;48.6433;1.76983;48.258;2.86846;10
20:49:51.921;48.451;2.31915;48.6433;1.76983;48.258;2.86846;10
20:49:51.921;48.451;2.31915;48.6433;1.76983;48.258;2.86846;10
20:49:51.921;48.451;2.31915;48.6433;1.76983;48.258;2.86846;10
20:49:52.129;48.451;2.31915;48.6433;1.76983;48.258;2.86846;10
20:49:52.129;48.451;2.31915;48.6433;1.76983;48.258;2.86846;10
20:49:52.129;48.451;2.31915;48.6433;1.76983;48.258;2.86846;10
20:49:52.337;48.451;2.31915;48.6433;1.76983;48.258;2.86846;10
20:49:52.338;48.451;2.31915;48.6433;1.76983;48.258;2.86846;10
20:49:52.338;48.451;2.31915;48.6433;1.76983;48.258;2.86846;10
20:49:52.551;48.451;2.31915;48.6433;1.76983;48.258;2.86846;10
20:49:52.551;48.451;2.31915;48.6433;1.76983;48.258;2.86846;10
20:49:52.551;48.451;2.31915;48.6433;1.76983;48.258;2.86846;10
20:49:52.798;48.451;2.31915;48.6433;1.76983;48.258;2.86846;10
20:49:52.798;48.451;2.31915;48.6433;1.76983;48.258;2.86846;10
20:49:52.798;48.451;2.31915;48.6433;1.76983;48.258;2.86846;10
20:49:52.993;48.451;2.31915;48.6433;1.76983;48.258;2.86846;10
20:49:52.993;48.451;2.31915;48.6433;1.76983;48.258;2.86846;10
20:49:52.993;48.451;2.31915;48.6433;1.76983;48.258;2.86846;10
20:49:53.206;48.451;2.31915;48.6433;1.76983;48.258;2.86846;10
20:49:53.206;48.451;2.31915;48.6433;1.76983;48.258;2.86846;10
20:49:53.206;48.451;2.31915;48.6433;1.76983;48.258;2.86846;10
20:49:53.414;48.451;2.31915;48.6433;1.76983;48.258;2.86846;10
20:49:53.414;48.451;2.31915;48.6433;1.76983;48.258;2.86846;10
20:49:53.414;48.451;2.31915;48.6433;1.76983;48.258;2.86846;10
20:49:53.617;48.451;2.31915;48.6433;1.76983;48.258;2.86846;10
20:49:53.617;48.451;2.31915;48.6433;1.76983;48.258;2.86846;10
20:49:53.617;48.451;2.31915;48.6433;1.76983;48.258;2.86846;10
20:49:53.852;48.451;2.31915;48.6433;1.76983;48.258;2.86846;10
20:49:53.852;48.451;2.31915;48.6433;1.76983;48.258;2.86846;10
20:49:53.852;48.451;2.31915;48.6433;1.76983;48.258;2.86846;10
20:49:54.065;48.451;2.31915;48.6433;1.76983;48.258;2.86846;10
20:49:54.065;48.451;2.31915;48.6433;1.76983;48.258;2.86846;10
20:49:54.065;48.451;2.31915;48.6433;1.76983;48.258;2.86846;10
20:49:54.256;48.451;2.31915;48.6433;1.76983;48.258;2.86846;10
20:49:54.256;48.451;2.31915;48.6433;1.76983;48.258;2.86846;10
20:49:54.256;48.451;2.31915;48.6433;1.76983;48.258;2.86846;10
20:49:54.466;48.451;2.31915;48.6433;1.76983;48.258;2.86846;10
20:49:54.466;48.451;2.31915;48.6433;1.76983;48.258;2.86846;10
20:49:54.466;48.451;2.31915;48.6433;1.76983;48.258;2.86846;10
20:49:54.673;48.451;2.31915;48.6433;1.76983;48.258;2.86846;10
20:49:54.673;48.451;2.31915;48.6433;1.76983;48.258;2.86846;10
20:49:54.673;48.451;2.31915;48.6433;1.76983;48.258;2.86846;10
20:49:54.870;48.451;2.31915;48.6433;1.76983;48.258;2.86846;10
20:49:54.870;48.451;2.31915;48.6433;1.76983;48.258;2.86846;10
20:49:54.870;48.451;2.31915;48.6433;1.76983;48.258;2.86846;10
20:49:55.086;48.451;2.31915;48.6433;1.76983;48.258;2.86846;10
20:49:55.086;48.451;2.31915;48.6433;1.76983;48.258;2.86846;10
20:49:55.086;48.451;2.31915;48.6433;1.76983;48.258;2.86846;10
20:49:55.286;48.451;2.31915;48.6433;1.76983;48.258;2.86846;10
20:49:55.286;48.451;2.31915;48.6433;1.76983;48.258;2.86846;10
20:49:55.286;48.451;2.31915;48.6433;1.76983;48.258;2.86846;10
20:49:55.489;48.451;2.31915;48.6433;1.76983;48.258;2.86846;10
20:49:55.489;48.451;2.31915;48.6433;1.76983;48.258;2.86846;10
20:49:55.489;48.451;2.31915;48.6433;1.76983;48.258;2.86846;10
20:49:55.694;48.451;2.31915;48.6433;1.76983;48.258;2.86846;10
20:49:55.694;48.451;2.31915;48.6433;1.76983;48.258;2.86846;10
20:49:55.694;48.451;2.31915;48.6433;1.76983;48.258;2.86846;10
20:49:55.896;48.451;2.31915;48.6433;1.76983;48.258;2.86846;10
20:49:55.896;48.451;2.31915;48.6433;1.76983;48.258;2.86846;10
20:49:55.896;48.451;2.31915;48.6433;1.76983;48.258;2.86846;10
20:49:56.107;48.451;2.31915;48.6433;1.76983;48.258;2.86846;10
20:49:56.107;48.451;2.31915;48.6433;1.76983;48.258;2.86846;10
20:49:56.107;48.451;2.31915;48.6433;1.76983;48.258;2.86846;10
20:49:56.303;48.451;2.31915;48.6433;1.76983;48.258;2.86846;10
20:49:56.303;48.451;2.31915;48.6433;1.76983;48.258;2.86846;10
20:49:56.303;48.451;2.31915;48.6433;1.76983;48.258;2.86846;10
20:49:56.505;48.451;2.31915;48.6433;1.76983;48.258;2.86846;10
20:49:56.505;48.451;2.31915;48.6433;1.76983;48.258;2.86846;10
20:49:56.505;48.451;2.31915;48.6433;1.76983;48.258;2.86846;10
20:49:56.879;48.451;2.31915;48.6433;1.76983;48.258;2.86846;10
20:49:56.880;48.451;2.31915;48.6433;1.76983;48.258;2.86846;10
20:49:56.880;48.451;2.31915;48.6433;1.76983;48.258;2.86846;10
20:49:57.080;48.451;2.31915;48.6433;1.76983;48.258;2.86846;10
20:49:57.081;48.451;2.31915;48.6433;1.76983;48.258;2.86846;10
20:49:57.081;48.451;2.31915;48.6433;1.76983;48.258;2.86846;10
20:49:57.283;48.451;2.31915;48.6433;1.76983;48.258;2.86846;10
20:49:57.283;48.451;2.31915;48.6433;1.76983;48.258;2.86846;10
20:49:57.283;48.451;2.31915;48.6433;1.76983;48.258;2.86846;10
20:49:57.487;48.451;2.31915;48.6433;1.76983;48.258;2.86846;10
20:49:57.487;48.451;2.31915;48.6433;1.76983;48.258;2.86846;10
20:49:57.487;48.451;2.31915;48.6433;1.76983;48.258;2.86846;10
20:49:57.689;48.451;2.31915;48.6433;1.76983;48.258;2.86846;10
20:49:57.689;48.451;2.31915;48.6433;1.76983;48.258;2.86846;10
20:49:57.689;48.451;2.31915;48.6433;1.76983;48.258;2.86846;10
20:49:57.901;48.451;2.31915;48.6433;1.76983;48.258;2.86846;10
20:49:57.901;48.451;2.31915;48.6433;1.76983;48.258;2.86846;10
20:49:57.901;48.451;2.31915;48.6433;1.76983;48.258;2.86846;10
20:49:58.098;48.451;2.31915;48.6433;1.76983;48.258;2.86846;10
20:49:58.098;48.451;2.31915;48.6433;1.76983;48.258;2.86846;10
20:49:58.098;48.451;2.31915;48.6433;1.76983;48.258;2.86846;10
20:49:58.300;48.451;2.31915;48.6433;1.76983;48.258;2.86846;10
20:49:58.300;48.451;2.31915;48.6433;1.76983;48.258;2.86846;10
20:49:58.300;48.451;2.31915;48.6433;1.76983;48.258;2.86846;10
20:49:58.531;48.451;2.31915;48.6433;1.76983;48.258;2.86846;10
20:49:58.531;48.451;2.31915;48.6433;1.76983;48.258;2.86846;10
20:49:58.531;48.451;2.31915;48.6433;1.76983;48.258;2.86846;10
20:49:58.742;48.451;2.31915;48.6433;1.76983;48.258;2.86846;10
20:49:58.742;48.451;2.31915;48.6433;1.76983;48.258;2.86846;10
20:49:58.742;48.451;2.31915;48.6433;1.76983;48.258;2.86846;10
20:49:58.936;48.451;2.31915;48.6433;1.76983;48.258;2.86846;10
20:49:58.936;48.451;2.31915;48.6433;1.76983;48.258;2.86846;10
20:49:58.936;48.451;2.31915;48.6433;1.76983;48.258;2.86846;10
20:49:59.142;48.451;2.31915;48.6433;1.76983;48.258;2.86846;10
20:49:59.142;48.451;2.31915;48.6433;1.76983;48.258;2.86846;10
20:49:59.142;48.451;2.31915;48.6433;1.76983;48.258;2.86846;10
20:49:59.353;48.451;2.31915;48.6433;1.76983;48.258;2.86846;10
20:49:59.353;48.451;2.31915;48.6433;1.76983;48.258;2.86846;10
20:49:59.353;48.451;2.31915;48.6433;1.76983;48.258;2.86846;10
20:49:59.556;48.451;2.31915;48.6433;1.76983;48.258;2.86846;10
20:49:59.556;48.451;2.31915;48.6433;1.76983;48.258;2.86846;10
20:49:59.556;48.451;2.31915;48.6433;1.76983;48.258;2.86846;10
20:49:59.758;48.451;2.31915;48.6433;1.76983;48.258;2.86846;10
20:49:59.758;48.451;2.31915;48.6433;1.76983;48.258;2.86846;10
20:49:59.758;48.451;2.31915;48.6433;1.76983;48.258;2.86846;10
20:49:59.951;48.451;2.31915;48.6433;1.76983;48.258;2.86846;10
20:49:59.951;48.451;2.31915;48.6433;1.76983;48.258;2.86846;10
20:49:59.951;48.451;2.31915;48.6433;1.76983;48.258;2.86846;10
20:50:00.153;48.451;2.31915;48.6433;1.76983;48.258;2.86846;10
20:50:00.153;48.451;2.31915;48.6433;1.76983;48.258;2.86846;10
20:50:00.154;48.451;2.31915;48.6433;1.76983;48.258;2.86846;10
20:50:00.357;48.451;2.31915;48.6433;1.76983;48.258;2.86846;10
20:50:00.357;48.451;2.31915;48.6433;1.76983;48.258;2.86846;10
20:50:00.357;48.451;2.31915;48.6433;1.76983;48.258;2.86846;10
20:50:00.570;48.451;2.31915;48.6433;1.76983;48.258;2.86846;10
20:50:00.570;48.451;2.31915;48.6433;1.76983;48.258;2.86846;10
20:50:00.570;48.451;2.31915;48.6433;1.76983;48.258;2.86846;10
20:50:00.770;48.451;2.31915;48.6433;1.76983;48.258;2.86846;10
20:50:00.770;48.451;2.31915;48.6433;1.76983;48.258;2.86846;10
20:50:00.770;48.451;2.31915;48.6433;1.76983;48.258;2.86846;10
20:50:00.966;48.451;2.31915;48.6433;1.76983;48.258;2.86846;10
20:50:00.966;48.451;2.31915;48.6433;1.76983;48.258;2.86846;10
20:50:00.966;48.451;2.31915;48.6433;1.76983;48.258;2.86846;10
20:50:01.167;48.451;2.31915;48.6433;1.76983;48.258;2.86846;10
20:50:01.167;48.451;2.31915;48.6433;1.76983;48.258;2.86846;10
20:50:01.167;48.451;2.31915;48.6433;1.76983;48.258;2.86846;10
20:50:01.375;48.451;2.31915;48.6433;1.76983;48.258;2.86846;10
20:50:01.375;48.451;2.31915;48.6433;1.76983;48.258;2.86846;10
20:50:01.375;48.451;2.31915;48.6433;1.76983;48.258;2.86846;10
20:50:01.584;48.451;2.31915;48.6433;1.76983;48.258;2.86846;10
20:50:01.584;48.451;2.31915;48.6433;1.76983;48.258;2.86846;10
20:50:01.584;48.451;2.31915;48.6433;1.76983;48.258;2.86846;10
20:50:01.784;48.451;2.31915;48.6433;1.76983;48.258;2.86846;10
20:50:01.784;48.451;2.31915;48.6433;1.76983;48.258;2.86846;10
20:50:01.784;48.451;2.31915;48.6433;1.76983;48.258;2.86846;10
20:50:01.979;48.451;2.31915;48.6433;1.76983;48.258;2.86846;10
20:50:01.979;48.451;2.31915;48.6433;1.76983;48.258;2.86846;10
20:50:01.979;48.451;2.31915;48.6433;1.76983;48.258;2.86846;10
20:50:02.192;48.451;2.31915;48.6433;1.76983;48.258;2.86846;10
20:50:02.192;48.451;2.31915;48.6433;1.76983;48.258;2.86846;10
20:50:02.192;48.451;2.31915;48.6433;1.76983;48.258;2.86846;10
20:50:02.395;48.451;2.31915;48.6433;1.76983;48.258;2.86846;10
20:50:02.395;48.451;2.31915;48.6433;1.76983;48.258;2.86846;10
20:50:02.395;48.451;2.31915;48.6433;1.76983;48.258;2.86846;10
20:50:02.589;48.451;2.31915;48.6433;1.76983;48.258;2.86846;10
20:50:02.589;48.451;2.31915;48.6433;1.76983;48.258;2.86846;10
20:50:02.589;48.451;2.31915;48.6433;1.76983;48.258;2.86846;10
20:50:02.792;48.451;2.31915;48.6433;1.76983;48.258;2.86846;10
20:50:02.792;48.451;2.31915;48.6433;1.76983;48.258;2.86846;10
20:50:02.792;48.451;2.31915;48.6433;1.76983;48.258;2.86846;10
20:50:03.002;48.451;2.31915;48.6433;1.76983;48.258;2.86846;10
20:50:03.002;48.451;2.31915;48.6433;1.76983;48.258;2.86846;10
20:50:03.002;48.451;2.31915;48.6433;1.76983;48.258;2.86846;10
20:50:03.195;48.451;2.31915;48.6433;1.76983;48.258;2.86846;10
20:50:03.195;48.451;2.31915;48.6433;1.76983;48.258;2.86846;10
20:50:03.195;48.451;2.31915;48.6433;1.76983;48.258;2.86846;10
20:50:03.397;48.451;2.31915;48.6433;1.76983;48.258;2.86846;10
20:50:03.397;48.451;2.31915;48.6433;1.76983;48.258;2.86846;10
20:50:03.397;48.451;2.31915;48.6433;1.76983;48.258;2.86846;10
20:50:03.611;48.451;2.31915;48.6433;1.76983;48.258;2.86846;10
20:50:03.611;48.451;2.31915;48.6433;1.76983;48.258;2.86846;10
20:50:03.611;48.451;2.31915;48.6433;1.76983;48.258;2.86846;10
20:50:03.807;48.451;2.31915;48.6433;1.76983;48.258;2.86846;10
20:50:03.807;48.451;2.31915;48.6433;1.76983;48.258;2.86846;10
20:50:03.807;48.451;2.31915;48.6433;1.76983;48.258;2.86846;10
20:50:04.017;48.451;2.31915;48.6433;1.76983;48.258;2.86846;10
20:50:04.017;48.451;2.31915;48.6433;1.76983;48.258;2.86846;10
20:50:04.017;48.451;2.31915;48.6433;1.76983;48.258;2.86846;10
20:50:04.213;48.451;2.31915;48.6433;1.76983;48.258;2.86846;10
20:50:04.213;48.451;2.31915;48.6433;1.76983;48.258;2.86846;10
20:50:04.213;48.451;2.31915;48.6433;1.76983;48.258;2.86846;10
20:50:04.412;48.451;2.31915;48.6433;1.76983;48.258;2.86846;10
20:50:04.412;48.451;2.31915;48.6433;1.76983;48.258;2.86846;10
20:50:04.412;48.451;2.31915;48.6433;1.76983;48.258;2.86846;10
20:50:04.626;48.451;2.31915;48.6433;1.76983;48.258;2.86846;10
20:50:04.626;48.451;2.31915;48.6433;1.76983;48.258;2.86846;10
20:50:04.626;48.451;2.31915;48.6433;1.76983;48.258;2.86846;10
20:50:04.825;48.451;2.31915;48.6433;1.76983;48.258;2.86846;10
20:50:04.825;48.451;2.31915;48.6433;1.76983;48.258;2.86846;10
20:50:04.825;48.451;2.31915;48.6433;1.76983;48.258;2.86846;10
20:50:05.026;48.451;2.31915;48.6433;1.76983;48.258;2.86846;10
20:50:05.026;48.451;2.31915;48.6433;1.76983;48.258;2.86846;10
20:50:05.026;48.451;2.31915;48.6433;1.76983;48.258;2.86846;10
20:50:05.233;48.451;2.31915;48.6433;1.76983;48.258;2.86846;10
20:50:05.233;48.451;2.31915;48.6433;1.76983;48.258;2.86846;10
20:50:05.233;48.451;2.31915;48.6433;1.76983;48.258;2.86846;10
20:50:05.430;48.451;2.31915;48.6433;1.76983;48.258;2.86846;10
20:50:05.430;48.451;2.31915;48.6433;1.76983;48.258;2.86846;10
20:50:05.430;48.451;2.31915;48.6433;1.76983;48.258;2.86846;10
20:50:05.633;48.451;2.31915;48.6433;1.76983;48.258;2.86846;10
20:50:05.633;48.451;2.31915;48.6433;1.76983;48.258;2.86846;10
20:50:05.633;48.451;2.31915;48.6433;1.76983;48.258;2.86846;10
20:50:05.839;48.451;2.31915;48.6433;1.76983;48.258;2.86846;10
20:50:05.839;48.451;2.31915;48.6433;1.76983;48.258;2.86846;10
20:50:05.839;48.451;2.31915;48.6433;1.76983;48.258;2.86846;10
20:50:06.036;48.451;2.31915;48.6433;1.76983;48.258;2.86846;10
20:50:06.036;48.451;2.31915;48.6433;1.76983;48.258;2.86846;10
20:50:06.036;48.451;2.31915;48.6433;1.76983;48.258;2.86846;10
20:50:06.248;48.451;2.31915;48.6433;1.76983;48.258;2.86846;10
20:50:06.248;48.451;2.31915;48.6433;1.76983;48.258;2.86846;10
20:50:06.248;48.451;2.31915;48.6433;1.76983;48.258;2.86846;10
20:50:06.496;48.451;2.31915;48.6433;1.76983;48.258;2.86846;10
20:50:06.496;48.451;2.31915;48.6433;1.76983;48.258;2.86846;10
20:50:06.496;48.451;2.31915;48.6433;1.76983;48.258;2.86846;10
20:50:06.695;48.451;2.31915;48.6433;1.76983;48.258;2.86846;10
20:50:06.695;48.451;2.31915;48.6433;1.76983;48.258;2.86846;10
20:50:06.695;48.451;2.31915;48.6433;1.76983;48.258;2.86846;10
20:50:06.906;48.451;2.31915;48.6433;1.76983;48.258;2.86846;10
20:50:06.906;48.451;2.31915;48.6433;1.76983;48.258;2.86846;10
20:50:06.906;48.451;2.31915;48.6433;1.76983;48.258;2.86846;10
20:50:07.098;48.451;2.31915;48.6433;1.76983;48.258;2.86846;10
20:50:07.098;48.451;2.31915;48.6433;1.76983;48.258;2.86846;10
20:50:07.098;48.451;2.31915;48.6433;1.76983;48.258;2.86846;10
20:50:07.300;48.451;2.31915;48.6433;1.76983;48.258;2.86846;10
20:50:07.300;48.451;2.31915;48.6433;1.76983;48.258;2.86846;10
20:50:07.300;48.451;2.31915;48.6433;1.76983;48.258;2.86846;10
20:50:07.518;48.451;2.31915;48.6433;1.76983;48.258;2.86846;10
20:50:07.519;48.451;2.31915;48.6433;1.76983;48.258;2.86846;10
20:50:07.519;48.451;2.31915;48.6433;1.76983;48.258;2.86846;10
20:50:07.722;48.451;2.31915;48.6433;1.76983;48.258;2.86846;10
20:50:07.722;48.451;2.31915;48.6433;1.76983;48.258;2.86846;10
20:50:07.722;48.451;2.31915;48.6433;1.76983;48.258;2.86846;10
20:50:07.924;48.451;2.31915;48.6433;1.76983;48.258;2.86846;10
20:50:07.924;48.451;2.31915;48.6433;1.76983;48.258;2.86846;10
20:50:07.924;48.451;2.31915;48.6433;1.76983;48.258;2.86846;10
20:50:08.127;48.451;2.31915;48.6433;1.76983;48.258;2.86846;10
20:50:08.127;48.451;2.31915;48.6433;1.76983;48.258;2.86846;10
20:50:08.127;48.451;2.31915;48.6433;1.76983;48.258;2.86846;10
20:50:08.336;48.451;2.31915;48.6433;1.76983;48.258;2.86846;10
20:50:08.336;48.451;2.31915;48.6433;1.76983;48.258;2.86846;10
20:50:08.336;48.451;2.31915;48.6433;1.76983;48.258;2.86846;10
20:50:08.542;48.451;2.31915;48.6433;1.76983;48.258;2.86846;10
20:50:08.542;48.451;2.31915;48.6433;1.76983;48.258;2.86846;10
20:50:08.542;48.451;2.31915;48.6433;1.76983;48.258;2.86846;10
20:50:08.743;48.451;2.31915;48.6433;1.76983;48.258;2.86846;10
20:50:08.743;48.451;2.31915;48.6433;1.76983;48.258;2.86846;10
20:50:08.743;48.451;2.31915;48.6433;1.76983;48.258;2.86846;10
20:50:08.937;48.451;2.31915;48.6433;1.76983;48.258;2.86846;10
20:50:08.937;48.451;2.31915;48.6433;1.76983;48.258;2.86846;10
20:50:08.937;48.451;2.31915;48.6433;1.76983;48.258;2.86846;10
20:50:09.139;48.451;2.31915;48.6433;1.76983;48.258;2.86846;10
20:50:09.139;48.451;2.31915;48.6433;1.76983;48.258;2.86846;10
20:50:09.139;48.451;2.31915;48.6433;1.76983;48.258;2.86846;10
20:50:09.343;48.451;2.31915;48.6433;1.76983;48.258;2.86846;10
20:50:09.343;48.451;2.31915;48.6433;1.76983;48.258;2.86846;10
20:50:09.343;48.451;2.31915;48.6433;1.76983;48.258;2.86846;10
20:50:09.547;48.451;2.31915;48.6433;1.76983;48.258;2.86846;10
20:50:09.547;48.451;2.31915;48.6433;1.76983;48.258;2.86846;10
20:50:09.547;48.451;2.31915;48.6433;1.76983;48.258;2.86846;10
20:50:09.748;48.451;2.31915;48.6433;1.76983;48.258;2.86846;10
20:50:09.749;48.451;2.31915;48.6433;1.76983;48.258;2.86846;10
20:50:09.749;48.451;2.31915;48.6433;1.76983;48.258;2.86846;10
20:50:09.950;48.451;2.31915;48.6433;1.76983;48.258;2.86846;10
20:50:09.950;48.451;2.31915;48.6433;1.76983;48.258;2.86846;10
20:50:09.950;48.451;2.31915;48.6433;1.76983;48.258;2.86846;10
20:50:10.153;48.451;2.31915;48.6433;1.76983;48.258;2.86846;10
20:50:10.153;48.451;2.31915;48.6433;1.76983;48.258;2.86846;10
20:50:10.153;48.451;2.31915;48.6433;1.76983;48.258;2.86846;10
20:50:10.366;48.451;2.31915;48.6433;1.76983;48.258;2.86846;10
20:50:10.366;48.451;2.31915;48.6433;1.76983;48.258;2.86846;10
20:50:10.366;48.451;2.31915;48.6433;1.76983;48.258;2.86846;10
20:50:10.558;48.451;2.31915;48.6433;1.76983;48.258;2.86846;10
20:50:10.558;48.451;2.31915;48.6433;1.76983;48.258;2.86846;10
20:50:10.558;48.451;2.31915;48.6433;1.76983;48.258;2.86846;10
20:50:10.765;48.451;2.31915;48.6433;1.76983;48.258;2.86846;10
20:50:10.765;48.451;2.31915;48.6433;1.76983;48.258;2.86846;10
20:50:10.765;48.451;2.31915;48.6433;1.76983;48.258;2.86846;10
20:50:10.969;48.451;2.31915;48.6433;1.76983;48.258;2.86846;10
20:50:10.969;48.451;2.31915;48.6433;1.76983;48.258;2.86846;10
20:50:10.969;48.451;2.31915;48.6433;1.76983;48.258;2.86846;10
20:50:11.167;48.451;2.31915;48.6433;1.76983;48.258;2.86846;10
20:50:11.167;48.451;2.31915;48.6433;1.76983;48.258;2.86846;10
20:50:11.167;48.451;2.31915;48.6433;1.76983;48.258;2.86846;10
20:50:11.370;48.451;2.31915;48.6433;1.76983;48.258;2.86846;10
20:50:11.370;48.451;2.31915;48.6433;1.76983;48.258;2.86846;10
20:50:11.370;48.451;2.31915;48.6433;1.76983;48.258;2.86846;10
20:50:11.573;48.451;2.31915;48.6433;1.76983;48.258;2.86846;10
20:50:11.573;48.451;2.31915;48.6433;1.76983;48.258;2.86846;10
20:50:11.573;48.451;2.31915;48.6433;1.76983;48.258;2.86846;10
20:50:11.783;48.451;2.31915;48.6433;1.76983;48.258;2.86846;10
20:50:11.783;48.451;2.31915;48.6433;1.76983;48.258;2.86846;10
20:50:11.783;48.451;2.31915;48.6433;1.76983;48.258;2.86846;10
20:50:11.990;48.451;2.31915;48.6433;1.76983;48.258;2.86846;10
20:50:11.990;48.451;2.31915;48.6433;1.76983;48.258;2.86846;10
20:50:11.990;48.451;2.31915;48.6433;1.76983;48.258;2.86846;10
20:50:12.181;48.451;2.31915;48.6433;1.76983;48.258;2.86846;10
20:50:12.181;48.451;2.31915;48.6433;1.76983;48.258;2.86846;10
20:50:12.181;48.451;2.31915;48.6433;1.76983;48.258;2.86846;10
20:50:12.385;48.451;2.31915;48.6433;1.76983;48.258;2.86846;10
20:50:12.385;48.451;2.31915;48.6433;1.76983;48.258;2.86846;10
20:50:12.385;48.451;2.31915;48.6433;1.76983;48.258;2.86846;10
20:50:12.586;48.451;2.31915;48.6433;1.76983;48.258;2.86846;10
20:50:12.586;48.451;2.31915;48.6433;1.76983;48.258;2.86846;10
20:50:12.586;48.451;2.31915;48.6433;1.76983;48.258;2.86846;10
20:50:12.789;48.451;2.31915;48.6433;1.76983;48.258;2.86846;10
20:50:12.789;48.451;2.31915;48.6433;1.76983;48.258;2.86846;10
20:50:12.789;48.451;2.31915;48.6433;1.76983;48.258;2.86846;10
20:50:13.001;48.451;2.31915;48.6433;1.76983;48.258;2.86846;10
20:50:13.001;48.451;2.31915;48.6433;1.76983;48.258;2.86846;10
20:50:13.001;48.451;2.31915;48.6433;1.76983;48.258;2.86846;10
20:50:13.197;48.451;2.31915;48.6433;1.76983;48.258;2.86846;10
20:50:13.197;48.451;2.31915;48.6433;1.76983;48.258;2.86846;10
20:50:13.197;48.451;2.31915;48.6433;1.76983;48.258;2.86846;10
20:50:13.408;48.451;2.31915;48.6433;1.76983;48.258;2.86846;10
20:50:13.408;48.451;2.31915;48.6433;1.76983;48.258;2.86846;10
20:50:13.408;48.451;2.31915;48.6433;1.76983;48.258;2.86846;10
20:50:13.604;48.451;2.31915;48.6433;1.76983;48.258;2.86846;10
20:50:13.604;48.451;2.31915;48.6433;1.76983;48.258;2.86846;10
20:50:13.604;48.451;2.31915;48.6433;1.76983;48.258;2.86846;10
20:50:13.814;48.451;2.31915;48.6433;1.76983;48.258;2.86846;10
20:50:13.814;48.451;2.31915;48.6433;1.76983;48.258;2.86846;10
20:50:13.814;48.451;2.31915;48.6433;1.76983;48.258;2.86846;10
