21:30:57.950;48.8547;2.34386;49.0455;1.79455;48.6632;2.89318;10
21:30:58.028;48.8556;2.33837;49.0464;1.78905;48.6642;2.88768;10
21:30:58.028;48.8565;2.3315;49.0473;1.78219;48.6651;2.88082;10
21:30:58.028;48.8574;2.32876;49.0482;1.77944;48.666;2.87807;10
21:30:58.028;48.8574;2.32738;49.0482;1.77807;48.666;2.8767;10
21:30:58.121;48.8574;2.32601;49.0482;1.7767;48.666;2.87532;10
21:30:58.121;48.8583;2.32327;49.0491;1.77395;48.6669;2.87258;10
21:30:58.121;48.8601;2.32052;49.0509;1.7712;48.6687;2.86983;10
21:30:58.230;48.8601;2.3164;49.0509;1.76708;48.6687;2.86571;10
21:30:58.230;48.8592;2.30953;49.05;1.76022;48.6678;2.85884;10
21:30:58.308;48.8529;2.29992;49.0437;1.7506;48.6614;2.84923;10
21:30:58.371;48.8403;2.29855;49.0311;1.74923;48.6487;2.84786;10
21:30:58.449;48.8385;2.29855;49.0293;1.74923;48.6469;2.84786;10
21:30:58.449;48.8376;2.29855;49.0284;1.74923;48.646;2.84786;10
21:30:58.449;48.8366;2.29992;49.0275;1.7506;48.6451;2.84923;10
21:30:58.574;48.8366;2.30679;49.0275;1.75747;48.6451;2.8561;10
21:30:58.652;48.8366;2.30953;49.0275;1.76022;48.6451;2.85884;10
21:30:58.652;48.8366;2.31228;49.0275;1.76296;48.6451;2.86159;10
21:30:58.652;48.8366;2.31365;49.0275;1.76434;48.6451;2.86296;10
21:30:58.761;48.8376;2.31503;49.0284;1.76571;48.646;2.86434;10
21:30:58.839;48.8421;2.32189;49.0329;1.77258;48.6506;2.8712;10
21:30:58.917;48.843;2.32464;49.0338;1.77532;48.6515;2.87395;10
21:30:58.979;48.843;2.32601;49.0338;1.7767;48.6515;2.87532;10
21:30:59.978;48.8439;2.32738;49.0347;1.77807;48.6524;2.8767;10
21:30:59.978;48.8457;2.3315;49.0365;1.78219;48.6542;2.88082;10
21:30:59.978;48.8466;2.33288;49.0374;1.78356;48.6551;2.88219;10
21:30:59.978;48.8827;2.33837;49.0734;1.78905;48.6914;2.88768;10
21:31:00.492;48.8818;2.33974;49.0725;1.79043;48.6904;2.88906;10
21:31:00.570;48.8809;2.34661;49.0716;1.79729;48.6895;2.89592;10
21:31:00.570;48.88;2.35485;49.0707;1.80553;48.6886;2.90416;10
21:31:00.570;48.8782;2.36446;49.0689;1.81515;48.6868;2.91377;10
21:31:00.570;48.8773;2.37133;49.068;1.82201;48.6859;2.92064;10
21:31:00.695;48.8773;2.37408;49.068;1.82476;48.6859;2.92339;10
21:31:00.695;48.8764;2.37408;49.0671;1.82476;48.685;2.92339;10
21:31:00.742;48.8764;2.37545;49.0671;1.82613;48.685;2.92476;10
21:31:00.742;48.8755;2.37545;49.0662;1.82613;48.6841;2.92476;10
21:31:00.742;48.8737;2.3782;49.0644;1.82888;48.6823;2.92751;10
21:31:00.804;48.8728;2.3782;49.0635;1.82888;48.6814;2.92751;10
21:31:00.898;48.8719;2.3782;49.0626;1.82888;48.6805;2.92751;10
21:31:07.408;48.8728;2.36446;49.0635;1.81515;48.6814;2.91377;10
21:31:07.517;48.88;2.3164;49.0707;1.76708;48.6886;2.86571;10
21:31:07.517;48.8845;2.28481;49.0752;1.7355;48.6932;2.83412;10
21:31:07.517;48.8881;2.2546;49.0788;1.70528;48.6968;2.80391;10
21:31:07.595;48.8945;2.21478;49.085;1.66546;48.7031;2.76409;10
21:31:07.720;48.8945;2.22164;49.085;1.67233;48.7031;2.77095;10
21:31:07.720;48.8954;2.23263;49.0859;1.68331;48.704;2.78194;10
21:31:07.720;48.8954;2.23949;49.0859;1.69018;48.704;2.78881;10
21:31:07.720;48.8954;2.24224;49.0859;1.69292;48.704;2.79155;10
21:31:07.720;48.8954;2.24361;49.0859;1.6943;48.704;2.79293;10
21:31:07.829;48.8954;2.24911;49.0859;1.69979;48.704;2.79842;10
21:31:07.829;48.8936;2.25597;49.0841;1.70666;48.7022;2.80528;10
21:31:07.829;48.8872;2.26971;49.0779;1.72039;48.6959;2.81902;10
21:31:07.829;48.8755;2.29031;49.0662;1.74099;48.6841;2.83962;10
21:31:14.225;48.8791;2.27932;49.0698;1.73;48.6877;2.82863;10
21:31:14.365;48.8809;2.27383;49.0716;1.72451;48.6895;2.82314;10
21:31:14.365;48.8827;2.27108;49.0734;1.72176;48.6914;2.82039;10
21:31:14.365;48.8827;2.26971;49.0734;1.72039;48.6914;2.81902;10
21:31:14.365;48.8836;2.26971;49.0743;1.72039;48.6923;2.81902;10
21:31:14.365;48.8854;2.26971;49.0761;1.72039;48.6941;2.81902;10
21:31:14.443;48.8872;2.26696;49.0779;1.71764;48.6959;2.81627;10
21:31:14.443;48.8909;2.26696;49.0815;1.71764;48.6995;2.81627;10
21:31:14.443;48.8945;2.26559;49.085;1.71627;48.7031;2.8149;10
21:31:14.443;48.8999;2.26696;49.0905;1.71764;48.7086;2.81627;10
21:31:14.521;48.9017;2.26971;49.0923;1.72039;48.7104;2.81902;10
21:31:14.521;48.8981;2.27657;49.0886;1.72726;48.7068;2.82588;10
21:31:14.521;48.8936;2.29443;49.0841;1.74511;48.7022;2.84374;10
21:31:14.521;48.8918;2.30953;49.0824;1.76022;48.7004;2.85884;10
21:31:14.662;48.8918;2.3164;49.0824;1.76708;48.7004;2.86571;10
21:31:14.662;48.8918;2.32189;49.0824;1.77258;48.7004;2.8712;10
21:31:14.662;48.8918;2.32601;49.0824;1.7767;48.7004;2.87532;10
21:31:14.662;48.8918;2.32738;49.0824;1.77807;48.7004;2.8767;10
21:31:14.662;48.8909;2.32876;49.0815;1.77944;48.6995;2.87807;10
21:31:14.662;48.8881;2.33013;49.0788;1.78082;48.6968;2.87944;10
21:31:14.662;48.8818;2.3315;49.0725;1.78219;48.6904;2.88082;10
21:31:14.662;48.8746;2.3315;49.0653;1.78219;48.6832;2.88082;10
21:31:14.787;48.8619;2.3315;49.0527;1.78219;48.6705;2.88082;10
21:31:14.787;48.8475;2.32876;49.0383;1.77944;48.656;2.87807;10
21:31:14.787;48.8357;2.32738;49.0266;1.77807;48.6442;2.8767;10
21:31:14.787;48.8258;2.32738;49.0167;1.77807;48.6342;2.8767;10
21:31:14.787;48.8213;2.32738;49.0121;1.77807;48.6297;2.8767;10
21:31:14.787;48.8186;2.32738;49.0094;1.77807;48.6269;2.8767;10
21:31:14.974;48.8222;2.32738;49.013;1.77807;48.6306;2.8767;10
21:31:14.974;48.8321;2.32738;49.0229;1.77807;48.6406;2.8767;10
21:31:14.974;48.8502;2.32464;49.041;1.77532;48.6587;2.87395;10
21:31:14.974;48.8764;2.31365;49.0671;1.76434;48.685;2.86296;10
21:31:14.974;48.9017;2.29855;49.0923;1.74923;48.7104;2.84786;10
21:31:14.974;48.9269;2.28069;49.1174;1.73138;48.7358;2.83;10
21:31:14.974;48.9405;2.27108;49.1309;1.72176;48.7493;2.82039;10
21:31:14.974;48.945;2.26833;49.1354;1.71902;48.7539;2.81764;10
21:31:14.974;48.9468;2.26833;49.1372;1.71902;48.7557;2.81764;10
21:31:17.673;48.9468;2.26833;49.1372;1.71902;48.7557;2.81764;10
21:31:17.673;48.9468;2.26833;49.1372;1.71902;48.7557;2.81764;10
21:31:17.673;48.9468;2.26833;49.1372;1.71902;48.7557;2.81764;10
21:31:18.187;48.9468;2.26833;49.1372;1.71902;48.7557;2.81764;10
21:31:18.187;48.9468;2.26833;49.1372;1.71902;48.7557;2.81764;10
21:31:18.187;48.9468;2.26833;49.1372;1.71902;48.7557;2.81764;10
21:31:18.359;48.9468;2.26833;49.1372;1.71902;48.7557;2.81764;10
21:31:18.359;48.9468;2.26833;49.1372;1.71902;48.7557;2.81764;10
21:31:18.359;48.9468;2.26833;49.1372;1.71902;48.7557;2.81764;10
21:31:18.593;48.9486;2.26833;49.139;1.71902;48.7575;2.81764;10
21:31:18.655;48.954;2.26696;49.1444;1.71764;48.7629;2.81627;10
21:31:18.655;48.9603;2.26559;49.1507;1.71627;48.7693;2.8149;10
21:31:18.733;48.9675;2.26559;49.1578;1.71627;48.7765;2.8149;10
21:31:18.889;48.9775;2.26421;49.1677;1.7149;48.7864;2.81352;10
21:31:18.889;48.9793;2.26421;49.1695;1.7149;48.7883;2.81352;10
21:31:18.889;48.9838;2.26147;49.174;1.71215;48.7928;2.81078;10
21:31:18.889;48.9838;2.26009;49.174;1.71078;48.7928;2.8094;10
21:31:18.889;48.9838;2.25597;49.174;1.70666;48.7928;2.80528;10
21:31:18.889;48.9838;2.24636;49.174;1.69704;48.7928;2.79567;10
21:31:18.889;48.9838;2.23812;49.174;1.6888;48.7928;2.78743;10
21:31:18.889;48.9838;2.23263;49.174;1.68331;48.7928;2.78194;10
21:31:18.889;48.9838;2.22576;49.174;1.67645;48.7928;2.77507;10
21:31:19.030;48.9838;2.21889;49.174;1.66958;48.7928;2.76821;10
21:31:19.030;48.982;2.2134;49.1722;1.66409;48.791;2.76271;10
21:31:19.030;48.9802;2.21203;49.1704;1.66271;48.7892;2.76134;10
21:31:19.030;48.9793;2.21203;49.1695;1.66271;48.7883;2.76134;10
21:31:19.061;48.9784;2.21203;49.1686;1.66271;48.7874;2.76134;10
21:31:19.061;48.9775;2.21203;49.1677;1.66271;48.7864;2.76134;10
21:31:19.061;48.9729;2.21066;49.1632;1.66134;48.7819;2.75997;10
21:31:19.061;48.9684;2.20928;49.1587;1.65997;48.7774;2.75859;10
21:31:19.061;48.9648;2.20928;49.1552;1.65997;48.7738;2.75859;10
21:31:19.155;48.963;2.20928;49.1534;1.65997;48.772;2.75859;10
21:31:19.155;48.9612;2.20928;49.1516;1.65997;48.7702;2.75859;10
21:31:19.155;48.9576;2.20928;49.148;1.65997;48.7665;2.75859;10
21:31:19.155;48.9531;2.20928;49.1435;1.65997;48.762;2.75859;10
21:31:19.155;48.9459;2.21066;49.1363;1.66134;48.7548;2.75997;10
21:31:19.233;48.945;2.21066;49.1354;1.66134;48.7539;2.75997;10
21:31:19.233;48.9441;2.21203;49.1345;1.66271;48.753;2.76134;10
21:31:19.233;48.9432;2.21203;49.1336;1.66271;48.7521;2.76134;10
21:31:19.233;48.9423;2.21203;49.1327;1.66271;48.7511;2.76134;10
21:31:19.857;48.9423;2.21203;49.0376;1.93737;48.8468;2.48668;11
21:31:19.857;48.9423;2.21203;49.0376;1.93737;48.8468;2.48668;11
21:31:20.075;48.9423;2.21203;48.99;2.0747;48.8946;2.34935;12
21:31:20.075;48.9423;2.21203;48.99;2.0747;48.8946;2.34935;12
21:31:20.559;48.9423;2.21203;48.99;2.0747;48.8946;2.34935;12
21:31:20.559;48.9423;2.21203;49.1327;1.66271;48.7511;2.76134;10
21:31:20.559;48.9423;2.21203;49.1327;1.66271;48.7511;2.76134;10
21:31:20.715;48.9423;2.21203;49.1327;1.66271;48.7511;2.76134;10
21:31:20.715;48.9423;2.21203;49.1327;1.66271;48.7511;2.76134;10
21:31:20.715;48.9423;2.21203;49.1327;1.66271;48.7511;2.76134;10
21:31:20.870;48.9423;2.21203;49.1327;1.66271;48.7511;2.76134;10
21:31:20.870;48.9423;2.21203;49.1327;1.66271;48.7511;2.76134;10
21:31:20.870;48.9423;2.21203;49.1327;1.66271;48.7511;2.76134;10
21:31:21.588;48.9423;2.21066;49.1327;1.66134;48.7511;2.75997;10
21:31:21.713;48.9432;2.21066;49.1336;1.66134;48.7521;2.75997;10
21:31:21.713;48.9423;2.21615;49.1327;1.66683;48.7511;2.76546;10
21:31:21.713;48.9405;2.23125;49.1309;1.68194;48.7493;2.78057;10
21:31:21.713;48.9396;2.24224;49.13;1.69292;48.7484;2.79155;10
21:31:21.713;48.9396;2.2546;49.13;1.70528;48.7484;2.80391;10
21:31:21.806;48.9387;2.26833;49.1291;1.71902;48.7475;2.81764;10
21:31:21.806;48.9369;2.27932;49.1273;1.73;48.7457;2.82863;10
21:31:21.806;48.9333;2.29031;49.1237;1.74099;48.7421;2.83962;10
21:31:21.806;48.9306;2.29717;49.121;1.74786;48.7394;2.84648;10
21:31:21.806;48.9288;2.30267;49.1192;1.75335;48.7376;2.85198;10
21:31:21.806;48.9269;2.30541;49.1174;1.7561;48.7358;2.85472;10
21:31:21.838;48.9269;2.30679;49.1174;1.75747;48.7358;2.8561;10
21:31:21.947;48.9252;2.30129;49.1156;1.75198;48.734;2.8506;10
21:31:21.947;48.9252;2.29443;49.1156;1.74511;48.734;2.84374;10
21:31:22.025;48.9252;2.28756;49.1156;1.73824;48.734;2.83687;10
21:31:22.025;48.9242;2.27795;49.1147;1.72863;48.733;2.82726;10
21:31:22.025;48.9233;2.27108;49.1138;1.72176;48.7321;2.82039;10
21:31:22.025;48.9224;2.26421;49.1129;1.7149;48.7312;2.81352;10
21:31:22.025;48.9224;2.2546;49.1129;1.70528;48.7312;2.80391;10
21:31:22.087;48.9224;2.24773;49.1129;1.69842;48.7312;2.79705;10
21:31:22.087;48.9224;2.24361;49.1129;1.6943;48.7312;2.79293;10
21:31:22.087;48.9224;2.24224;49.1129;1.69292;48.7312;2.79155;10
21:31:22.134;48.9233;2.24224;49.1138;1.69292;48.7321;2.79155;10
21:31:22.181;48.9269;2.24224;49.1174;1.69292;48.7358;2.79155;10
21:31:22.181;48.9306;2.24224;49.121;1.69292;48.7394;2.79155;10
21:31:22.181;48.9324;2.24224;49.1228;1.69292;48.7412;2.79155;10
21:31:22.228;48.9351;2.24224;49.1255;1.69292;48.7439;2.79155;10
21:31:22.228;48.9387;2.24224;49.1291;1.69292;48.7475;2.79155;10
21:31:22.228;48.9414;2.24087;49.1318;1.69155;48.7503;2.79018;10
21:31:22.228;48.9423;2.24087;49.1327;1.69155;48.7511;2.79018;10
21:31:22.290;48.9441;2.23949;49.1345;1.69018;48.753;2.78881;10
21:31:22.290;48.9459;2.23949;49.1363;1.69018;48.7548;2.78881;10
21:31:22.290;48.9477;2.23949;49.1381;1.69018;48.7566;2.78881;10
21:31:22.337;48.9486;2.23812;49.139;1.6888;48.7575;2.78743;10
21:31:22.415;48.9477;2.23812;49.1381;1.6888;48.7566;2.78743;10
21:31:22.508;48.9441;2.23949;49.1345;1.69018;48.753;2.78881;10
21:31:22.508;48.9423;2.24087;49.1327;1.69155;48.7511;2.79018;10
21:31:22.508;48.9414;2.24087;49.1318;1.69155;48.7503;2.79018;10
21:31:22.586;48.9405;2.24224;49.1309;1.69292;48.7493;2.79155;10
21:31:22.586;48.9387;2.24636;49.1291;1.69704;48.7475;2.79567;10
