22:39:53.772;48.8538;2.34798;49.0446;1.79867;48.6623;2.8973;10
22:39:53.828;48.8502;2.35622;49.041;1.80691;48.6587;2.90554;10
22:39:53.828;48.8439;2.36584;49.0347;1.81652;48.6524;2.91515;10
22:39:53.839;48.8385;2.3727;49.0293;1.82339;48.6469;2.92201;10
22:39:53.895;48.8321;2.3782;49.0229;1.82888;48.6406;2.92751;10
22:39:53.895;48.8231;2.38232;49.014;1.833;48.6315;2.93163;10
22:39:53.896;48.814;2.38369;49.0049;1.83437;48.6224;2.933;10
22:39:53.896;48.8086;2.38369;48.9995;1.83437;48.617;2.933;10
22:39:53.951;48.805;2.38506;48.9959;1.83575;48.6133;2.93437;10
22:39:53.951;48.8041;2.38506;48.995;1.83575;48.6124;2.93437;10
22:39:53.951;48.8032;2.38506;48.9941;1.83575;48.6115;2.93437;10
22:39:54.075;48.8041;2.38506;48.995;1.83575;48.6124;2.93437;10
22:39:54.129;48.8059;2.38369;48.9968;1.83437;48.6142;2.933;10
22:39:54.130;48.8077;2.38232;48.9986;1.833;48.6161;2.93163;10
22:39:54.130;48.8095;2.37957;49.0004;1.83025;48.6179;2.92888;10
22:39:54.195;48.8113;2.3782;49.0022;1.82888;48.6197;2.92751;10
22:39:54.196;48.8149;2.37682;49.0058;1.82751;48.6233;2.92613;10
22:39:54.196;48.8195;2.37408;49.0103;1.82476;48.6279;2.92339;10
22:39:54.196;48.8231;2.37133;49.014;1.82201;48.6315;2.92064;10
22:39:54.262;48.8258;2.36858;49.0167;1.81927;48.6342;2.91789;10
22:39:54.262;48.8276;2.36584;49.0185;1.81652;48.636;2.91515;10
22:39:54.262;48.8294;2.36309;49.0202;1.81377;48.6378;2.9124;10
22:39:54.262;48.8303;2.36172;49.0211;1.8124;48.6387;2.91103;10
22:39:54.327;48.8321;2.36034;49.0229;1.81103;48.6406;2.90965;10
22:39:54.327;48.833;2.35897;49.0238;1.80965;48.6415;2.90828;10
22:39:54.327;48.8357;2.35622;49.0266;1.80691;48.6442;2.90554;10
22:39:54.327;48.8394;2.35485;49.0302;1.80553;48.6478;2.90416;10
22:39:54.393;48.8421;2.35348;49.0329;1.80416;48.6506;2.90279;10
22:39:54.393;48.843;2.3521;49.0338;1.80279;48.6515;2.90142;10
22:39:54.393;48.8448;2.3521;49.0356;1.80279;48.6533;2.90142;10
22:39:54.393;48.8457;2.3521;49.0365;1.80279;48.6542;2.90142;10
22:39:54.433;48.8475;2.3521;49.0383;1.80279;48.656;2.90142;10
22:40:16.282;48.8629;2.3521;49.0536;1.80279;48.6714;2.90142;10
22:40:16.282;48.8809;2.34524;49.0716;1.79592;48.6895;2.89455;10
22:40:16.282;48.8981;2.33425;49.0886;1.78493;48.7068;2.88356;10
22:40:16.296;48.9071;2.32327;49.0976;1.77395;48.7158;2.87258;10
22:40:16.296;48.9134;2.31228;49.1039;1.76296;48.7222;2.86159;10
22:40:16.297;48.9161;2.30267;49.1066;1.75335;48.7249;2.85198;10
22:40:16.297;48.917;2.29305;49.1075;1.74374;48.7258;2.84236;10
22:40:16.297;48.917;2.28207;49.1075;1.73275;48.7258;2.83138;10
22:40:16.297;48.917;2.27245;49.1075;1.72314;48.7258;2.82176;10
22:40:16.298;48.917;2.26696;49.1075;1.71764;48.7258;2.81627;10
22:40:16.298;48.917;2.26421;49.1075;1.7149;48.7258;2.81352;10
22:40:16.298;48.917;2.26284;49.1075;1.71352;48.7258;2.81215;10
22:40:16.298;48.9161;2.26147;49.1066;1.71215;48.7249;2.81078;10
22:40:16.299;48.9125;2.2546;49.103;1.70528;48.7213;2.80391;10
22:40:16.299;48.9089;2.25185;49.0994;1.70254;48.7176;2.80116;10
22:40:16.299;48.9044;2.24911;49.0949;1.69979;48.7131;2.79842;10
22:40:16.299;48.9026;2.24911;49.0931;1.69979;48.7113;2.79842;10
22:40:16.300;48.899;2.24911;49.0896;1.69979;48.7077;2.79842;10
22:40:16.300;48.8954;2.24911;49.0859;1.69979;48.704;2.79842;10
22:40:16.300;48.8909;2.25185;49.0815;1.70254;48.6995;2.80116;10
22:40:16.301;48.889;2.2546;49.0797;1.70528;48.6977;2.80391;10
22:40:16.301;48.8872;2.25735;49.0779;1.70803;48.6959;2.80666;10
22:40:16.301;48.8863;2.25872;49.077;1.7094;48.695;2.80803;10
22:40:16.301;48.8872;2.25872;49.0779;1.7094;48.6959;2.80803;10
22:40:16.302;48.8881;2.25872;49.0788;1.7094;48.6968;2.80803;10
22:40:16.302;48.8899;2.25872;49.0806;1.7094;48.6986;2.80803;10
22:40:16.302;48.8918;2.25872;49.0824;1.7094;48.7004;2.80803;10
22:40:16.302;48.8954;2.25872;49.0859;1.7094;48.704;2.80803;10
22:40:16.303;48.8999;2.26147;49.0905;1.71215;48.7086;2.81078;10
22:40:16.303;48.9044;2.26284;49.0949;1.71352;48.7131;2.81215;10
22:40:16.303;48.9062;2.26421;49.0967;1.7149;48.7149;2.81352;10
22:40:16.303;48.908;2.26559;49.0985;1.71627;48.7167;2.8149;10
22:40:18.775;48.9062;2.26421;49.0967;1.7149;48.7149;2.81352;10
22:40:18.893;48.9053;2.25872;49.0958;1.7094;48.714;2.80803;10
22:40:18.893;48.9035;2.25323;49.094;1.70391;48.7122;2.80254;10
22:40:18.893;48.9026;2.24636;49.0931;1.69704;48.7113;2.79567;10
22:40:18.893;48.9026;2.24087;49.0931;1.69155;48.7113;2.79018;10
22:40:18.983;48.9017;2.23812;49.0923;1.6888;48.7104;2.78743;10
22:40:18.984;48.9017;2.23537;49.0923;1.68606;48.7104;2.78469;10
22:40:18.984;48.9017;2.234;49.0923;1.68468;48.7104;2.78331;10
22:40:18.984;48.9017;2.23263;49.0923;1.68331;48.7104;2.78194;10
22:40:18.984;48.9017;2.23125;49.0923;1.68194;48.7104;2.78057;10
22:40:19.276;48.9035;2.23263;49.094;1.68331;48.7122;2.78194;10
22:40:19.336;48.9062;2.23263;49.0967;1.68331;48.7149;2.78194;10
22:40:19.336;48.908;2.234;49.0985;1.68468;48.7167;2.78331;10
22:40:19.336;48.9098;2.23537;49.1003;1.68606;48.7186;2.78469;10
