21:01:14.835;48.8547;2.35348;49.0455;1.80416;48.6632;2.90279;10
21:01:14.871;48.8547;2.36172;49.0455;1.8124;48.6632;2.91103;10
21:01:14.889;48.8547;2.38918;49.0455;1.83987;48.6632;2.93849;10
21:01:14.905;48.8556;2.40429;49.0464;1.85497;48.6642;2.9536;10
21:01:14.921;48.8574;2.43313;49.0482;1.88381;48.666;2.98244;10
21:01:14.937;48.8592;2.47295;49.05;1.92364;48.6678;3.02226;10
21:01:14.953;48.861;2.52239;49.0518;1.97308;48.6696;3.0717;10
21:01:14.968;48.8619;2.5732;49.0527;2.02389;48.6705;3.12252;10
21:01:14.984;48.8647;2.60754;49.0554;2.05822;48.6732;3.15685;10
21:01:15.000;48.8665;2.62264;49.0572;2.07333;48.675;3.17195;10
21:01:15.016;48.8674;2.62539;49.0581;2.07607;48.6759;3.1747;10
21:01:15.102;48.8701;2.52514;49.0608;1.97582;48.6787;3.07445;10
21:01:15.139;48.8701;2.47845;49.0608;1.92913;48.6787;3.02776;10
21:01:15.139;48.871;2.42352;49.0617;1.8742;48.6796;2.97283;10
21:01:15.180;48.871;2.38094;49.0617;1.83163;48.6796;2.93025;10
21:01:15.180;48.871;2.36172;49.0617;1.8124;48.6796;2.91103;10
21:01:15.218;48.8701;2.36446;49.0608;1.81515;48.6787;2.91377;10
21:01:15.243;48.8692;2.38369;49.0599;1.83437;48.6778;2.933;10
21:01:15.258;48.8674;2.43725;49.0581;1.88793;48.6759;2.98656;10
21:01:15.284;48.8656;2.45647;49.0563;1.90716;48.6741;3.00579;10
21:01:15.299;48.8647;2.47021;49.0554;1.92089;48.6732;3.01952;10
21:01:15.314;48.8638;2.47707;49.0545;1.92776;48.6723;3.02638;10
21:01:15.418;48.8629;2.47982;49.0536;1.9305;48.6714;3.02913;10
21:01:15.455;48.8629;2.47433;49.0536;1.92501;48.6714;3.02364;10
21:01:15.455;48.8629;2.46334;49.0536;1.91402;48.6714;3.01265;10
21:01:15.506;48.8629;2.43999;49.0536;1.89068;48.6714;2.98931;10
21:01:15.506;48.8629;2.41802;49.0536;1.86871;48.6714;2.96733;10
21:01:15.506;48.8629;2.39468;49.0536;1.84536;48.6714;2.94399;10
21:01:15.522;48.8629;2.37957;49.0536;1.83025;48.6714;2.92888;10
21:01:15.536;48.8629;2.37133;49.0536;1.82201;48.6714;2.92064;10
21:01:15.552;48.8629;2.36996;49.0536;1.82064;48.6714;2.91927;10
21:01:21.419;48.8629;2.35897;49.0536;1.80965;48.6714;2.90828;10
21:01:21.419;48.8629;2.33562;49.0536;1.78631;48.6714;2.88494;10
21:01:21.419;48.8629;2.30541;49.0536;1.7561;48.6714;2.85472;10
21:01:21.421;48.8629;2.27383;49.0536;1.72451;48.6714;2.82314;10
21:01:21.421;48.8629;2.24636;49.0536;1.69704;48.6714;2.79567;10
21:01:21.474;48.8638;2.21615;49.0545;1.66683;48.6723;2.76546;10
21:01:21.474;48.8656;2.19006;49.0563;1.64074;48.6741;2.73937;10
21:01:21.495;48.8692;2.15572;49.0599;1.60641;48.6778;2.70503;10
21:01:21.553;48.8701;2.15435;49.0608;1.60503;48.6787;2.70366;10
21:01:21.606;48.871;2.15435;49.0617;1.60503;48.6796;2.70366;10
21:01:21.606;48.8728;2.15572;49.0635;1.60641;48.6814;2.70503;10
21:01:21.606;48.8746;2.15847;49.0653;1.60915;48.6832;2.70778;10
21:01:21.690;48.8782;2.16396;49.0689;1.61465;48.6868;2.71327;10
21:01:21.690;48.8818;2.17083;49.0725;1.62151;48.6904;2.72014;10
21:01:21.690;48.8854;2.18044;49.0761;1.63113;48.6941;2.72975;10
21:01:21.690;48.8881;2.18731;49.0788;1.63799;48.6968;2.73662;10
21:01:21.690;48.8899;2.19418;49.0806;1.64486;48.6986;2.74349;10
21:01:21.705;48.8927;2.1983;49.0832;1.64898;48.7013;2.74761;10
21:01:21.722;48.8963;2.20379;49.0868;1.65447;48.7049;2.7531;10
21:01:21.738;48.8981;2.20654;49.0886;1.65722;48.7068;2.75585;10
21:01:21.754;48.899;2.20791;49.0896;1.65859;48.7077;2.75722;10
21:01:21.804;48.8999;2.21203;49.0905;1.66271;48.7086;2.76134;10
21:01:21.857;48.9017;2.21752;49.0923;1.66821;48.7104;2.76683;10
21:01:21.857;48.9017;2.22164;49.0923;1.67233;48.7104;2.77095;10
21:01:21.857;48.9017;2.22851;49.0923;1.67919;48.7104;2.77782;10
21:01:21.923;48.9017;2.23537;49.0923;1.68606;48.7104;2.78469;10
21:01:21.923;48.9017;2.24499;49.0923;1.69567;48.7104;2.7943;10
21:01:21.923;48.9017;2.25185;49.0923;1.70254;48.7104;2.80116;10
21:01:21.923;48.9008;2.25872;49.0914;1.7094;48.7095;2.80803;10
21:01:21.938;48.9008;2.26421;49.0914;1.7149;48.7095;2.81352;10
21:01:21.956;48.9008;2.26559;49.0914;1.71627;48.7095;2.8149;10
21:01:22.355;48.8999;2.27108;49.0905;1.72176;48.7086;2.82039;10
21:01:22.407;48.899;2.28069;49.0896;1.73138;48.7077;2.83;10
21:01:22.407;48.8972;2.29168;49.0877;1.74236;48.7059;2.84099;10
21:01:22.407;48.8954;2.30267;49.0859;1.75335;48.704;2.85198;10
21:01:22.477;48.8945;2.31228;49.085;1.76296;48.7031;2.86159;10
21:01:22.477;48.8927;2.32189;49.0832;1.77258;48.7013;2.8712;10
21:01:22.477;48.8909;2.32876;49.0815;1.77944;48.6995;2.87807;10
21:01:22.477;48.8899;2.33425;49.0806;1.78493;48.6986;2.88356;10
21:01:22.491;48.8881;2.337;49.0788;1.78768;48.6968;2.88631;10
21:01:22.507;48.8863;2.33974;49.077;1.79043;48.695;2.88906;10
21:01:22.525;48.8836;2.34249;49.0743;1.79317;48.6923;2.8918;10
21:01:22.539;48.8818;2.34524;49.0725;1.79592;48.6904;2.89455;10
21:01:22.557;48.8791;2.34798;49.0698;1.79867;48.6877;2.8973;10
21:01:22.574;48.8755;2.35073;49.0662;1.80141;48.6841;2.90004;10
21:01:22.590;48.8728;2.35348;49.0635;1.80416;48.6814;2.90279;10
21:01:22.607;48.871;2.35485;49.0617;1.80553;48.6796;2.90416;10
21:01:22.622;48.8692;2.35485;49.0599;1.80553;48.6778;2.90416;10
21:01:22.640;48.8683;2.35485;49.059;1.80553;48.6768;2.90416;10
21:01:22.657;48.8665;2.35485;49.0572;1.80553;48.675;2.90416;10
21:01:22.674;48.8656;2.35485;49.0563;1.80553;48.6741;2.90416;10
21:01:22.692;48.8638;2.35485;49.0545;1.80553;48.6723;2.90416;10
21:01:22.706;48.8629;2.35485;49.0536;1.80553;48.6714;2.90416;10
21:01:22.724;48.8619;2.35485;49.0527;1.80553;48.6705;2.90416;10
21:01:22.741;48.861;2.35485;49.0518;1.80553;48.6696;2.90416;10
21:01:23.174;48.8619;2.35073;49.0527;1.80141;48.6705;2.90004;10
21:01:23.226;48.8629;2.34524;49.0536;1.79592;48.6714;2.89455;10
21:01:23.226;48.8647;2.33837;49.0554;1.78905;48.6732;2.88768;10
21:01:23.226;48.8656;2.3315;49.0563;1.78219;48.6741;2.88082;10
21:01:23.308;48.8665;2.32601;49.0572;1.7767;48.675;2.87532;10
21:01:23.308;48.8674;2.32052;49.0581;1.7712;48.6759;2.86983;10
21:01:23.308;48.8674;2.31503;49.0581;1.76571;48.6759;2.86434;10
21:01:23.308;48.8674;2.30953;49.0581;1.76022;48.6759;2.85884;10
21:01:23.309;48.8674;2.30679;49.0581;1.75747;48.6759;2.8561;10
21:01:23.326;48.8674;2.30541;49.0581;1.7561;48.6759;2.85472;10
21:01:23.676;48.8674;2.30404;49.0581;1.75472;48.6759;2.85335;10
21:01:23.726;48.8674;2.30129;49.0581;1.75198;48.6759;2.8506;10
21:01:23.726;48.8665;2.2958;49.0572;1.74648;48.675;2.84511;10
21:01:23.726;48.8665;2.28893;49.0572;1.73962;48.675;2.83824;10
21:01:23.810;48.8665;2.27932;49.0572;1.73;48.675;2.82863;10
21:01:23.810;48.8665;2.27245;49.0572;1.72314;48.675;2.82176;10
21:01:23.810;48.8665;2.26696;49.0572;1.71764;48.675;2.81627;10
21:01:23.810;48.8665;2.26421;49.0572;1.7149;48.675;2.81352;10
21:01:23.810;48.8665;2.26284;49.0572;1.71352;48.675;2.81215;10
21:01:24.194;48.8674;2.26421;49.0581;1.7149;48.6759;2.81352;10
21:01:24.246;48.8683;2.26696;49.059;1.71764;48.6768;2.81627;10
21:01:24.246;48.8692;2.26971;49.0599;1.72039;48.6778;2.81902;10
21:01:24.246;48.8692;2.27245;49.0599;1.72314;48.6778;2.82176;10
21:01:24.305;48.8701;2.27383;49.0608;1.72451;48.6787;2.82314;10
21:01:24.305;48.8701;2.2752;49.0608;1.72588;48.6787;2.82451;10
21:01:24.306;48.8701;2.27657;49.0608;1.72726;48.6787;2.82588;10
21:01:34.289;48.8737;2.28207;49.0644;1.73275;48.6823;2.83138;10
21:01:34.341;48.8773;2.28893;49.068;1.73962;48.6859;2.83824;10
21:01:34.341;48.8836;2.29992;49.0743;1.7506;48.6923;2.84923;10
21:01:34.341;48.8899;2.31365;49.0806;1.76434;48.6986;2.86296;10
21:01:34.355;48.8945;2.32738;49.085;1.77807;48.7031;2.8767;10
21:01:34.424;48.8972;2.33425;49.0877;1.78493;48.7059;2.88356;10
21:01:34.424;48.899;2.33974;49.0896;1.79043;48.7077;2.88906;10
21:01:34.424;48.8999;2.34249;49.0905;1.79317;48.7086;2.8918;10
21:01:34.424;48.8999;2.34524;49.0905;1.79592;48.7086;2.89455;10
21:01:39.820;48.8999;2.34524;48.9058;2.32807;48.8939;2.3624;15
21:01:40.081;48.8999;2.34571;48.9059;2.32854;48.8939;2.36287;15
21:01:40.099;48.9;2.34644;48.9059;2.32927;48.894;2.3636;15
21:01:40.119;48.9;2.34743;48.906;2.33026;48.8941;2.36459;15
21:01:40.131;48.9001;2.34854;48.9061;2.33138;48.8941;2.3657;15
21:01:40.149;48.9002;2.34949;48.9061;2.33232;48.8942;2.36665;15
21:01:40.165;48.9002;2.35034;48.9062;2.33318;48.8942;2.36751;15
21:01:40.183;48.9002;2.35086;48.9062;2.33369;48.8942;2.36802;15
21:01:40.200;48.9002;2.35107;48.9062;2.33391;48.8943;2.36823;15
21:01:40.231;48.9002;2.3509;48.9062;2.33374;48.8943;2.36806;15
21:01:40.248;48.9002;2.35043;48.9062;2.33326;48.8943;2.36759;15
21:01:40.266;48.9002;2.34936;48.9062;2.33219;48.8943;2.36652;15
21:01:40.284;48.9002;2.34846;48.9062;2.33129;48.8943;2.36562;15
21:01:40.297;48.9002;2.34816;48.9062;2.33099;48.8943;2.36532;15
21:01:40.332;48.9003;2.34828;48.9063;2.33112;48.8943;2.36545;15
21:01:40.350;48.9004;2.34919;48.9064;2.33202;48.8945;2.36635;15
21:01:40.366;48.9006;2.3503;48.9066;2.33314;48.8947;2.36746;15
21:01:40.382;48.9008;2.35163;48.9068;2.33447;48.8948;2.36879;15
21:01:40.399;48.901;2.35249;48.9069;2.33532;48.895;2.36965;15
21:01:40.416;48.9012;2.35343;48.9072;2.33627;48.8952;2.3706;15
21:01:40.432;48.9014;2.35399;48.9074;2.33683;48.8955;2.37115;15
21:01:40.450;48.9016;2.35421;48.9076;2.33704;48.8957;2.37137;15
21:01:40.466;48.9017;2.35421;48.9077;2.33704;48.8958;2.37137;15
21:01:40.483;48.9019;2.35421;48.9079;2.33704;48.8959;2.37137;15
21:01:40.526;48.9022;2.35429;48.9081;2.33713;48.8962;2.37145;15
21:01:40.527;48.9025;2.35455;48.9084;2.33738;48.8965;2.37171;15
21:01:40.553;48.9026;2.35489;48.9086;2.33773;48.8966;2.37205;15
21:01:40.554;48.9027;2.35532;48.9087;2.33816;48.8968;2.37248;15
21:01:40.568;48.9028;2.35601;48.9088;2.33884;48.8969;2.37317;15
21:01:40.585;48.9029;2.35657;48.9088;2.3394;48.8969;2.37373;15
21:01:40.816;48.9028;2.35622;48.9088;2.33906;48.8969;2.37338;15
21:01:40.836;48.9027;2.35588;48.9087;2.33871;48.8968;2.37304;15
21:01:40.858;48.9027;2.35545;48.9087;2.33829;48.8967;2.37261;15
21:01:40.870;48.9026;2.35476;48.9085;2.3376;48.8966;2.37193;15
21:01:40.885;48.9024;2.35408;48.9083;2.33691;48.8964;2.37124;15
21:01:40.902;48.9022;2.35348;48.9082;2.33631;48.8963;2.37064;15
21:01:40.918;48.902;2.35288;48.908;2.33571;48.8961;2.37004;15
21:01:40.934;48.9019;2.35249;48.9078;2.33532;48.8959;2.36965;15
21:01:40.954;48.9018;2.35228;48.9078;2.33511;48.8959;2.36944;15
21:01:40.968;48.9018;2.35219;48.9078;2.33502;48.8958;2.36935;15
21:01:40.984;48.9018;2.35215;48.9078;2.33498;48.8958;2.36931;15
21:01:41.100;48.9018;2.35206;48.9078;2.3349;48.8958;2.36922;15
21:01:41.121;48.9018;2.35202;48.9078;2.33485;48.8959;2.36918;15
21:01:41.141;48.9019;2.35193;48.9078;2.33477;48.8959;2.36909;15
21:01:41.154;48.9019;2.35185;48.9078;2.33468;48.8959;2.36901;15
21:01:41.168;48.9019;2.35176;48.9078;2.33459;48.8959;2.36892;15
21:01:41.185;48.9019;2.35172;48.9078;2.33455;48.8959;2.36888;15
21:01:41.203;48.9019;2.35168;48.9078;2.33451;48.8959;2.36884;15
21:01:41.838;48.9019;2.35163;48.9078;2.33447;48.8959;2.36879;15
21:01:41.861;48.9019;2.35155;48.9078;2.33438;48.8959;2.36871;15
21:01:41.880;48.9019;2.3515;48.9078;2.33434;48.8959;2.36866;15
21:01:41.894;48.9019;2.35142;48.9078;2.33425;48.8959;2.36858;15
21:01:41.906;48.9019;2.35133;48.9078;2.33417;48.8959;2.36849;15
21:01:41.921;48.9019;2.35125;48.9078;2.33408;48.8959;2.36841;15
21:01:41.936;48.9019;2.35112;48.9078;2.33395;48.8959;2.36828;15
21:01:41.954;48.9019;2.35103;48.9078;2.33387;48.8959;2.36819;15
21:01:41.987;48.9019;2.35095;48.9078;2.33378;48.8959;2.36811;15
21:01:42.037;48.9019;2.3509;48.9078;2.33374;48.8959;2.36806;15
21:01:42.057;48.9019;2.35082;48.9078;2.33365;48.8959;2.36798;15
21:01:43.447;48.9019;2.35082;48.9026;2.34867;48.9011;2.35296;18
21:01:43.874;48.9019;2.35081;48.9026;2.34867;48.9011;2.35295;18
21:01:43.892;48.9019;2.35079;48.9026;2.34864;48.9011;2.35293;18
21:01:43.910;48.9019;2.35075;48.9026;2.34861;48.9011;2.35289;18
21:01:43.924;48.9019;2.35069;48.9026;2.34855;48.9011;2.35283;18
21:01:43.942;48.9019;2.35061;48.9026;2.34846;48.9011;2.35275;18
21:01:43.958;48.9019;2.35053;48.9026;2.34838;48.9012;2.35267;18
21:01:43.979;48.9019;2.35045;48.9026;2.34831;48.9012;2.35259;18
21:01:43.993;48.9019;2.3504;48.9026;2.34826;48.9012;2.35254;18
21:01:44.008;48.9019;2.35039;48.9026;2.34825;48.9012;2.35253;18
21:01:45.172;48.9019;2.35039;48.9026;2.34825;48.9012;2.35253;18
21:01:45.485;48.9019;2.35039;48.9026;2.34824;48.9012;2.35253;18
21:01:45.499;48.9019;2.35036;48.9026;2.34821;48.9012;2.3525;18
21:01:45.522;48.9019;2.35029;48.9026;2.34814;48.9012;2.35243;18
21:01:45.557;48.9019;2.3502;48.9026;2.34805;48.9012;2.35234;18
21:01:45.557;48.9019;2.35003;48.9026;2.34788;48.9012;2.35217;18
21:01:45.568;48.9019;2.34983;48.9026;2.34768;48.9011;2.35197;18
21:01:45.585;48.9019;2.34965;48.9026;2.3475;48.9011;2.35179;18
21:01:45.601;48.9019;2.34951;48.9026;2.34737;48.9011;2.35165;18
21:01:45.618;48.9019;2.34944;48.9026;2.3473;48.9011;2.35158;18
21:01:45.635;48.9019;2.34942;48.9026;2.34727;48.9011;2.35156;18
21:01:45.867;48.9019;2.34938;48.9026;2.34723;48.9011;2.35152;18
21:01:45.890;48.9019;2.34933;48.9026;2.34718;48.9011;2.35147;18
21:01:45.923;48.9019;2.34927;48.9026;2.34712;48.9011;2.35141;18
21:01:45.924;48.9019;2.34916;48.9026;2.34701;48.9011;2.3513;18
21:01:45.941;48.9019;2.34904;48.9026;2.34689;48.9011;2.35118;18
21:01:45.951;48.9019;2.34891;48.9026;2.34677;48.9011;2.35105;18
21:01:45.969;48.9019;2.34882;48.9026;2.34668;48.9011;2.35096;18
21:01:45.985;48.9019;2.34875;48.9026;2.34661;48.9011;2.35089;18
21:01:46.001;48.9019;2.34872;48.9026;2.34657;48.9011;2.35086;18
21:01:46.019;48.9019;2.34871;48.9026;2.34656;48.9011;2.35085;18
21:01:46.037;48.9019;2.34871;48.9026;2.34656;48.9011;2.35085;18
21:01:46.052;48.9019;2.34871;48.9026;2.34656;48.9011;2.35085;18
21:01:46.069;48.9019;2.34872;48.9026;2.34658;48.9012;2.35087;18
21:01:46.087;48.9019;2.34878;48.9027;2.34664;48.9012;2.35092;18
21:01:46.101;48.9019;2.34889;48.9027;2.34675;48.9012;2.35103;18
21:01:46.120;48.902;2.34903;48.9027;2.34688;48.9012;2.35117;18
21:01:46.137;48.902;2.34911;48.9027;2.34697;48.9012;2.35125;18
21:01:46.153;48.902;2.34916;48.9028;2.34702;48.9013;2.3513;18
21:01:46.168;48.902;2.3492;48.9028;2.34705;48.9013;2.35134;18
21:01:46.185;48.902;2.34921;48.9028;2.34706;48.9013;2.35135;18
21:01:46.235;48.902;2.34917;48.9028;2.34702;48.9013;2.35131;18
21:01:46.258;48.902;2.3491;48.9027;2.34695;48.9013;2.35124;18
21:01:46.269;48.902;2.34901;48.9027;2.34686;48.9012;2.35115;18
21:01:46.286;48.9019;2.34887;48.9027;2.34672;48.9012;2.35101;18
21:01:46.303;48.9019;2.34871;48.9026;2.34657;48.9011;2.35085;18
21:01:46.320;48.9019;2.34864;48.9026;2.3465;48.9011;2.35078;18
21:01:46.335;48.9019;2.34862;48.9026;2.34648;48.9011;2.35076;18
21:01:46.369;48.9019;2.34863;48.9026;2.34648;48.9011;2.35077;18
21:01:46.392;48.9019;2.34873;48.9026;2.34658;48.9011;2.35087;18
21:01:46.407;48.9019;2.34895;48.9026;2.3468;48.9011;2.35109;18
21:01:46.419;48.9019;2.34916;48.9027;2.34702;48.9012;2.3513;18
21:01:46.454;48.9019;2.3493;48.9027;2.34716;48.9012;2.35144;18
21:01:46.454;48.902;2.34936;48.9027;2.34721;48.9012;2.3515;18
21:01:46.503;48.902;2.34931;48.9027;2.34717;48.9012;2.35146;18
21:01:46.537;48.902;2.34912;48.9027;2.34698;48.9012;2.35126;18
21:01:46.537;48.9019;2.34893;48.9027;2.34679;48.9012;2.35107;18
21:01:46.574;48.9019;2.34872;48.9027;2.34657;48.9012;2.35086;18
21:01:46.574;48.9019;2.34862;48.9027;2.34647;48.9012;2.35076;18
21:01:46.603;48.9019;2.3486;48.9027;2.34646;48.9012;2.35074;18
21:01:46.626;48.902;2.3487;48.9027;2.34656;48.9012;2.35084;18
21:01:46.642;48.902;2.34889;48.9028;2.34674;48.9013;2.35103;18
21:01:46.656;48.9021;2.34905;48.9028;2.34691;48.9013;2.35119;18
21:01:46.671;48.9021;2.34914;48.9029;2.347;48.9014;2.35128;18
21:01:46.691;48.9022;2.34922;48.9029;2.34707;48.9014;2.35136;18
21:01:46.703;48.9022;2.34923;48.9029;2.34708;48.9015;2.35137;18
21:01:46.721;48.9022;2.34922;48.903;2.34707;48.9015;2.35136;18
21:01:46.737;48.9022;2.34918;48.903;2.34703;48.9015;2.35132;18
21:01:46.756;48.9022;2.34913;48.903;2.34699;48.9015;2.35127;18
21:01:46.770;48.9022;2.34908;48.903;2.34693;48.9015;2.35122;18
21:01:46.789;48.9022;2.34902;48.903;2.34687;48.9015;2.35116;18
21:01:46.804;48.9022;2.34896;48.903;2.34681;48.9015;2.3511;18
21:01:46.821;48.9022;2.34893;48.903;2.34679;48.9015;2.35107;18
21:01:46.837;48.9022;2.34893;48.9029;2.34678;48.9015;2.35107;18
21:01:46.855;48.9022;2.34893;48.9029;2.34678;48.9014;2.35107;18
21:01:46.873;48.9022;2.34893;48.9029;2.34678;48.9014;2.35107;18
21:01:46.888;48.9021;2.34893;48.9029;2.34678;48.9014;2.35107;18
21:01:46.905;48.9021;2.34893;48.9028;2.34678;48.9013;2.35107;18
21:01:46.922;48.902;2.34893;48.9028;2.34678;48.9013;2.35107;18
21:01:47.089;48.9021;2.34893;48.9028;2.34678;48.9013;2.35107;18
21:01:47.122;48.9021;2.34891;48.9028;2.34677;48.9014;2.35105;18
21:01:47.122;48.9022;2.34887;48.9029;2.34672;48.9014;2.35101;18
21:01:47.158;48.9022;2.34881;48.903;2.34666;48.9015;2.35095;18
21:01:47.158;48.9023;2.34875;48.903;2.3466;48.9015;2.35089;18
21:01:47.173;48.9023;2.34869;48.903;2.34655;48.9016;2.35083;18
21:01:47.190;48.9023;2.34863;48.9031;2.34649;48.9016;2.35077;18
21:01:47.205;48.9023;2.3486;48.9031;2.34645;48.9016;2.35074;18
21:01:47.224;48.9023;2.34857;48.9031;2.34643;48.9016;2.35071;18
21:01:47.239;48.9023;2.34856;48.9031;2.34642;48.9016;2.3507;18
21:01:47.256;48.9023;2.34856;48.903;2.34642;48.9016;2.3507;18
21:01:47.272;48.9023;2.34857;48.903;2.34643;48.9015;2.35071;18
21:01:47.288;48.9022;2.34862;48.903;2.34647;48.9015;2.35076;18
21:01:47.306;48.9022;2.34868;48.9029;2.34653;48.9014;2.35082;18
21:01:47.323;48.9021;2.34871;48.9029;2.34657;48.9014;2.35085;18
21:01:47.340;48.9021;2.34876;48.9028;2.34662;48.9013;2.3509;18
21:01:47.358;48.902;2.34883;48.9028;2.34669;48.9013;2.35097;18
21:01:47.373;48.902;2.34887;48.9027;2.34672;48.9013;2.35101;18
21:01:47.391;48.902;2.34887;48.9027;2.34673;48.9013;2.35102;18
21:01:47.408;48.902;2.34887;48.9027;2.34673;48.9012;2.35102;18
21:01:47.423;48.902;2.34885;48.9027;2.3467;48.9012;2.35099;18
21:01:47.442;48.902;2.34871;48.9027;2.34657;48.9012;2.35085;18
21:01:47.457;48.902;2.34853;48.9027;2.34638;48.9012;2.35067;18
21:01:47.474;48.902;2.34825;48.9027;2.34611;48.9012;2.35039;18
21:01:47.491;48.9019;2.34805;48.9027;2.3459;48.9012;2.35019;18
21:01:47.506;48.9019;2.34791;48.9027;2.34577;48.9012;2.35005;18
21:01:47.524;48.9019;2.34784;48.9027;2.3457;48.9012;2.34999;18
21:01:47.540;48.9019;2.34782;48.9027;2.34567;48.9012;2.34996;18
21:01:47.589;48.9019;2.34783;48.9027;2.34569;48.9012;2.34997;18
21:01:47.824;48.9019;2.34783;48.9027;2.34568;48.9012;2.34997;18
21:01:47.839;48.9019;2.34776;48.9027;2.34561;48.9012;2.3499;18
21:01:47.874;48.9019;2.3476;48.9026;2.34546;48.9012;2.34974;18
21:01:47.874;48.9019;2.34739;48.9026;2.34524;48.9011;2.34953;18
21:01:47.908;48.9019;2.34718;48.9026;2.34503;48.9011;2.34932;18
21:01:47.908;48.9018;2.34693;48.9026;2.34478;48.9011;2.34907;18
21:01:47.923;48.9018;2.34675;48.9026;2.3446;48.9011;2.34889;18
21:01:47.940;48.9018;2.34665;48.9026;2.3445;48.9011;2.34879;18
21:01:47.958;48.9018;2.34663;48.9026;2.34448;48.9011;2.34877;18
21:01:47.988;48.9018;2.34664;48.9026;2.34449;48.9011;2.34878;18
21:01:48.011;48.9018;2.34669;48.9026;2.34455;48.9011;2.34883;18
21:01:48.191;48.9018;2.34669;48.9026;2.34454;48.9011;2.34883;18
21:01:48.207;48.9018;2.34659;48.9025;2.34444;48.9011;2.34873;18
21:01:48.229;48.9018;2.34634;48.9025;2.34419;48.901;2.34848;18
21:01:48.256;48.9017;2.34597;48.9025;2.34382;48.901;2.34811;18
21:01:48.256;48.9017;2.34546;48.9024;2.34331;48.901;2.3476;18
21:01:48.273;48.9017;2.34497;48.9024;2.34282;48.9009;2.34711;18
21:01:48.289;48.9016;2.34475;48.9024;2.3426;48.9009;2.34689;18
21:01:48.305;48.9016;2.34457;48.9024;2.34243;48.9009;2.34671;18
21:01:48.321;48.9016;2.34455;48.9024;2.3424;48.9009;2.34669;18
21:01:48.337;48.9016;2.34456;48.9024;2.34241;48.9009;2.3467;18
21:01:48.555;48.9016;2.3445;48.9024;2.34235;48.9009;2.34664;18
21:01:48.575;48.9016;2.34436;48.9023;2.34222;48.9008;2.3465;18
21:01:48.597;48.9016;2.34415;48.9023;2.342;48.9008;2.34629;18
21:01:48.609;48.9015;2.34388;48.9023;2.34173;48.9008;2.34602;18
21:01:48.624;48.9015;2.34364;48.9022;2.3415;48.9008;2.34578;18
21:01:48.641;48.9015;2.34336;48.9022;2.34121;48.9007;2.3455;18
21:01:48.657;48.9015;2.34319;48.9022;2.34104;48.9007;2.34533;18
21:01:48.671;48.9015;2.34307;48.9022;2.34092;48.9007;2.34521;18
21:01:48.688;48.9015;2.34303;48.9022;2.34089;48.9007;2.34517;18
21:01:48.708;48.9015;2.34303;48.9022;2.34088;48.9007;2.34517;18
21:01:48.923;48.9015;2.34297;48.9022;2.34082;48.9007;2.34511;18
21:01:48.941;48.9014;2.34285;48.9022;2.3407;48.9007;2.34499;18
21:01:48.960;48.9014;2.34262;48.9021;2.34047;48.9007;2.34476;18
21:01:48.973;48.9014;2.3424;48.9021;2.34025;48.9006;2.34454;18
21:01:48.992;48.9013;2.34208;48.9021;2.33993;48.9006;2.34422;18
21:01:49.007;48.9013;2.34178;48.902;2.33963;48.9005;2.34392;18
21:01:49.022;48.9012;2.3415;48.902;2.33936;48.9005;2.34364;18
21:01:49.039;48.9012;2.34138;48.902;2.33923;48.9005;2.34352;18
21:01:49.057;48.9012;2.34131;48.902;2.33916;48.9005;2.34345;18
21:01:49.074;48.9012;2.3413;48.902;2.33915;48.9005;2.34344;18
21:01:49.341;48.9012;2.34119;48.902;2.33905;48.9005;2.34333;18
21:01:49.366;48.9012;2.34098;48.9019;2.33883;48.9004;2.34312;18
21:01:49.394;48.9011;2.34066;48.9019;2.33852;48.9004;2.3428;18
21:01:49.394;48.9011;2.34031;48.9018;2.33817;48.9003;2.34245;18
21:01:49.409;48.901;2.34006;48.9018;2.33791;48.9003;2.3422;18
21:01:49.425;48.901;2.33984;48.9017;2.33769;48.9002;2.34198;18
21:01:49.441;48.901;2.33974;48.9017;2.3376;48.9002;2.34188;18
21:01:49.457;48.901;2.33973;48.9017;2.33759;48.9002;2.34187;18
21:01:49.761;48.901;2.33969;48.9017;2.33755;48.9002;2.34183;18
21:01:49.783;48.901;2.3396;48.9017;2.33745;48.9002;2.34174;18
21:01:49.814;48.9009;2.33948;48.9017;2.33733;48.9002;2.34162;18
21:01:49.814;48.9009;2.33935;48.9016;2.33721;48.9002;2.34149;18
21:01:49.828;48.9009;2.33927;48.9016;2.33713;48.9002;2.34141;18
21:01:49.843;48.9009;2.33922;48.9016;2.33707;48.9002;2.34136;18
21:01:49.861;48.9009;2.3392;48.9016;2.33705;48.9002;2.34134;18
21:01:49.876;48.9009;2.33919;48.9016;2.33705;48.9002;2.34133;18
21:01:53.949;48.9009;2.33919;49.0915;1.78988;48.7096;2.8885;10
21:01:53.949;48.9009;2.33919;49.0915;1.78988;48.7096;2.8885;10
21:01:54.727;48.9027;2.38314;49.0933;1.83382;48.7114;2.93245;10
21:01:54.780;48.9036;2.43807;49.0942;1.88875;48.7123;2.98738;10
21:01:54.780;48.9045;2.49712;49.0951;1.9478;48.7132;3.04643;10
21:01:54.780;48.9045;2.53145;49.0951;1.98214;48.7132;3.08076;10
21:01:54.863;48.9045;2.55068;49.0951;2.00136;48.7132;3.09999;10
21:01:54.863;48.9045;2.55343;49.0951;2.00411;48.7132;3.10274;10
21:01:54.863;48.9045;2.55068;49.0951;2.00136;48.7132;3.09999;10
21:01:54.863;48.9036;2.52321;49.0942;1.9739;48.7123;3.07252;10
21:01:54.863;48.9018;2.48751;49.0924;1.93819;48.7105;3.03682;10
21:01:54.879;48.8964;2.42022;49.087;1.8709;48.7051;2.96953;10
21:01:54.898;48.8946;2.36116;49.0852;1.81185;48.7033;2.91048;10
21:01:54.914;48.8937;2.3337;49.0843;1.78438;48.7024;2.88301;10
21:01:54.931;48.8937;2.32821;49.0843;1.77889;48.7024;2.87752;10
21:01:54.963;48.8937;2.32958;49.0843;1.78026;48.7024;2.87889;10
21:01:54.981;48.8946;2.34881;49.0852;1.79949;48.7033;2.89812;10
21:01:54.996;48.8955;2.37078;49.0861;1.82146;48.7042;2.92009;10
21:01:55.013;48.8991;2.39687;49.0897;1.84755;48.7078;2.94618;10
21:01:55.032;48.9009;2.41198;49.0915;1.86266;48.7096;2.96129;10
21:01:55.047;48.9027;2.41747;49.0933;1.86815;48.7114;2.96678;10
21:01:55.064;48.9036;2.41747;49.0942;1.86815;48.7123;2.96678;10
21:01:55.080;48.9054;2.41472;49.096;1.86541;48.7141;2.96403;10
21:01:55.098;48.9072;2.39962;49.0978;1.8503;48.7159;2.94893;10
21:01:55.115;48.9081;2.38451;49.0987;1.83519;48.7169;2.93382;10
21:01:55.131;48.9081;2.37627;49.0987;1.82695;48.7169;2.92558;10
21:01:55.148;48.9081;2.3694;49.0987;1.82009;48.7169;2.91872;10
21:01:55.246;48.9081;2.37078;49.0987;1.82146;48.7169;2.92009;10
21:01:55.414;48.9081;2.37352;49.0987;1.82421;48.7169;2.92284;10
