20:58:47.688;48.861;2.34661;49.0518;1.79729;48.6696;2.89592;10
20:58:47.704;48.8665;2.34524;49.0572;1.79592;48.675;2.89455;10
20:58:47.719;48.8701;2.33974;49.0608;1.79043;48.6787;2.88906;10
20:58:47.737;48.8746;2.32189;49.0653;1.77258;48.6832;2.8712;10
20:58:47.761;48.8791;2.27795;49.0698;1.72863;48.6877;2.82726;10
20:58:47.762;48.8827;2.21889;49.0734;1.66958;48.6914;2.76821;10
20:58:47.787;48.8827;2.16808;49.0734;1.61877;48.6914;2.71739;10
20:58:47.803;48.8827;2.131;49.0734;1.58169;48.6914;2.68032;10
20:58:47.821;48.8818;2.1159;49.0725;1.56658;48.6904;2.66521;10
20:58:47.855;48.8818;2.12002;49.0725;1.5707;48.6904;2.66933;10
20:58:47.871;48.8818;2.19555;49.0725;1.64623;48.6904;2.74486;10
20:58:47.888;48.8782;2.337;49.0689;1.78768;48.6868;2.88631;10
20:58:47.904;48.8782;2.43999;49.0689;1.89068;48.6868;2.98931;10
20:58:47.921;48.8791;2.48669;49.0698;1.93737;48.6877;3.036;10
20:58:47.938;48.8809;2.50729;49.0716;1.95797;48.6895;3.0566;10
20:58:47.971;48.8818;2.50729;49.0725;1.95797;48.6904;3.0566;10
20:58:47.987;48.8818;2.47982;49.0725;1.9305;48.6904;3.02913;10
20:58:48.005;48.8818;2.44137;49.0725;1.89205;48.6904;2.99068;10
20:58:48.021;48.88;2.41116;49.0707;1.86184;48.6886;2.96047;10
20:58:48.039;48.88;2.40017;49.0707;1.85085;48.6886;2.94948;10
20:58:48.105;48.88;2.40429;49.0707;1.85497;48.6886;2.9536;10
20:58:54.723;48.88;2.4139;49.0707;1.86459;48.6886;2.96321;10
20:58:54.760;48.88;2.41528;49.0707;1.86596;48.6886;2.96459;10
20:58:54.793;48.88;2.41253;49.0707;1.86321;48.6886;2.96184;10
20:58:54.825;48.8782;2.37408;49.0689;1.82476;48.6868;2.92339;10
20:58:54.859;48.8746;2.29992;49.0653;1.7506;48.6832;2.84923;10
20:58:54.906;48.8737;2.28069;49.0644;1.73138;48.6823;2.83;10
20:58:54.906;48.8737;2.27245;49.0644;1.72314;48.6823;2.82176;10
20:58:54.928;48.8737;2.27795;49.0644;1.72863;48.6823;2.82726;10
20:58:54.942;48.8755;2.29305;49.0662;1.74374;48.6841;2.84236;10
20:58:54.955;48.8773;2.32738;49.068;1.77807;48.6859;2.8767;10
20:58:54.967;48.8791;2.35485;49.0698;1.80553;48.6877;2.90416;10
20:58:54.992;48.88;2.37408;49.0707;1.82476;48.6886;2.92339;10
20:58:55.010;48.8809;2.38369;49.0716;1.83437;48.6895;2.933;10
20:58:55.076;48.8809;2.38232;49.0716;1.833;48.6895;2.93163;10
20:58:55.143;48.88;2.3727;49.0707;1.82339;48.6886;2.92201;10
20:58:55.143;48.8782;2.35348;49.0689;1.80416;48.6868;2.90279;10
20:58:55.143;48.8746;2.33013;49.0653;1.78082;48.6832;2.87944;10
20:58:55.143;48.8728;2.31503;49.0635;1.76571;48.6814;2.86434;10
20:58:55.194;48.8728;2.32052;49.0635;1.7712;48.6814;2.86983;10
20:58:55.208;48.8746;2.34798;49.0653;1.79867;48.6832;2.8973;10
20:58:55.225;48.8791;2.38369;49.0698;1.83437;48.6877;2.933;10
20:58:55.242;48.8818;2.40292;49.0725;1.8536;48.6904;2.95223;10
20:58:55.262;48.8827;2.40978;49.0734;1.86047;48.6914;2.95909;10
20:58:55.309;48.8827;2.40704;49.0734;1.85772;48.6914;2.95635;10
20:58:55.326;48.8818;2.39605;49.0725;1.84673;48.6904;2.94536;10
20:58:55.345;48.8809;2.38506;49.0716;1.83575;48.6895;2.93437;10
20:58:55.360;48.88;2.37957;49.0707;1.83025;48.6886;2.92888;10
20:58:55.425;48.8809;2.38781;49.0716;1.83849;48.6895;2.93712;10
20:58:55.481;48.8836;2.41528;49.0743;1.86596;48.6923;2.96459;10
20:58:55.482;48.8872;2.44961;49.0779;1.90029;48.6959;2.99892;10
20:58:55.482;48.8918;2.47982;49.0824;1.9305;48.7004;3.02913;10
20:58:55.643;48.8909;2.47707;49.0815;1.92776;48.6995;3.02638;10
20:58:55.711;48.889;2.46609;49.0797;1.91677;48.6977;3.0154;10
20:58:55.711;48.8872;2.43999;49.0779;1.89068;48.6959;2.98931;10
20:58:55.712;48.8836;2.40566;49.0743;1.85635;48.6923;2.95497;10
20:58:55.712;48.8818;2.3782;49.0725;1.82888;48.6904;2.92751;10
20:58:55.745;48.8818;2.36721;49.0725;1.81789;48.6904;2.91652;10
20:58:55.776;48.8827;2.37408;49.0734;1.82476;48.6914;2.92339;10
20:58:55.794;48.8872;2.40841;49.0779;1.85909;48.6959;2.95772;10
20:58:55.813;48.8918;2.45235;49.0824;1.90304;48.7004;3.00167;10
20:58:55.827;48.899;2.52239;49.0896;1.97308;48.7077;3.0717;10
20:58:55.846;48.9026;2.57732;49.0931;2.02801;48.7113;3.12663;10
20:58:55.861;48.9044;2.60754;49.0949;2.05822;48.7131;3.15685;10
20:58:55.908;48.9044;2.61852;49.0949;2.06921;48.7131;3.16783;10
20:58:55.920;48.9044;2.61303;49.0949;2.06371;48.7131;3.16234;10
20:58:55.922;48.8981;2.58968;49.0886;2.04037;48.7068;3.13899;10
20:58:55.935;48.8936;2.5581;49.0841;2.00878;48.7022;3.10741;10
20:58:55.962;48.889;2.53613;49.0797;1.98681;48.6977;3.08544;10
20:58:55.978;48.8881;2.53338;49.0788;1.98406;48.6968;3.08269;10
20:58:56.030;48.8881;2.53613;49.0788;1.98681;48.6968;3.08544;10
20:58:56.045;48.8899;2.55535;49.0806;2.00603;48.6986;3.10466;10
20:58:56.061;48.8918;2.56634;49.0824;2.01702;48.7004;3.11565;10
20:58:56.079;48.8927;2.57183;49.0832;2.02251;48.7013;3.12114;10
20:58:56.128;48.8918;2.56634;49.0824;2.01702;48.7004;3.11565;10
20:58:56.184;48.8899;2.55535;49.0806;2.00603;48.6986;3.10466;10
20:58:56.184;48.889;2.54848;49.0797;1.99917;48.6977;3.0978;10
20:58:56.184;48.8881;2.54711;49.0788;1.9978;48.6968;3.09642;10
20:58:58.203;48.8881;2.54711;48.8889;2.54497;48.8874;2.54925;18
20:58:58.975;48.8881;2.54708;48.8889;2.54494;48.8874;2.54923;18
20:58:58.996;48.8881;2.54706;48.8889;2.54492;48.8874;2.5492;18
20:58:59.021;48.8881;2.54704;48.8889;2.54489;48.8874;2.54918;18
20:58:59.027;48.8881;2.54701;48.8889;2.54486;48.8874;2.54915;18
20:58:59.044;48.8881;2.54698;48.8889;2.54484;48.8874;2.54912;18
20:58:59.063;48.8881;2.54698;48.8889;2.54483;48.8874;2.54912;18
20:58:59.080;48.8881;2.54697;48.8889;2.54483;48.8874;2.54911;18
20:58:59.177;48.8881;2.54698;48.8889;2.54483;48.8874;2.54912;18
20:58:59.200;48.8881;2.547;48.8889;2.54485;48.8874;2.54914;18
20:58:59.223;48.8881;2.54703;48.8889;2.54488;48.8874;2.54917;18
20:58:59.230;48.8881;2.54705;48.8889;2.54491;48.8874;2.54919;18
20:58:59.248;48.8881;2.54706;48.8889;2.54492;48.8874;2.5492;18
20:58:59.295;48.8881;2.54706;48.8889;2.54491;48.8874;2.5492;18
20:58:59.311;48.8881;2.54701;48.8889;2.54487;48.8874;2.54916;18
20:58:59.337;48.8881;2.54694;48.8889;2.54479;48.8874;2.54908;18
20:58:59.361;48.8881;2.54684;48.8888;2.54469;48.8873;2.54898;18
20:58:59.361;48.8881;2.54675;48.8888;2.5446;48.8873;2.54889;18
20:58:59.378;48.8881;2.54667;48.8888;2.54453;48.8873;2.54881;18
20:58:59.395;48.8881;2.54662;48.8888;2.54448;48.8873;2.54876;18
20:58:59.414;48.8881;2.5466;48.8888;2.54446;48.8873;2.54874;18
20:58:59.429;48.8881;2.5466;48.8888;2.54445;48.8873;2.54874;18
20:58:59.446;48.8881;2.54659;48.8888;2.54445;48.8873;2.54873;18
20:58:59.529;48.8881;2.54663;48.8888;2.54448;48.8873;2.54877;18
20:58:59.553;48.8881;2.54671;48.8888;2.54456;48.8873;2.54885;18
20:58:59.580;48.8881;2.54683;48.8888;2.54468;48.8873;2.54897;18
20:58:59.580;48.8881;2.54693;48.8888;2.54479;48.8873;2.54907;18
20:58:59.599;48.8881;2.54703;48.8889;2.54488;48.8874;2.54917;18
20:58:59.612;48.8881;2.54708;48.8889;2.54493;48.8874;2.54922;18
20:58:59.629;48.8881;2.54709;48.8889;2.54494;48.8874;2.54923;18
20:58:59.645;48.8881;2.5471;48.8889;2.54496;48.8874;2.54924;18
20:58:59.665;48.8881;2.54711;48.8889;2.54497;48.8874;2.54925;18
20:58:59.680;48.8881;2.54714;48.8889;2.54499;48.8874;2.54928;18
20:58:59.697;48.8882;2.54717;48.8889;2.54502;48.8874;2.54931;18
20:58:59.712;48.8882;2.54719;48.8889;2.54504;48.8874;2.54933;18
20:58:59.730;48.8882;2.54722;48.8889;2.54508;48.8874;2.54936;18
20:58:59.748;48.8882;2.54727;48.889;2.54512;48.8875;2.54941;18
20:58:59.765;48.8882;2.54729;48.889;2.54515;48.8875;2.54943;18
20:58:59.781;48.8882;2.5473;48.889;2.54515;48.8875;2.54944;18
20:58:59.796;48.8882;2.5473;48.889;2.54516;48.8875;2.54945;18
20:58:59.812;48.8883;2.5473;48.889;2.54516;48.8875;2.54945;18
20:58:59.833;48.8883;2.5473;48.889;2.54516;48.8875;2.54945;18
20:58:59.847;48.8883;2.5473;48.889;2.54516;48.8875;2.54945;18
20:58:59.865;48.8883;2.5473;48.889;2.54516;48.8875;2.54945;18
20:58:59.880;48.8883;2.5473;48.889;2.54516;48.8875;2.54945;18
20:58:59.929;48.8883;2.54731;48.889;2.54516;48.8875;2.54945;18
20:58:59.953;48.8883;2.54734;48.889;2.54519;48.8875;2.54948;18
20:58:59.979;48.8883;2.54736;48.889;2.54522;48.8875;2.5495;18
20:58:59.980;48.8883;2.5474;48.889;2.54526;48.8875;2.54954;18
20:58:59.995;48.8883;2.54743;48.889;2.54528;48.8875;2.54957;18
20:59:00.011;48.8882;2.54747;48.889;2.54532;48.8875;2.54961;18
20:59:00.031;48.8882;2.5475;48.889;2.54536;48.8875;2.54964;18
20:59:00.047;48.8882;2.54752;48.8889;2.54537;48.8874;2.54966;18
20:59:00.063;48.8881;2.54752;48.8889;2.54537;48.8874;2.54966;18
20:59:00.080;48.8881;2.54752;48.8889;2.54537;48.8874;2.54966;18
20:59:00.099;48.8881;2.54751;48.8888;2.54537;48.8873;2.54965;18
20:59:00.115;48.8881;2.54749;48.8888;2.54534;48.8873;2.54963;18
20:59:00.134;48.888;2.54744;48.8888;2.5453;48.8873;2.54958;18
20:59:00.148;48.888;2.54738;48.8887;2.54523;48.8872;2.54952;18
20:59:00.164;48.8879;2.54728;48.8887;2.54513;48.8872;2.54942;18
20:59:00.184;48.8879;2.54716;48.8886;2.54501;48.8871;2.5493;18
20:59:00.200;48.8879;2.54703;48.8886;2.54488;48.8871;2.54917;18
20:59:00.214;48.8878;2.54688;48.8886;2.54473;48.8871;2.54902;18
20:59:00.233;48.8878;2.54675;48.8886;2.5446;48.8871;2.54889;18
20:59:00.248;48.8878;2.54661;48.8885;2.54446;48.8871;2.54875;18
20:59:00.264;48.8878;2.5465;48.8885;2.54435;48.8871;2.54864;18
20:59:00.282;48.8878;2.54643;48.8885;2.54428;48.8871;2.54857;18
20:59:00.299;48.8878;2.5464;48.8885;2.54425;48.8871;2.54854;18
20:59:00.313;48.8878;2.54638;48.8885;2.54423;48.8871;2.54852;18
20:59:00.331;48.8878;2.54636;48.8886;2.54421;48.8871;2.5485;18
20:59:00.349;48.8878;2.54634;48.8886;2.54419;48.8871;2.54848;18
20:59:00.366;48.8879;2.54631;48.8886;2.54417;48.8871;2.54845;18
20:59:00.383;48.8879;2.54629;48.8886;2.54414;48.8871;2.54843;18
20:59:00.397;48.8879;2.54626;48.8887;2.54412;48.8872;2.5484;18
20:59:00.414;48.888;2.54625;48.8887;2.54411;48.8872;2.54839;18
20:59:00.430;48.888;2.54625;48.8887;2.54411;48.8873;2.54839;18
20:59:00.448;48.8881;2.54626;48.8888;2.54411;48.8873;2.5484;18
20:59:00.466;48.8881;2.54629;48.8889;2.54414;48.8874;2.54843;18
20:59:00.483;48.8882;2.54633;48.8889;2.54418;48.8874;2.54847;18
20:59:00.498;48.8882;2.54637;48.8889;2.54422;48.8875;2.54851;18
20:59:00.515;48.8882;2.54642;48.889;2.54428;48.8875;2.54857;18
20:59:00.534;48.8882;2.54648;48.889;2.54433;48.8875;2.54862;18
20:59:00.548;48.8882;2.54653;48.889;2.54439;48.8875;2.54867;18
20:59:00.566;48.8882;2.54659;48.889;2.54444;48.8875;2.54873;18
20:59:00.582;48.8882;2.54666;48.889;2.54452;48.8875;2.5488;18
20:59:00.598;48.8882;2.54675;48.889;2.5446;48.8875;2.54889;18
20:59:00.617;48.8882;2.54683;48.889;2.54469;48.8875;2.54897;18
20:59:00.635;48.8882;2.54692;48.889;2.54478;48.8875;2.54906;18
20:59:00.649;48.8882;2.54698;48.8889;2.54483;48.8874;2.54912;18
20:59:00.665;48.8882;2.54703;48.8889;2.54488;48.8874;2.54917;18
20:59:00.682;48.8882;2.54703;48.8889;2.54489;48.8874;2.54917;18
20:59:00.731;48.8882;2.54704;48.8889;2.54489;48.8874;2.54918;18
20:59:04.567;48.8882;2.54704;48.8897;2.54274;48.8867;2.55132;17
20:59:04.567;48.8882;2.54704;48.8897;2.54274;48.8867;2.55132;17
20:59:05.043;48.8882;2.547;48.8897;2.54271;48.8867;2.55129;17
20:59:05.066;48.8882;2.54689;48.8896;2.54259;48.8867;2.55117;17
20:59:05.093;48.8881;2.54675;48.8896;2.54246;48.8867;2.55103;17
20:59:05.093;48.8881;2.54654;48.8896;2.54225;48.8866;2.55083;17
20:59:05.112;48.8881;2.54629;48.8896;2.54199;48.8866;2.55057;17
20:59:05.129;48.8881;2.54604;48.8895;2.54175;48.8866;2.55032;17
20:59:05.145;48.888;2.54583;48.8895;2.54154;48.8866;2.55012;17
20:59:05.162;48.888;2.54563;48.8895;2.54134;48.8865;2.54992;17
20:59:05.181;48.888;2.5455;48.8895;2.54121;48.8865;2.54979;17
20:59:05.199;48.888;2.54549;48.8895;2.5412;48.8865;2.54978;17
20:59:05.211;48.888;2.5455;48.8895;2.54121;48.8865;2.54979;17
20:59:05.229;48.888;2.54556;48.8895;2.54126;48.8866;2.54984;17
20:59:05.245;48.8881;2.54574;48.8896;2.54145;48.8866;2.55002;17
20:59:05.261;48.8881;2.54604;48.8896;2.54175;48.8867;2.55032;17
20:59:05.279;48.8882;2.54632;48.8897;2.54203;48.8867;2.5506;17
20:59:05.296;48.8882;2.54639;48.8897;2.5421;48.8867;2.55068;17
20:59:05.311;48.8882;2.54641;48.8897;2.54212;48.8868;2.5507;17
20:59:05.362;48.8882;2.54638;48.8897;2.54209;48.8868;2.55067;17
20:59:05.388;48.8882;2.54621;48.8897;2.54192;48.8867;2.5505;17
20:59:05.418;48.8882;2.54588;48.8897;2.54159;48.8867;2.55016;17
20:59:05.418;48.8881;2.54548;48.8896;2.54119;48.8867;2.54977;17
20:59:05.432;48.8881;2.54514;48.8896;2.54085;48.8866;2.54942;17
20:59:05.449;48.8881;2.54484;48.8896;2.54055;48.8866;2.54912;17
20:59:05.465;48.8881;2.54465;48.8895;2.54036;48.8866;2.54894;17
20:59:05.480;48.8881;2.5446;48.8895;2.54031;48.8866;2.54889;17
20:59:05.512;48.8881;2.54463;48.8895;2.54034;48.8866;2.54892;17
20:59:05.532;48.8881;2.54488;48.8896;2.54059;48.8866;2.54917;17
20:59:05.547;48.8882;2.54535;48.8897;2.54106;48.8867;2.54964;17
20:59:05.564;48.8883;2.54616;48.8898;2.54187;48.8868;2.55044;17
20:59:05.579;48.8883;2.5468;48.8898;2.54251;48.8868;2.55109;17
20:59:05.601;48.8884;2.54751;48.8899;2.54322;48.8869;2.55179;17
20:59:05.612;48.8884;2.54788;48.8899;2.54359;48.8869;2.55217;17
20:59:05.647;48.8884;2.54781;48.8899;2.54352;48.8869;2.5521;17
20:59:05.663;48.8883;2.54761;48.8898;2.54331;48.8868;2.55189;17
20:59:05.679;48.8883;2.54727;48.8898;2.54298;48.8868;2.55156;17
20:59:05.700;48.8883;2.54692;48.8898;2.54263;48.8868;2.5512;17
20:59:05.714;48.8882;2.54649;48.8897;2.5422;48.8867;2.55078;17
20:59:05.732;48.8882;2.54612;48.8897;2.54183;48.8867;2.55041;17
20:59:05.746;48.8882;2.54586;48.8897;2.54156;48.8867;2.55014;17
20:59:05.764;48.8882;2.54565;48.8897;2.54136;48.8867;2.54994;17
20:59:05.783;48.8882;2.54548;48.8897;2.54119;48.8867;2.54977;17
20:59:05.796;48.8882;2.54541;48.8897;2.54111;48.8867;2.54969;17
20:59:05.847;48.8882;2.54542;48.8897;2.54112;48.8867;2.5497;17
20:59:05.872;48.8882;2.54547;48.8897;2.54118;48.8867;2.54976;17
20:59:05.903;48.8882;2.54556;48.8897;2.54126;48.8867;2.54984;17
20:59:05.903;48.8882;2.54566;48.8897;2.54137;48.8867;2.54995;17
20:59:05.913;48.8882;2.54577;48.8897;2.54148;48.8867;2.55006;17
20:59:05.931;48.8882;2.54582;48.8897;2.54153;48.8867;2.55011;17
20:59:05.997;48.8882;2.5458;48.8897;2.54151;48.8867;2.55009;17
20:59:06.022;48.8882;2.54568;48.8897;2.54139;48.8867;2.54997;17
20:59:06.052;48.8882;2.54548;48.8897;2.54119;48.8867;2.54977;17
20:59:06.052;48.8882;2.54524;48.8897;2.54095;48.8867;2.54953;17
20:59:06.068;48.8882;2.545;48.8897;2.54071;48.8867;2.54928;17
20:59:06.084;48.8882;2.54479;48.8896;2.5405;48.8867;2.54908;17
20:59:06.098;48.8882;2.54474;48.8896;2.54045;48.8867;2.54903;17
20:59:06.133;48.8882;2.54475;48.8896;2.54046;48.8867;2.54904;17
20:59:06.151;48.8882;2.54489;48.8897;2.5406;48.8867;2.54918;17
20:59:06.166;48.8882;2.54519;48.8897;2.5409;48.8867;2.54948;17
20:59:06.182;48.8882;2.5455;48.8897;2.54121;48.8867;2.54979;17
20:59:06.198;48.8882;2.54565;48.8897;2.54136;48.8867;2.54994;17
20:59:06.218;48.8882;2.5458;48.8897;2.54151;48.8867;2.55009;17
20:59:06.231;48.8882;2.54592;48.8897;2.54163;48.8867;2.55021;17
20:59:06.247;48.8882;2.54603;48.8897;2.54174;48.8867;2.55031;17
20:59:06.267;48.8882;2.5461;48.8897;2.54181;48.8867;2.55039;17
20:59:06.314;48.8882;2.54609;48.8897;2.5418;48.8867;2.55038;17
20:59:06.338;48.8882;2.54604;48.8897;2.54175;48.8867;2.55032;17
20:59:06.372;48.8882;2.54588;48.8897;2.54159;48.8867;2.55016;17
20:59:06.372;48.8882;2.5456;48.8897;2.54131;48.8867;2.54988;17
20:59:06.381;48.8881;2.5452;48.8896;2.54091;48.8867;2.54949;17
20:59:06.400;48.8881;2.54486;48.8896;2.54057;48.8866;2.54914;17
20:59:06.418;48.8881;2.54468;48.8896;2.54038;48.8866;2.54896;17
20:59:06.433;48.8881;2.54462;48.8896;2.54033;48.8866;2.54891;17
20:59:06.465;48.8881;2.54463;48.8896;2.54034;48.8866;2.54892;17
20:59:06.486;48.8881;2.54473;48.8896;2.54044;48.8866;2.54902;17
20:59:06.510;48.8881;2.54487;48.8896;2.54058;48.8866;2.54916;17
20:59:06.518;48.8881;2.54498;48.8896;2.54068;48.8867;2.54926;17
20:59:08.256;48.8881;2.54473;48.8896;2.54044;48.8867;2.54902;17
20:59:08.294;48.8881;2.54427;48.8896;2.53998;48.8866;2.54855;17
20:59:08.294;48.8881;2.5437;48.8896;2.53941;48.8866;2.54799;17
20:59:08.339;48.8881;2.54309;48.8896;2.5388;48.8866;2.54737;17
20:59:08.339;48.8881;2.54256;48.8896;2.53827;48.8866;2.54685;17
20:59:08.339;48.8881;2.54232;48.8896;2.53802;48.8866;2.5466;17
20:59:08.357;48.8881;2.54223;48.8896;2.53794;48.8867;2.54652;17
20:59:08.377;48.8881;2.54223;48.8896;2.53794;48.8867;2.54652;17
20:59:08.392;48.8882;2.54235;48.8897;2.53806;48.8867;2.54663;17
20:59:08.408;48.8882;2.54253;48.8897;2.53824;48.8867;2.54682;17
20:59:08.423;48.8883;2.543;48.8898;2.53871;48.8868;2.54729;17
20:59:08.443;48.8883;2.5436;48.8898;2.53931;48.8868;2.54789;17
20:59:08.460;48.8884;2.54399;48.8899;2.5397;48.8869;2.54828;17
20:59:08.476;48.8884;2.54406;48.8899;2.53977;48.8869;2.54835;17
20:59:08.507;48.8884;2.54399;48.8899;2.5397;48.8869;2.54828;17
20:59:08.526;48.8883;2.54377;48.8898;2.53948;48.8868;2.54806;17
20:59:08.543;48.8883;2.54351;48.8898;2.53922;48.8868;2.54779;17
20:59:08.558;48.8882;2.54305;48.8897;2.53875;48.8867;2.54733;17
20:59:08.576;48.8882;2.54262;48.8897;2.53832;48.8867;2.5469;17
20:59:08.592;48.8882;2.54243;48.8897;2.53814;48.8867;2.54672;17
20:59:08.610;48.8882;2.54242;48.8897;2.53813;48.8867;2.54671;17
20:59:08.627;48.8882;2.54244;48.8897;2.53815;48.8867;2.54673;17
20:59:08.644;48.8882;2.54269;48.8897;2.5384;48.8867;2.54698;17
20:59:08.658;48.8883;2.54323;48.8898;2.53894;48.8868;2.54751;17
20:59:08.674;48.8883;2.54394;48.8898;2.53964;48.8868;2.54822;17
20:59:08.690;48.8883;2.54446;48.8898;2.54017;48.8868;2.54875;17
20:59:08.710;48.8883;2.54476;48.8898;2.54047;48.8868;2.54905;17
20:59:08.726;48.8883;2.54482;48.8898;2.54052;48.8868;2.5491;17
20:59:08.759;48.8883;2.54479;48.8898;2.5405;48.8868;2.54908;17
20:59:08.777;48.8883;2.54453;48.8898;2.54023;48.8868;2.54881;17
20:59:08.796;48.8882;2.54395;48.8897;2.53965;48.8867;2.54823;17
20:59:08.809;48.8882;2.54333;48.8897;2.53904;48.8867;2.54762;17
20:59:08.829;48.8882;2.54276;48.8896;2.53846;48.8867;2.54704;17
20:59:08.843;48.8882;2.54248;48.8896;2.53819;48.8867;2.54676;17
20:59:08.862;48.8882;2.54242;48.8896;2.53813;48.8867;2.54671;17
20:59:08.878;48.8882;2.54246;48.8897;2.53816;48.8867;2.54674;17
20:59:08.892;48.8882;2.54261;48.8897;2.53831;48.8867;2.54689;17
20:59:08.912;48.8882;2.54294;48.8898;2.53865;48.8868;2.54722;17
20:59:08.927;48.8883;2.54351;48.8898;2.53922;48.8868;2.54779;17
20:59:08.940;48.8884;2.54412;48.8899;2.53983;48.8869;2.5484;17
20:59:08.962;48.8884;2.54455;48.8899;2.54026;48.8869;2.54883;17
20:59:08.976;48.8884;2.54464;48.8899;2.54035;48.8869;2.54893;17
20:59:08.995;48.8884;2.54465;48.8899;2.54036;48.8869;2.54894;17
20:59:09.009;48.8884;2.54463;48.8899;2.54034;48.8869;2.54892;17
20:59:09.026;48.8884;2.54446;48.8899;2.54017;48.8869;2.54875;17
20:59:09.045;48.8883;2.54418;48.8898;2.53989;48.8868;2.54847;17
20:59:09.061;48.8883;2.54371;48.8898;2.53942;48.8868;2.548;17
20:59:09.077;48.8883;2.54324;48.8898;2.53895;48.8868;2.54752;17
20:59:09.095;48.8882;2.54287;48.8898;2.53858;48.8868;2.54716;17
20:59:09.109;48.8882;2.54272;48.8898;2.53843;48.8868;2.54701;17
20:59:09.144;48.8883;2.54278;48.8898;2.53849;48.8868;2.54706;17
20:59:09.162;48.8883;2.54302;48.8898;2.53873;48.8868;2.54731;17
20:59:09.176;48.8884;2.54353;48.8899;2.53924;48.8869;2.54781;17
20:59:09.196;48.8885;2.54402;48.89;2.53973;48.887;2.54831;17
20:59:09.214;48.8886;2.54454;48.89;2.54025;48.8871;2.54882;17
20:59:09.228;48.8886;2.54477;48.8901;2.54048;48.8871;2.54906;17
20:59:09.245;48.8886;2.5448;48.8901;2.54051;48.8871;2.54909;17
20:59:09.277;48.8886;2.54475;48.8901;2.54046;48.8871;2.54904;17
20:59:09.295;48.8886;2.54447;48.8901;2.54018;48.8871;2.54876;17
20:59:09.308;48.8886;2.54402;48.8901;2.53973;48.8871;2.54831;17
20:59:09.328;48.8886;2.54362;48.8901;2.53933;48.8871;2.54791;17
20:59:09.345;48.8887;2.54317;48.8902;2.53888;48.8872;2.54746;17
20:59:09.359;48.8887;2.5429;48.8902;2.5386;48.8872;2.54718;17
20:59:09.375;48.8888;2.54276;48.8903;2.53846;48.8873;2.54704;17
20:59:09.395;48.8889;2.5427;48.8904;2.53841;48.8874;2.54699;17
20:59:09.412;48.889;2.54268;48.8905;2.53839;48.8875;2.54697;17
20:59:09.430;48.8891;2.54268;48.8906;2.53839;48.8876;2.54697;17
20:59:09.442;48.8891;2.54268;48.8906;2.53839;48.8876;2.54697;17
20:59:09.460;48.8891;2.54268;48.8906;2.53839;48.8876;2.54697;17
20:59:09.509;48.8891;2.5427;48.8906;2.53841;48.8876;2.54699;17
20:59:09.528;48.8891;2.54274;48.8906;2.53845;48.8876;2.54703;17
20:59:09.542;48.8891;2.54279;48.8906;2.5385;48.8876;2.54707;17
20:59:09.560;48.889;2.54284;48.8905;2.53855;48.8875;2.54713;17
20:59:09.768;48.889;2.54287;48.8905;2.53858;48.8876;2.54716;17
20:59:09.814;48.8891;2.5429;48.8906;2.5386;48.8876;2.54718;17
20:59:09.814;48.8893;2.54291;48.8908;2.53861;48.8878;2.54719;17
20:59:09.814;48.8895;2.54291;48.8909;2.53861;48.888;2.54719;17
20:59:09.879;48.8896;2.54292;48.8911;2.53863;48.8881;2.5472;17
20:59:09.879;48.8897;2.54292;48.8912;2.53863;48.8882;2.5472;17
20:59:09.879;48.8897;2.54292;48.8912;2.53863;48.8882;2.5472;17
20:59:09.879;48.8898;2.54292;48.8913;2.53863;48.8883;2.5472;17
20:59:09.932;48.8898;2.54294;48.8913;2.53865;48.8883;2.54722;17
20:59:09.945;48.8898;2.54299;48.8913;2.5387;48.8883;2.54728;17
20:59:10.161;48.8898;2.54297;48.8913;2.53868;48.8883;2.54726;17
20:59:10.199;48.8898;2.54294;48.8913;2.53865;48.8883;2.54722;17
20:59:10.199;48.8899;2.5429;48.8914;2.5386;48.8884;2.54718;17
20:59:10.248;48.89;2.54284;48.8915;2.53855;48.8885;2.54713;17
20:59:10.248;48.8902;2.54279;48.8917;2.5385;48.8887;2.54707;17
20:59:10.248;48.8903;2.54273;48.8918;2.53844;48.8888;2.54702;17
20:59:10.265;48.8904;2.54269;48.8918;2.5384;48.8889;2.54698;17
20:59:10.279;48.8904;2.54266;48.8919;2.53837;48.8889;2.54695;17
20:59:10.297;48.8904;2.54265;48.8919;2.53836;48.8889;2.54693;17
20:59:10.630;48.8904;2.54262;48.8919;2.53832;48.8889;2.5469;17
20:59:10.677;48.8904;2.54257;48.8919;2.53828;48.8889;2.54686;17
20:59:10.679;48.8904;2.54252;48.8919;2.53823;48.889;2.54681;17
20:59:10.704;48.8905;2.54235;48.892;2.53806;48.889;2.54663;17
20:59:10.727;48.8906;2.54203;48.8921;2.53773;48.8891;2.54631;17
20:59:10.741;48.8906;2.54192;48.8921;2.53763;48.8891;2.5462;17
20:59:10.767;48.8907;2.54181;48.8922;2.53752;48.8892;2.5461;17
20:59:10.782;48.8907;2.54173;48.8922;2.53743;48.8892;2.54601;17
20:59:10.802;48.8907;2.54168;48.8922;2.53739;48.8892;2.54597;17
20:59:10.817;48.8907;2.54167;48.8922;2.53738;48.8892;2.54596;17
20:59:10.882;48.8907;2.54169;48.8922;2.5374;48.8892;2.54598;17
20:59:10.901;48.8907;2.54175;48.8922;2.53746;48.8892;2.54603;17
20:59:11.066;48.8907;2.54175;48.8922;2.53746;48.8892;2.54603;17
20:59:11.087;48.8907;2.54174;48.8922;2.53744;48.8892;2.54602;17
20:59:11.108;48.8906;2.54163;48.8921;2.53734;48.8891;2.54592;17
20:59:11.128;48.8905;2.54155;48.892;2.53726;48.8891;2.54584;17
20:59:11.144;48.8905;2.54151;48.892;2.53722;48.889;2.5458;17
20:59:11.167;48.8905;2.5415;48.892;2.53721;48.889;2.54579;17
20:59:11.186;48.8905;2.54149;48.892;2.5372;48.889;2.54578;17
20:59:11.200;48.8905;2.54149;48.892;2.5372;48.889;2.54578;17
20:59:11.567;48.8905;2.54151;48.892;2.53722;48.889;2.5458;17
20:59:11.619;48.8905;2.54154;48.892;2.53725;48.889;2.54583;17
20:59:11.619;48.8905;2.54159;48.8921;2.53729;48.8891;2.54587;17
20:59:11.619;48.8906;2.54163;48.8921;2.53734;48.8891;2.54592;17
20:59:11.689;48.8906;2.5417;48.8921;2.53741;48.8891;2.54599;17
20:59:11.689;48.8906;2.54178;48.8921;2.53749;48.8891;2.54607;17
20:59:11.689;48.8906;2.5419;48.8921;2.53761;48.8891;2.54618;17
20:59:11.689;48.8906;2.54202;48.8921;2.53772;48.8891;2.5463;17
20:59:11.704;48.8906;2.54217;48.8921;2.53787;48.8891;2.54645;17
20:59:11.721;48.8906;2.54227;48.8921;2.53798;48.8891;2.54656;17
20:59:11.736;48.8906;2.54237;48.8921;2.53808;48.8891;2.54666;17
20:59:11.752;48.8906;2.54242;48.8921;2.53813;48.8891;2.54671;17
20:59:11.770;48.8906;2.54244;48.8921;2.53815;48.8891;2.54673;17
20:59:12.086;48.8906;2.54246;48.8921;2.53816;48.8891;2.54674;17
20:59:12.139;48.8906;2.54248;48.8921;2.53819;48.8891;2.54676;17
20:59:12.140;48.8907;2.54252;48.8922;2.53823;48.8892;2.54681;17
20:59:12.140;48.8907;2.54257;48.8922;2.53828;48.8892;2.54686;17
20:59:12.220;48.8908;2.54265;48.8923;2.53836;48.8893;2.54693;17
20:59:12.220;48.8908;2.54271;48.8923;2.53842;48.8893;2.547;17
20:59:12.220;48.8909;2.54279;48.8924;2.5385;48.8894;2.54707;17
20:59:12.220;48.8909;2.54285;48.8924;2.53856;48.8894;2.54714;17
20:59:12.220;48.8909;2.54293;48.8924;2.53864;48.8894;2.54721;17
20:59:12.238;48.8909;2.54299;48.8924;2.5387;48.8894;2.54728;17
20:59:12.254;48.8909;2.54305;48.8924;2.53875;48.8894;2.54733;17
20:59:12.271;48.8909;2.54313;48.8924;2.53884;48.8894;2.54742;17
20:59:12.288;48.8908;2.54322;48.8923;2.53893;48.8894;2.5475;17
20:59:12.302;48.8908;2.5433;48.8923;2.53901;48.8893;2.54759;17
20:59:12.320;48.8908;2.54336;48.8923;2.53906;48.8893;2.54764;17
20:59:12.341;48.8907;2.54341;48.8922;2.53912;48.8892;2.5477;17
20:59:12.354;48.8907;2.54346;48.8921;2.53917;48.8892;2.54775;17
20:59:12.369;48.8906;2.54349;48.8921;2.53919;48.8891;2.54777;17
20:59:12.389;48.8906;2.5435;48.8921;2.5392;48.8891;2.54778;17
20:59:12.404;48.8905;2.5435;48.892;2.5392;48.889;2.54778;17
20:59:12.423;48.8905;2.54347;48.892;2.53918;48.889;2.54776;17
20:59:12.440;48.8905;2.54343;48.8919;2.53914;48.889;2.54772;17
20:59:12.454;48.8904;2.54337;48.8919;2.53908;48.8889;2.54765;17
20:59:12.474;48.8904;2.54325;48.8919;2.53896;48.8889;2.54754;17
20:59:12.488;48.8904;2.54311;48.8918;2.53882;48.8889;2.5474;17
20:59:12.671;48.8904;2.5431;48.8919;2.53881;48.8889;2.54739;17
20:59:12.739;48.8904;2.5431;48.8919;2.53881;48.889;2.54739;17
20:59:12.739;48.8905;2.54309;48.892;2.5388;48.889;2.54737;17
20:59:12.739;48.8906;2.54308;48.8921;2.53879;48.8891;2.54736;17
20:59:12.739;48.8908;2.54306;48.8922;2.53876;48.8893;2.54734;17
20:59:12.806;48.8908;2.54305;48.8923;2.53875;48.8893;2.54733;17
20:59:12.806;48.8909;2.54305;48.8924;2.53875;48.8894;2.54733;17
20:59:12.806;48.8909;2.54303;48.8924;2.53874;48.8894;2.54732;17
20:59:12.806;48.8909;2.54303;48.8924;2.53874;48.8895;2.54732;17
20:59:12.823;48.8909;2.54303;48.8924;2.53874;48.8895;2.54732;17
20:59:12.839;48.891;2.54302;48.8925;2.53873;48.8895;2.54731;17
20:59:12.892;48.891;2.54301;48.8925;2.53872;48.8895;2.5473;17
20:59:13.820;48.891;2.54301;48.8917;2.54087;48.8902;2.54515;18
20:59:13.820;48.891;2.54301;48.8917;2.54087;48.8902;2.54515;18
20:59:14.222;48.891;2.54301;48.8917;2.54086;48.8902;2.54515;18
20:59:14.234;48.891;2.54292;48.8917;2.54077;48.8902;2.54506;18
20:59:14.263;48.8909;2.5427;48.8917;2.54056;48.8902;2.54484;18
20:59:14.268;48.8909;2.54241;48.8917;2.54026;48.8902;2.54455;18
20:59:14.293;48.8909;2.54209;48.8916;2.53994;48.8901;2.54423;18
20:59:14.303;48.8909;2.54188;48.8916;2.53973;48.8901;2.54402;18
20:59:14.320;48.8909;2.54177;48.8916;2.53963;48.8901;2.54391;18
20:59:14.354;48.8909;2.54178;48.8916;2.53963;48.8901;2.54392;18
20:59:14.370;48.8909;2.54185;48.8917;2.53971;48.8902;2.54399;18
20:59:14.386;48.891;2.54204;48.8917;2.5399;48.8902;2.54418;18
20:59:14.406;48.8911;2.54233;48.8918;2.54019;48.8903;2.54447;18
20:59:14.425;48.8911;2.54261;48.8919;2.54046;48.8904;2.54475;18
20:59:14.437;48.8912;2.54279;48.8919;2.54064;48.8904;2.54493;18
20:59:14.453;48.8912;2.54284;48.892;2.5407;48.8905;2.54498;18
20:59:14.471;48.8912;2.54285;48.892;2.54071;48.8905;2.54499;18
20:59:14.489;48.8913;2.54285;48.892;2.54071;48.8905;2.54499;18
20:59:14.505;48.8913;2.54276;48.892;2.54062;48.8905;2.5449;18
20:59:14.522;48.8914;2.54258;48.8921;2.54043;48.8906;2.54472;18
20:59:14.536;48.8914;2.54215;48.8922;2.54;48.8907;2.54429;18
20:59:14.555;48.8915;2.54158;48.8923;2.53944;48.8908;2.54372;18
20:59:14.575;48.8916;2.54093;48.8923;2.53879;48.8909;2.54307;18
20:59:14.591;48.8917;2.5405;48.8924;2.53836;48.8909;2.54264;18
20:59:14.606;48.8917;2.5402;48.8924;2.53805;48.8909;2.54234;18
20:59:14.626;48.8917;2.54008;48.8924;2.53794;48.8909;2.54222;18
20:59:14.924;48.8917;2.54008;48.8925;2.53794;48.891;2.54222;18
20:59:14.962;48.8918;2.54008;48.8925;2.53794;48.891;2.54222;18
20:59:14.962;48.8918;2.54006;48.8926;2.53791;48.8911;2.5422;18
20:59:15.014;48.8919;2.54;48.8927;2.53786;48.8912;2.54214;18
20:59:15.014;48.892;2.53993;48.8927;2.53778;48.8913;2.54207;18
20:59:15.014;48.8921;2.53983;48.8928;2.53768;48.8913;2.54197;18
20:59:15.027;48.8922;2.53972;48.8929;2.53758;48.8914;2.54187;18
20:59:15.043;48.8922;2.53961;48.893;2.53746;48.8915;2.54175;18
20:59:15.057;48.8923;2.53954;48.893;2.53739;48.8915;2.54168;18
20:59:15.093;48.8923;2.53952;48.8931;2.53737;48.8916;2.54166;18
20:59:15.093;48.8923;2.53952;48.8931;2.53737;48.8916;2.54166;18
20:59:15.343;48.8924;2.53952;48.8931;2.53737;48.8916;2.54166;18
20:59:15.433;48.8924;2.53952;48.8932;2.53737;48.8917;2.54166;18
20:59:15.433;48.8925;2.5395;48.8933;2.53736;48.8918;2.54165;18
20:59:15.433;48.8926;2.53948;48.8934;2.53733;48.8919;2.54162;18
20:59:15.433;48.8927;2.53941;48.8935;2.53726;48.892;2.54155;18
20:59:15.458;48.8929;2.53929;48.8937;2.53714;48.8922;2.54143;18
20:59:15.461;48.8931;2.53905;48.8938;2.5369;48.8923;2.54119;18
20:59:15.472;48.8931;2.53899;48.8939;2.53684;48.8924;2.54113;18
20:59:15.493;48.8931;2.53896;48.8939;2.53682;48.8924;2.5411;18
20:59:15.513;48.8931;2.53895;48.8939;2.53681;48.8924;2.54109;18
20:59:16.080;48.8931;2.53895;48.8939;2.53681;48.8924;2.54109;18
20:59:16.135;48.8932;2.53893;48.8939;2.53678;48.8924;2.54107;18
20:59:16.135;48.8933;2.53888;48.894;2.53674;48.8926;2.54102;18
20:59:16.135;48.8935;2.5388;48.8942;2.53666;48.8927;2.54094;18
20:59:16.149;48.8937;2.53868;48.8945;2.53653;48.893;2.54082;18
20:59:16.201;48.894;2.53847;48.8947;2.53632;48.8932;2.54061;18
20:59:16.201;48.8942;2.5383;48.8949;2.53615;48.8934;2.54044;18
20:59:16.201;48.8943;2.53813;48.895;2.53599;48.8935;2.54027;18
20:59:16.214;48.8943;2.53805;48.8951;2.5359;48.8936;2.54019;18
20:59:16.231;48.8943;2.538;48.8951;2.53586;48.8936;2.54014;18
20:59:16.245;48.8943;2.538;48.8951;2.53585;48.8936;2.54014;18
20:59:16.495;48.8944;2.538;48.8951;2.53585;48.8936;2.54014;18
20:59:16.532;48.8945;2.53799;48.8952;2.53584;48.8937;2.54013;18
20:59:16.532;48.8946;2.53798;48.8953;2.53584;48.8938;2.54012;18
20:59:16.566;48.8947;2.53794;48.8955;2.5358;48.894;2.54008;18
20:59:16.567;48.895;2.53788;48.8957;2.53574;48.8942;2.54003;18
20:59:16.576;48.8951;2.53781;48.8959;2.53566;48.8944;2.53995;18
20:59:16.595;48.8952;2.53772;48.896;2.53558;48.8945;2.53986;18
20:59:16.610;48.8953;2.53768;48.896;2.53553;48.8945;2.53982;18
20:59:16.629;48.8953;2.53765;48.896;2.5355;48.8946;2.53979;18
20:59:16.857;48.8953;2.53765;48.8961;2.5355;48.8946;2.53979;18
20:59:16.881;48.8954;2.53763;48.8961;2.53548;48.8946;2.53977;18
20:59:16.904;48.8955;2.53759;48.8963;2.53544;48.8948;2.53973;18
20:59:16.911;48.8957;2.53755;48.8965;2.53541;48.895;2.53969;18
20:59:16.926;48.896;2.53749;48.8967;2.53535;48.8952;2.53963;18
20:59:16.943;48.8961;2.53741;48.8969;2.53526;48.8954;2.53955;18
20:59:16.962;48.8962;2.53733;48.897;2.53519;48.8955;2.53947;18
20:59:16.975;48.8963;2.53728;48.897;2.53513;48.8955;2.53942;18
20:59:16.995;48.8963;2.53725;48.897;2.53511;48.8955;2.53939;18
20:59:17.012;48.8963;2.53725;48.897;2.5351;48.8956;2.53939;18
20:59:17.027;48.8963;2.53725;48.897;2.5351;48.8956;2.53939;18
20:59:17.281;48.8964;2.53722;48.8971;2.53508;48.8956;2.53937;18
20:59:17.317;48.8965;2.53718;48.8973;2.53504;48.8958;2.53932;18
20:59:17.317;48.8966;2.53713;48.8974;2.53498;48.8959;2.53927;18
20:59:17.351;48.8968;2.53702;48.8975;2.53488;48.896;2.53916;18
20:59:17.351;48.8969;2.53689;48.8977;2.53474;48.8962;2.53903;18
20:59:17.362;48.8971;2.53677;48.8978;2.53463;48.8963;2.53891;18
20:59:17.380;48.8971;2.53672;48.8979;2.53457;48.8964;2.53886;18
20:59:17.395;48.8972;2.53666;48.8979;2.53451;48.8964;2.5388;18
20:59:17.411;48.8972;2.53663;48.8979;2.53449;48.8965;2.53878;18
20:59:17.664;48.8972;2.53661;48.898;2.53446;48.8965;2.53875;18
20:59:17.714;48.8973;2.53655;48.8981;2.53441;48.8966;2.53869;18
20:59:17.714;48.8975;2.53647;48.8983;2.53432;48.8968;2.53861;18
20:59:17.714;48.8977;2.53634;48.8985;2.53419;48.897;2.53848;18
20:59:17.752;48.8979;2.5362;48.8987;2.53405;48.8972;2.53834;18
20:59:17.752;48.8981;2.53606;48.8988;2.53391;48.8973;2.5382;18
20:59:17.768;48.8981;2.53592;48.8989;2.53377;48.8974;2.53806;18
20:59:17.783;48.8982;2.53582;48.8989;2.53368;48.8974;2.53797;18
20:59:17.799;48.8982;2.53579;48.8989;2.53364;48.8974;2.53793;18
20:59:17.816;48.8982;2.53577;48.8989;2.53363;48.8974;2.53791;18
20:59:18.069;48.8982;2.53577;48.8989;2.53363;48.8974;2.53791;18
20:59:18.091;48.8983;2.53575;48.899;2.5336;48.8975;2.53789;18
20:59:18.091;48.8984;2.5357;48.8991;2.53355;48.8977;2.53784;18
20:59:18.117;48.8988;2.53547;48.8996;2.53332;48.8981;2.53761;18
20:59:18.132;48.899;2.53535;48.8997;2.5332;48.8982;2.53749;18
20:59:18.153;48.8991;2.53524;48.8998;2.53309;48.8983;2.53738;18
20:59:18.166;48.8991;2.53518;48.8998;2.53304;48.8984;2.53732;18
20:59:18.182;48.8991;2.53515;48.8998;2.53301;48.8984;2.53729;18
20:59:18.199;48.8991;2.53514;48.8998;2.533;48.8984;2.53728;18
20:59:18.399;48.8991;2.53514;48.8999;2.53299;48.8984;2.53728;18
20:59:18.435;48.8992;2.53513;48.8999;2.53298;48.8984;2.53727;18
20:59:18.435;48.8993;2.5351;48.9;2.53295;48.8985;2.53724;18
20:59:18.483;48.8994;2.53506;48.9001;2.53292;48.8986;2.5372;18
20:59:18.483;48.8995;2.53499;48.9002;2.53284;48.8988;2.53713;18
20:59:18.483;48.8996;2.5349;48.9004;2.53275;48.8989;2.53704;18
20:59:18.503;48.8997;2.53481;48.9004;2.53266;48.8989;2.53695;18
20:59:18.514;48.8997;2.53475;48.9005;2.5326;48.899;2.53689;18
20:59:18.531;48.8998;2.53471;48.9005;2.53257;48.899;2.53685;18
20:59:18.548;48.8998;2.53469;48.9005;2.53255;48.899;2.53683;18
20:59:18.867;48.8998;2.53467;48.9006;2.53252;48.8991;2.53681;18
20:59:18.904;48.8998;2.53463;48.9006;2.53248;48.8991;2.53677;18
20:59:18.904;48.8999;2.53459;48.9006;2.53244;48.8992;2.53673;18
20:59:18.938;48.8999;2.53453;48.9007;2.53239;48.8992;2.53667;18
20:59:18.938;48.8999;2.53449;48.9007;2.53235;48.8992;2.53663;18
20:59:18.954;48.8999;2.53447;48.9007;2.53232;48.8992;2.53661;18
20:59:18.970;48.8999;2.53446;48.9007;2.53231;48.8992;2.5366;18
20:59:18.995;48.8999;2.53445;48.9007;2.53231;48.8992;2.53659;18
20:59:19.270;48.8999;2.53451;48.9007;2.53236;48.8992;2.53665;18
20:59:19.307;48.8999;2.53456;48.9006;2.53242;48.8992;2.5367;18
20:59:19.307;48.8999;2.53463;48.9006;2.53249;48.8991;2.53677;18
20:59:19.356;48.8998;2.53477;48.9006;2.53262;48.8991;2.53691;18
20:59:19.356;48.8998;2.53496;48.9006;2.53282;48.8991;2.5371;18
20:59:19.356;48.8998;2.5352;48.9005;2.53305;48.8991;2.53734;18
20:59:19.369;48.8998;2.53538;48.9005;2.53323;48.899;2.53752;18
20:59:19.386;48.8998;2.53552;48.9005;2.53337;48.899;2.53766;18
20:59:19.406;48.8998;2.53563;48.9005;2.53348;48.899;2.53777;18
20:59:19.419;48.8998;2.5357;48.9005;2.53355;48.899;2.53784;18
20:59:19.442;48.8998;2.53572;48.9005;2.53358;48.899;2.53786;18
