21:45:23.218;48.8547;2.34661;48.9502;2.07195;48.7591;2.62126;11
21:45:23.218;48.8547;2.34661;48.9502;2.07195;48.7591;2.62126;11
21:45:24.612;48.8547;2.34661;48.9025;2.20928;48.8069;2.48393;12
21:45:24.612;48.8547;2.34661;48.9025;2.20928;48.8069;2.48393;12
21:45:25.762;48.8547;2.34661;48.8786;2.27795;48.8308;2.41527;13
21:45:25.762;48.8547;2.34661;48.8786;2.27795;48.8308;2.41527;13
21:45:28.356;48.8548;2.34678;48.8787;2.27812;48.8309;2.41544;13
21:45:28.357;48.8548;2.34713;48.8787;2.27846;48.8309;2.41579;13
21:45:28.383;48.8548;2.34747;48.8787;2.2788;48.8309;2.41613;13
21:45:28.384;48.8549;2.34781;48.8788;2.27915;48.8311;2.41647;13
21:45:28.417;48.8549;2.34816;48.8788;2.27949;48.8311;2.41682;13
21:45:28.417;48.8551;2.34833;48.8789;2.27966;48.8312;2.41699;13
21:45:28.626;48.8552;2.34833;48.8791;2.27966;48.8313;2.41699;13
21:45:28.659;48.8553;2.34833;48.8792;2.27966;48.8314;2.41699;13
21:45:28.708;48.8554;2.34833;48.8793;2.27966;48.8315;2.41699;13
21:45:28.743;48.8554;2.34816;48.8793;2.27949;48.8315;2.41682;13
21:45:33.738;48.8553;2.34816;48.8792;2.27949;48.8314;2.41682;13
21:45:33.791;48.8553;2.34833;48.8792;2.27966;48.8314;2.41699;13
21:45:33.791;48.8553;2.3485;48.8792;2.27983;48.8314;2.41716;13
21:45:33.818;48.8552;2.34884;48.8791;2.28018;48.8313;2.4175;13
21:45:33.818;48.8552;2.34953;48.8791;2.28086;48.8313;2.41819;13
21:45:33.861;48.8552;2.35022;48.8791;2.28155;48.8313;2.41888;13
21:45:33.861;48.8552;2.35073;48.8791;2.28207;48.8313;2.41939;13
21:45:33.870;48.8551;2.3509;48.8789;2.28224;48.8312;2.41956;13
21:45:33.870;48.8551;2.35107;48.8789;2.28241;48.8312;2.41973;13
21:45:33.880;48.8551;2.35125;48.8789;2.28258;48.8312;2.41991;13
21:45:34.107;48.8552;2.35125;48.8791;2.28258;48.8313;2.41991;13
21:45:34.174;48.8552;2.35107;48.8791;2.28241;48.8313;2.41973;13
21:45:36.835;48.8553;2.35159;48.8792;2.28292;48.8314;2.42025;13
21:45:36.835;48.8554;2.35193;48.8793;2.28327;48.8315;2.42059;13
21:45:36.873;48.8555;2.3521;48.8794;2.28344;48.8316;2.42076;13
21:45:36.873;48.8556;2.3521;48.8795;2.28344;48.8317;2.42076;13
21:45:36.887;48.8556;2.35228;48.8795;2.28361;48.8317;2.42094;13
21:45:36.949;48.8559;2.35228;48.8797;2.28361;48.832;2.42094;13
21:45:37.015;48.8559;2.35193;48.8797;2.28327;48.832;2.42059;13
21:45:37.055;48.8559;2.35159;48.8797;2.28292;48.832;2.42025;13
21:45:37.055;48.8559;2.3509;48.8797;2.28224;48.832;2.41956;13
21:45:37.066;48.8559;2.35056;48.8797;2.28189;48.832;2.41922;13
21:45:37.083;48.8559;2.35022;48.8797;2.28155;48.832;2.41888;13
21:45:38.307;48.8559;2.35022;48.8678;2.31588;48.8439;2.38454;14
21:45:38.307;48.8559;2.35022;48.8678;2.31588;48.8439;2.38454;14
21:45:38.429;48.8559;2.35022;48.8618;2.33305;48.8499;2.36738;15
21:45:38.429;48.8559;2.35022;48.8618;2.33305;48.8499;2.36738;15
21:45:38.599;48.8559;2.35022;48.8588;2.34163;48.8529;2.35879;16
21:45:38.599;48.8559;2.35022;48.8588;2.34163;48.8529;2.35879;16
21:45:38.870;48.8559;2.35015;48.8588;2.34157;48.8529;2.35873;16
21:45:38.911;48.8558;2.35007;48.8588;2.34148;48.8528;2.35864;16
21:45:38.911;48.8557;2.34989;48.8587;2.34131;48.8527;2.35847;16
21:45:39.996;48.8551;2.34854;48.858;2.33996;48.8521;2.35712;16
21:45:40.021;48.8548;2.34801;48.8578;2.33942;48.8518;2.35658;16
21:45:40.474;48.8548;2.34801;48.8578;2.33942;48.8518;2.35658;16
21:45:40.541;48.8548;2.34796;48.8578;2.33938;48.8518;2.35654;16
21:45:40.565;48.8548;2.34794;48.8577;2.33936;48.8518;2.35652;16
21:45:40.588;48.8547;2.34786;48.8577;2.33927;48.8518;2.35643;16
21:45:40.610;48.8547;2.34781;48.8577;2.33923;48.8517;2.35639;16
21:45:40.632;48.8547;2.34773;48.8577;2.33914;48.8517;2.3563;16
21:45:40.655;48.8547;2.34768;48.8577;2.3391;48.8517;2.35626;16
21:45:40.678;48.8547;2.34766;48.8577;2.33908;48.8517;2.35624;16
21:45:46.590;48.8547;2.34768;48.8577;2.3391;48.8517;2.35626;16
21:45:46.639;48.8547;2.34771;48.8577;2.33912;48.8517;2.35628;16
21:45:46.639;48.8547;2.34773;48.8577;2.33914;48.8517;2.3563;16
21:45:46.676;48.8547;2.34775;48.8577;2.33917;48.8517;2.35633;16
21:45:46.676;48.8547;2.34777;48.8577;2.33919;48.8517;2.35635;16
21:45:46.735;48.8547;2.34779;48.8577;2.33921;48.8518;2.35637;16
21:45:46.907;48.8547;2.34779;48.8577;2.33921;48.8517;2.35637;16
21:45:46.946;48.8547;2.34779;48.8577;2.33921;48.8517;2.35637;16
21:45:46.946;48.8547;2.34779;48.8577;2.33921;48.8517;2.35637;16
21:45:47.003;48.8546;2.34777;48.8576;2.33919;48.8517;2.35635;16
21:45:47.003;48.8546;2.34777;48.8576;2.33919;48.8516;2.35635;16
21:45:47.041;48.8546;2.34777;48.8576;2.33919;48.8516;2.35635;16
21:45:47.041;48.8546;2.34777;48.8576;2.33919;48.8516;2.35635;16
21:45:47.053;48.8545;2.34779;48.8575;2.33921;48.8516;2.35637;16
21:45:47.143;48.8545;2.34781;48.8575;2.33923;48.8516;2.35639;16
21:45:53.543;48.8545;2.34783;48.8575;2.33925;48.8516;2.35641;16
21:45:53.592;48.8545;2.34786;48.8575;2.33927;48.8516;2.35643;16
21:45:53.592;48.8545;2.34788;48.8575;2.33929;48.8516;2.35645;16
21:45:53.620;48.8545;2.34792;48.8575;2.33934;48.8516;2.3565;16
21:45:53.675;48.8546;2.34794;48.8576;2.33936;48.8516;2.35652;16
21:45:53.742;48.8546;2.34794;48.8576;2.33936;48.8516;2.35652;16
21:45:53.793;48.8546;2.34794;48.8576;2.33936;48.8516;2.35652;16
21:45:54.093;48.8546;2.34794;48.8576;2.33936;48.8516;2.35652;16
21:45:54.261;48.8546;2.34794;48.8576;2.33936;48.8516;2.35652;16
21:45:54.378;48.8546;2.34792;48.8576;2.33934;48.8516;2.3565;16
21:45:54.413;48.8545;2.34792;48.8575;2.33934;48.8516;2.3565;16
21:45:54.480;48.8545;2.34788;48.8575;2.33929;48.8516;2.35645;16
21:45:54.663;48.8545;2.34786;48.8575;2.33927;48.8516;2.35643;16
21:45:54.746;48.8545;2.34783;48.8575;2.33925;48.8516;2.35641;16
21:45:54.813;48.8545;2.34781;48.8575;2.33923;48.8516;2.35639;16
21:45:54.945;48.8545;2.34777;48.8575;2.33919;48.8516;2.35635;16
21:45:55.096;48.8545;2.34775;48.8575;2.33917;48.8516;2.35633;16
21:45:55.264;48.8546;2.34775;48.8576;2.33917;48.8516;2.35633;16
21:45:55.298;48.8546;2.34775;48.8576;2.33917;48.8516;2.35633;16
21:45:55.347;48.8546;2.34775;48.8576;2.33917;48.8516;2.35633;16
21:45:55.397;48.8546;2.34773;48.8576;2.33914;48.8516;2.3563;16
21:45:56.049;48.8546;2.34771;48.8576;2.33912;48.8516;2.35628;16
21:45:56.085;48.8546;2.34766;48.8576;2.33908;48.8516;2.35624;16
21:45:56.085;48.8546;2.34764;48.8576;2.33906;48.8516;2.35622;16
21:45:56.134;48.8546;2.34762;48.8576;2.33904;48.8516;2.3562;16
21:45:56.134;48.8546;2.3476;48.8576;2.33902;48.8516;2.35618;16
21:45:56.200;48.8546;2.34758;48.8576;2.33899;48.8516;2.35615;16
21:45:56.237;48.8546;2.34756;48.8576;2.33897;48.8516;2.35613;16
21:45:58.060;48.8583;2.36446;48.8613;2.35588;48.8553;2.37304;16
21:46:00.019;48.8583;2.36451;48.8613;2.35592;48.8553;2.37308;16
21:46:00.029;48.8583;2.36455;48.8613;2.35597;48.8553;2.37313;16
21:46:00.029;48.8583;2.36457;48.8613;2.35599;48.8553;2.37315;16
21:46:00.074;48.8583;2.36459;48.8613;2.35601;48.8553;2.37317;16
21:46:00.074;48.8583;2.36464;48.8613;2.35605;48.8553;2.37321;16
21:46:00.099;48.8583;2.36466;48.8613;2.35607;48.8553;2.37323;16
21:46:00.099;48.8583;2.36468;48.8613;2.3561;48.8553;2.37326;16
21:46:00.424;48.8583;2.36468;48.8613;2.3561;48.8553;2.37326;16
21:46:00.459;48.8583;2.36466;48.8613;2.35607;48.8553;2.37323;16
21:46:00.488;48.8583;2.36464;48.8613;2.35605;48.8553;2.37321;16
21:46:11.392;48.8583;2.36459;48.8613;2.35601;48.8553;2.37317;16
21:46:13.290;48.8547;2.34661;48.8577;2.33803;48.8517;2.35519;16
21:46:14.148;48.8547;2.34663;48.8577;2.33805;48.8517;2.35521;16
21:46:14.188;48.8547;2.34665;48.8577;2.33807;48.8517;2.35523;16
21:46:17.910;48.8547;2.34665;48.8607;2.32949;48.8488;2.36381;15
21:46:17.910;48.8547;2.34665;48.8607;2.32949;48.8488;2.36381;15
21:46:18.028;48.8547;2.34665;48.8667;2.31232;48.8428;2.38098;14
21:46:18.028;48.8547;2.34665;48.8667;2.31232;48.8428;2.38098;14
21:46:18.196;48.8547;2.34665;48.8786;2.27799;48.8308;2.41531;13
21:46:18.196;48.8547;2.34665;48.8786;2.27799;48.8308;2.41531;13
21:46:19.942;48.8547;2.34683;48.8786;2.27816;48.8308;2.41548;13
21:46:20.114;48.8547;2.347;48.8786;2.27833;48.8308;2.41566;13
21:46:20.181;48.8547;2.34717;48.8786;2.2785;48.8308;2.41583;13
21:46:20.347;48.8548;2.34717;48.8787;2.2785;48.831;2.41583;13
21:46:20.449;48.855;2.347;48.8788;2.27833;48.8311;2.41566;13
21:46:20.471;48.855;2.34683;48.8788;2.27816;48.8311;2.41548;13
21:46:20.524;48.855;2.34665;48.8788;2.27799;48.8311;2.41531;13
21:46:20.524;48.855;2.34648;48.8788;2.27782;48.8311;2.41514;13
21:46:20.544;48.855;2.34631;48.8788;2.27765;48.8311;2.41497;13
21:46:20.601;48.855;2.34614;48.8788;2.27747;48.8311;2.4148;13
21:46:20.638;48.855;2.34597;48.8788;2.2773;48.8311;2.41463;13
21:46:20.733;48.8548;2.34597;48.8787;2.2773;48.831;2.41463;13
21:46:20.784;48.8548;2.3458;48.8787;2.27713;48.831;2.41445;13
21:46:20.802;48.8547;2.3458;48.8786;2.27713;48.8308;2.41445;13
21:46:20.866;48.8546;2.3458;48.8785;2.27713;48.8307;2.41445;13
21:46:20.935;48.8546;2.34614;48.8785;2.27747;48.8307;2.4148;13
21:46:21.017;48.8546;2.34631;48.8785;2.27765;48.8307;2.41497;13
21:46:21.070;48.8546;2.34648;48.8785;2.27782;48.8307;2.41514;13
21:46:21.071;48.8546;2.34665;48.8785;2.27799;48.8307;2.41531;13
21:46:22.605;48.8546;2.34614;48.8785;2.27747;48.8307;2.4148;13
21:46:22.771;48.8545;2.34614;48.8784;2.27747;48.8306;2.4148;13
21:46:22.807;48.8543;2.34614;48.8782;2.27747;48.8304;2.4148;13
21:46:22.845;48.8542;2.34614;48.8781;2.27747;48.8303;2.4148;13
21:46:22.884;48.854;2.34614;48.8779;2.27747;48.8302;2.4148;13
21:46:22.917;48.8539;2.34597;48.8778;2.2773;48.8301;2.41463;13
21:46:23.022;48.8539;2.34614;48.8778;2.27747;48.8301;2.4148;13
21:46:23.022;48.8539;2.34631;48.8778;2.27765;48.8301;2.41497;13
21:46:23.078;48.854;2.34648;48.8779;2.27782;48.8302;2.41514;13
21:46:23.078;48.854;2.34665;48.8779;2.27799;48.8302;2.41531;13
21:46:23.094;48.8542;2.34683;48.8781;2.27816;48.8303;2.41548;13
21:46:23.374;48.8543;2.34683;48.8782;2.27816;48.8304;2.41548;13
21:46:24.762;48.9548;2.34648;48.9786;2.27782;48.9309;2.41514;13
21:46:24.989;48.9549;2.34665;48.9787;2.27799;48.931;2.41531;13
21:46:25.017;48.955;2.34683;48.9788;2.27816;48.9311;2.41548;13
21:46:25.044;48.9552;2.34717;48.979;2.2785;48.9314;2.41583;13
21:46:25.091;48.9552;2.34734;48.979;2.27868;48.9314;2.416;13
21:46:25.122;48.9553;2.34734;48.9792;2.27868;48.9315;2.416;13
21:46:25.375;48.9553;2.34717;48.9792;2.2785;48.9315;2.41583;13
