20:52:46.648;48.8556;2.34798;49.0464;1.79867;48.6642;2.8973;10
20:52:46.679;48.8556;2.3521;49.0464;1.80279;48.6642;2.90142;10
20:52:46.710;48.8556;2.36172;49.0464;1.8124;48.6642;2.91103;10
20:52:46.726;48.8556;2.37133;49.0464;1.82201;48.6642;2.92064;10
20:52:46.742;48.8556;2.37957;49.0464;1.83025;48.6642;2.92888;10
20:52:46.757;48.8556;2.38506;49.0464;1.83575;48.6642;2.93437;10
20:52:46.773;48.8556;2.38644;49.0464;1.83712;48.6642;2.93575;10
20:52:46.820;48.8565;2.38781;49.0473;1.83849;48.6651;2.93712;10
20:52:46.851;48.8574;2.38781;49.0482;1.83849;48.666;2.93712;10
20:52:46.851;48.8583;2.38781;49.0491;1.83849;48.6669;2.93712;10
20:52:46.882;48.8592;2.38781;49.05;1.83849;48.6678;2.93712;10
20:52:47.210;48.8592;2.38644;49.05;1.83712;48.6678;2.93575;10
20:52:47.225;48.8583;2.38369;49.0491;1.83437;48.6669;2.933;10
20:52:47.256;48.8574;2.38094;49.0482;1.83163;48.666;2.93025;10
20:52:47.256;48.8574;2.3782;49.0482;1.82888;48.666;2.92751;10
20:52:47.288;48.8565;2.37545;49.0473;1.82613;48.6651;2.92476;10
20:52:47.475;48.8565;2.37408;49.0473;1.82476;48.6651;2.92339;10
20:52:47.662;48.8556;2.3727;49.0464;1.82339;48.6642;2.92201;10
20:52:51.203;48.8556;2.37408;49.0464;1.82476;48.6642;2.92339;10
20:52:51.234;48.8556;2.38094;49.0464;1.83163;48.6642;2.93025;10
20:52:51.265;48.8556;2.39056;49.0464;1.84124;48.6642;2.93987;10
20:52:51.265;48.8556;2.40017;49.0464;1.85085;48.6642;2.94948;10
20:52:51.281;48.8538;2.41116;49.0446;1.86184;48.6623;2.96047;10
20:52:51.281;48.8529;2.41802;49.0437;1.86871;48.6614;2.96733;10
20:52:51.312;48.8529;2.42077;49.0437;1.87145;48.6614;2.97008;10
20:52:51.328;48.8529;2.42214;49.0437;1.87283;48.6614;2.97145;10
20:52:51.375;48.8529;2.42352;49.0437;1.8742;48.6614;2.97283;10
20:52:51.546;48.8538;2.42352;49.0446;1.8742;48.6623;2.97283;10
20:52:51.609;48.8547;2.42352;49.0455;1.8742;48.6632;2.97283;10
20:52:51.640;48.8556;2.42214;49.0464;1.87283;48.6642;2.97145;10
20:52:51.640;48.8565;2.42214;49.0473;1.87283;48.6651;2.97145;10
20:52:53.028;48.8565;2.42214;49.2373;1.32351;48.4729;3.52077;9
20:52:54.760;48.8583;2.42489;49.2391;1.32626;48.4747;3.52352;9
20:52:54.791;48.8583;2.42764;49.2391;1.329;48.4747;3.52626;9
20:52:54.791;48.8565;2.44137;49.2373;1.34274;48.4729;3.54;9
20:52:54.838;48.8529;2.4551;49.2337;1.35647;48.4692;3.55373;9
20:52:54.838;48.8493;2.46883;49.2301;1.3702;48.4656;3.56746;9
20:52:54.853;48.8475;2.47982;49.2283;1.38119;48.4638;3.57845;9
20:52:54.853;48.8457;2.49355;49.2265;1.39492;48.4619;3.59218;9
20:52:54.900;48.8439;2.50454;49.2247;1.40591;48.4601;3.60317;9
20:52:54.900;48.8439;2.50729;49.2247;1.40865;48.4601;3.60591;9
20:52:55.072;48.8439;2.50454;49.2247;1.40591;48.4601;3.60317;9
20:52:55.103;48.8457;2.50179;49.2265;1.40316;48.4619;3.60042;9
20:52:55.134;48.8529;2.4963;49.2337;1.39767;48.4692;3.59493;9
20:52:55.243;48.8529;2.49355;49.2337;1.39492;48.4692;3.59218;9
20:52:55.275;48.8529;2.48806;49.2337;1.38943;48.4692;3.58669;9
20:52:55.290;48.8511;2.47982;49.2319;1.38119;48.4674;3.57845;9
20:52:55.290;48.8511;2.46883;49.2319;1.3702;48.4674;3.56746;9
20:52:55.337;48.8511;2.46334;49.2319;1.36471;48.4674;3.56197;9
20:52:57.911;48.8511;2.46334;49.0419;1.91402;48.6596;3.01265;10
20:52:58.285;48.8511;2.46334;48.9466;2.18868;48.7555;2.73799;11
20:52:58.316;48.8511;2.46334;48.8989;2.32601;48.8033;2.60066;12
20:53:00.266;48.8509;2.46334;48.8986;2.32601;48.8031;2.60066;12
20:53:00.298;48.8507;2.46334;48.8984;2.32601;48.8028;2.60066;12
20:53:00.329;48.8502;2.46403;48.898;2.3267;48.8024;2.60135;12
20:53:00.329;48.85;2.46437;48.8977;2.32704;48.8022;2.60169;12
20:53:00.360;48.8498;2.46471;48.8975;2.32738;48.8019;2.60204;12
20:53:00.360;48.8495;2.46506;48.8973;2.32773;48.8017;2.60238;12
20:53:00.688;48.85;2.4654;48.8977;2.32807;48.8022;2.60272;12
20:53:00.734;48.8504;2.4654;48.8982;2.32807;48.8026;2.60272;12
20:53:00.734;48.8509;2.4654;48.8986;2.32807;48.8031;2.60272;12
20:53:00.750;48.8516;2.4654;48.8993;2.32807;48.8037;2.60272;12
20:53:00.766;48.852;2.4654;48.8998;2.32807;48.8042;2.60272;12
20:53:00.766;48.8525;2.4654;48.9002;2.32807;48.8047;2.60272;12
20:53:00.812;48.8527;2.46506;48.9004;2.32773;48.8049;2.60238;12
20:53:00.875;48.8529;2.46506;48.9007;2.32773;48.8051;2.60238;12
20:53:01.046;48.8527;2.46471;48.9004;2.32738;48.8049;2.60204;12
20:53:07.193;48.8529;2.46471;48.9007;2.32738;48.8051;2.60204;12
20:53:07.224;48.8531;2.46506;48.9009;2.32773;48.8053;2.60238;12
20:53:07.271;48.8529;2.4678;48.9007;2.33047;48.8051;2.60513;12
20:53:07.271;48.8525;2.47227;48.9002;2.33494;48.8047;2.60959;12
20:53:07.286;48.8507;2.48394;48.8984;2.34661;48.8028;2.62126;12
20:53:07.317;48.8498;2.48737;48.8975;2.35004;48.8019;2.6247;12
20:53:07.349;48.8493;2.48909;48.897;2.35176;48.8015;2.62641;12
20:53:07.349;48.8491;2.48909;48.8968;2.35176;48.8013;2.62641;12
20:53:07.442;48.8493;2.4884;48.897;2.35107;48.8015;2.62573;12
20:53:07.473;48.8498;2.48703;48.8975;2.3497;48.8019;2.62435;12
20:53:07.505;48.8507;2.48531;48.8984;2.34798;48.8028;2.62264;12
20:53:07.505;48.8518;2.48257;48.8995;2.34524;48.804;2.61989;12
20:53:07.536;48.8527;2.48016;48.9004;2.34283;48.8049;2.61749;12
20:53:07.536;48.8536;2.47845;48.9013;2.34112;48.8058;2.61577;12
20:53:07.551;48.854;2.47707;48.9018;2.33974;48.8062;2.6144;12
20:53:07.567;48.8545;2.47673;48.9022;2.3394;48.8067;2.61405;12
20:53:07.583;48.8547;2.47673;48.9025;2.3394;48.8069;2.61405;12
20:53:07.645;48.8545;2.47673;48.9022;2.3394;48.8067;2.61405;12
20:53:07.676;48.8538;2.47742;48.9016;2.34009;48.806;2.61474;12
20:53:07.707;48.852;2.47879;48.8998;2.34146;48.8042;2.61611;12
20:53:07.707;48.8495;2.47982;48.8973;2.34249;48.8017;2.61714;12
20:53:07.739;48.8466;2.48051;48.8943;2.34318;48.7988;2.61783;12
20:53:07.739;48.8418;2.48119;48.8896;2.34386;48.794;2.61852;12
20:53:07.770;48.8389;2.48119;48.8867;2.34386;48.7911;2.61852;12
20:53:07.770;48.8385;2.48119;48.8862;2.34386;48.7906;2.61852;12
20:53:07.832;48.8387;2.48119;48.8864;2.34386;48.7909;2.61852;12
20:53:07.848;48.8396;2.48119;48.8873;2.34386;48.7918;2.61852;12
20:53:07.879;48.8405;2.48119;48.8882;2.34386;48.7927;2.61852;12
20:53:07.879;48.8416;2.48119;48.8894;2.34386;48.7938;2.61852;12
20:53:07.926;48.8425;2.48051;48.8903;2.34318;48.7947;2.61783;12
20:53:07.926;48.8432;2.47982;48.891;2.34249;48.7954;2.61714;12
20:53:07.957;48.8441;2.47913;48.8919;2.3418;48.7963;2.61646;12
20:53:07.957;48.8443;2.47879;48.8921;2.34146;48.7965;2.61611;12
20:53:07.973;48.8446;2.47845;48.8923;2.34112;48.7967;2.61577;12
20:53:09.049;48.8448;2.47879;48.8925;2.34146;48.797;2.61611;12
20:53:09.065;48.8446;2.47948;48.8923;2.34215;48.7967;2.6168;12
20:53:09.096;48.8443;2.48119;48.8921;2.34386;48.7965;2.61852;12
20:53:09.096;48.8434;2.48291;48.8912;2.34558;48.7956;2.62023;12
20:53:09.127;48.843;2.48394;48.8907;2.34661;48.7952;2.62126;12
20:53:09.127;48.8427;2.48428;48.8905;2.34695;48.7949;2.62161;12
20:53:10.749;48.8423;2.48428;48.8901;2.34695;48.7945;2.62161;12
20:53:10.749;48.8414;2.48497;48.8891;2.34764;48.7936;2.62229;12
20:53:10.781;48.8403;2.48634;48.888;2.34901;48.7924;2.62367;12
20:53:10.796;48.838;2.48943;48.8858;2.3521;48.7902;2.62676;12
20:53:10.827;48.8371;2.49081;48.8849;2.35348;48.7893;2.62813;12
20:53:10.843;48.8364;2.49149;48.8842;2.35416;48.7886;2.62882;12
20:53:10.859;48.836;2.49184;48.8837;2.35451;48.7882;2.62916;12
20:53:10.874;48.8357;2.49184;48.8835;2.35451;48.7879;2.62916;12
20:53:10.890;48.8355;2.49184;48.8833;2.35451;48.7877;2.62916;12
20:53:11.015;48.8357;2.49184;48.8835;2.35451;48.7879;2.62916;12
20:53:11.046;48.8366;2.49046;48.8844;2.35313;48.7888;2.62779;12
20:53:11.077;48.8376;2.48806;48.8853;2.35073;48.7897;2.62538;12
20:53:11.077;48.8387;2.48531;48.8864;2.34798;48.7909;2.62264;12
20:53:11.280;48.8387;2.48566;48.8864;2.34833;48.7909;2.62298;12
20:53:11.311;48.8385;2.48634;48.8862;2.34901;48.7906;2.62367;12
20:53:11.311;48.8376;2.48772;48.8853;2.35039;48.7897;2.62504;12
20:53:11.342;48.8355;2.49046;48.8833;2.35313;48.7877;2.62779;12
20:53:11.342;48.8326;2.4939;48.8803;2.35657;48.7848;2.63122;12
20:53:11.373;48.831;2.49596;48.8788;2.35863;48.7832;2.63328;12
20:53:11.389;48.8296;2.49802;48.8774;2.36069;48.7818;2.63534;12
20:53:11.420;48.8294;2.49802;48.8772;2.36069;48.7816;2.63534;12
20:53:11.420;48.8292;2.49802;48.877;2.36069;48.7814;2.63534;12
20:53:11.670;48.8301;2.49733;48.8779;2.36;48.7823;2.63465;12
20:53:11.716;48.831;2.49699;48.8788;2.35966;48.7832;2.63431;12
20:53:11.716;48.8319;2.49664;48.8797;2.35931;48.7841;2.63397;12
20:53:11.748;48.8328;2.4963;48.8806;2.35897;48.785;2.63362;12
20:53:11.748;48.8332;2.4963;48.881;2.35897;48.7854;2.63362;12
20:53:11.794;48.8357;2.49527;48.8835;2.35794;48.7879;2.63259;12
20:53:11.794;48.8369;2.49493;48.8846;2.3576;48.7891;2.63225;12
20:53:11.810;48.838;2.49458;48.8858;2.35725;48.7902;2.63191;12
20:53:11.826;48.8396;2.49355;48.8873;2.35622;48.7918;2.63088;12
20:53:11.857;48.84;2.49355;48.8878;2.35622;48.7922;2.63088;12
20:53:12.855;48.8396;2.4939;48.8873;2.35657;48.7918;2.63122;12
20:53:12.886;48.8385;2.49561;48.8862;2.35828;48.7906;2.63294;12
20:53:12.886;48.8369;2.49767;48.8846;2.36034;48.7891;2.635;12
20:53:12.933;48.836;2.49905;48.8837;2.36172;48.7882;2.63637;12
20:53:12.933;48.8346;2.50076;48.8824;2.36343;48.7868;2.63809;12
20:53:12.980;48.833;2.50248;48.8808;2.36515;48.7852;2.6398;12
20:53:13.027;48.833;2.50145;48.8808;2.36412;48.7852;2.63877;12
20:53:13.058;48.8342;2.4987;48.8819;2.36137;48.7863;2.63603;12
20:53:13.058;48.8357;2.49527;48.8835;2.35794;48.7879;2.63259;12
20:53:13.074;48.8376;2.49081;48.8853;2.35348;48.7897;2.62813;12
20:53:13.105;48.8391;2.48737;48.8869;2.35004;48.7913;2.6247;12
20:53:13.105;48.8398;2.486;48.8876;2.34867;48.792;2.62332;12
20:53:13.136;48.84;2.48566;48.8878;2.34833;48.7922;2.62298;12
20:53:13.167;48.8403;2.486;48.888;2.34867;48.7924;2.62332;12
20:53:13.198;48.8405;2.48703;48.8882;2.3497;48.7927;2.62435;12
20:53:13.198;48.8405;2.48875;48.8882;2.35142;48.7927;2.62607;12
20:53:13.214;48.8405;2.49149;48.8882;2.35416;48.7927;2.62882;12
20:53:13.230;48.8405;2.49527;48.8882;2.35794;48.7927;2.63259;12
20:53:13.245;48.8405;2.49802;48.8882;2.36069;48.7927;2.63534;12
20:53:13.261;48.8407;2.4987;48.8885;2.36137;48.7929;2.63603;12
20:53:13.354;48.84;2.4987;48.8878;2.36137;48.7922;2.63603;12
20:53:13.386;48.8385;2.49802;48.8862;2.36069;48.7906;2.63534;12
20:53:13.573;48.8382;2.49836;48.886;2.36103;48.7904;2.63568;12
20:53:13.604;48.838;2.49767;48.8858;2.36034;48.7902;2.635;12
20:53:13.604;48.838;2.49596;48.8858;2.35863;48.7902;2.63328;12
20:53:13.635;48.838;2.49287;48.8858;2.35554;48.7902;2.63019;12
20:53:13.666;48.8382;2.4884;48.886;2.35107;48.7904;2.62573;12
20:53:13.666;48.8398;2.48291;48.8876;2.34558;48.792;2.62023;12
20:53:13.713;48.8421;2.47707;48.8898;2.33974;48.7943;2.6144;12
20:53:13.713;48.8443;2.47295;48.8921;2.33562;48.7965;2.61028;12
20:53:13.744;48.8461;2.46952;48.8939;2.33219;48.7983;2.60684;12
20:53:13.744;48.8473;2.4678;48.895;2.33047;48.7995;2.60513;12
20:53:13.760;48.8477;2.46712;48.8955;2.32979;48.7999;2.60444;12
20:53:14.368;48.8477;2.46849;48.8955;2.33116;48.7999;2.60581;12
20:53:14.400;48.8477;2.47055;48.8955;2.33322;48.7999;2.60787;12
20:53:14.400;48.8477;2.4733;48.8955;2.33597;48.7999;2.61062;12
20:53:14.415;48.8477;2.4757;48.8955;2.33837;48.7999;2.61302;12
20:53:14.431;48.8479;2.47639;48.8957;2.33906;48.8001;2.61371;12
20:53:14.446;48.8479;2.47707;48.8957;2.33974;48.8001;2.6144;12
20:53:14.493;48.8482;2.47742;48.8959;2.34009;48.8004;2.61474;12
20:53:14.524;48.8486;2.47742;48.8964;2.34009;48.8008;2.61474;12
20:53:14.556;48.8495;2.47742;48.8973;2.34009;48.8017;2.61474;12
20:53:14.556;48.85;2.47742;48.8977;2.34009;48.8022;2.61474;12
20:53:14.571;48.8504;2.47742;48.8982;2.34009;48.8026;2.61474;12
20:53:14.836;48.8502;2.47776;48.898;2.34043;48.8024;2.61508;12
20:53:14.883;48.85;2.4781;48.8977;2.34077;48.8022;2.61543;12
20:53:14.914;48.8495;2.47982;48.8973;2.34249;48.8017;2.61714;12
20:53:14.914;48.8491;2.48222;48.8968;2.34489;48.8013;2.61955;12
20:53:14.946;48.8486;2.48531;48.8964;2.34798;48.8008;2.62264;12
20:53:14.977;48.8484;2.48909;48.8961;2.35176;48.8006;2.62641;12
20:53:14.977;48.8484;2.49218;48.8961;2.35485;48.8006;2.6295;12
20:53:15.008;48.8486;2.49458;48.8964;2.35725;48.8008;2.63191;12
20:53:15.008;48.8493;2.49664;48.897;2.35931;48.8015;2.63397;12
20:53:15.024;48.8502;2.49733;48.898;2.36;48.8024;2.63465;12
20:53:15.039;48.8513;2.49802;48.8991;2.36069;48.8035;2.63534;12
20:53:15.070;48.8525;2.49836;48.9002;2.36103;48.8047;2.63568;12
20:53:15.070;48.8538;2.49836;48.9016;2.36103;48.806;2.63568;12
20:53:15.102;48.8554;2.49836;48.9031;2.36103;48.8076;2.63568;12
20:53:15.102;48.857;2.49836;48.9047;2.36103;48.8092;2.63568;12
20:53:15.133;48.8586;2.49767;48.9063;2.36034;48.8108;2.635;12
20:53:15.133;48.8604;2.49664;48.9081;2.35931;48.8126;2.63397;12
20:53:15.148;48.8622;2.49493;48.9099;2.3576;48.8144;2.63225;12
20:53:15.164;48.864;2.49252;48.9117;2.35519;48.8162;2.62985;12
20:53:15.180;48.8651;2.49081;48.9128;2.35348;48.8173;2.62813;12
20:53:15.195;48.8662;2.48909;48.914;2.35176;48.8185;2.62641;12
20:53:15.211;48.8674;2.48737;48.9151;2.35004;48.8196;2.6247;12
20:53:15.226;48.868;2.48566;48.9158;2.34833;48.8203;2.62298;12
20:53:15.242;48.8689;2.48394;48.9167;2.34661;48.8212;2.62126;12
20:53:15.258;48.8694;2.48222;48.9171;2.34489;48.8216;2.61955;12
20:53:15.273;48.8696;2.47982;48.9174;2.34249;48.8218;2.61714;12
20:53:15.304;48.8699;2.47707;48.9176;2.33974;48.8221;2.6144;12
20:53:15.320;48.8699;2.47433;48.9176;2.337;48.8221;2.61165;12
20:53:15.336;48.8699;2.47158;48.9176;2.33425;48.8221;2.6089;12
20:53:15.351;48.8699;2.46986;48.9176;2.33253;48.8221;2.60719;12
20:53:15.367;48.8699;2.46746;48.9176;2.33013;48.8221;2.60478;12
20:53:15.382;48.8699;2.46471;48.9176;2.32738;48.8221;2.60204;12
20:53:15.398;48.8699;2.46231;48.9176;2.32498;48.8221;2.59963;12
20:53:15.414;48.8699;2.46025;48.9176;2.32292;48.8221;2.59757;12
20:53:15.429;48.8696;2.45888;48.9174;2.32155;48.8218;2.5962;12
20:53:15.445;48.8696;2.45819;48.9174;2.32086;48.8218;2.59551;12
20:53:15.460;48.8696;2.45785;48.9174;2.32052;48.8218;2.59517;12
20:53:15.476;48.8694;2.45716;48.9171;2.31983;48.8216;2.59448;12
20:53:15.507;48.8692;2.45647;48.9169;2.31915;48.8214;2.5938;12
20:53:15.523;48.868;2.45476;48.9158;2.31743;48.8203;2.59208;12
20:53:15.538;48.8669;2.45304;48.9147;2.31571;48.8191;2.59036;12
20:53:15.554;48.8653;2.45064;48.9131;2.31331;48.8176;2.58796;12
20:53:15.570;48.8644;2.44892;48.9122;2.31159;48.8166;2.58624;12
20:53:15.585;48.8638;2.44823;48.9115;2.31091;48.816;2.58556;12
20:53:15.601;48.8635;2.44789;48.9113;2.31056;48.8157;2.58521;12
20:53:15.616;48.8633;2.44755;48.911;2.31022;48.8155;2.58487;12
20:53:15.632;48.8631;2.44755;48.9108;2.31022;48.8153;2.58487;12
20:53:15.648;48.8624;2.44686;48.9101;2.30953;48.8146;2.58419;12
20:53:15.679;48.8615;2.44549;48.9092;2.30816;48.8137;2.58281;12
20:53:15.694;48.861;2.4448;48.9088;2.30747;48.8133;2.58213;12
20:53:15.710;48.8608;2.44446;48.9086;2.30713;48.813;2.58178;12
20:53:15.741;48.8606;2.44377;48.9083;2.30644;48.8128;2.5811;12
20:53:15.757;48.8601;2.44308;48.9079;2.30576;48.8124;2.58041;12
20:53:15.772;48.8592;2.4424;48.907;2.30507;48.8114;2.57972;12
20:53:15.788;48.8583;2.44068;48.9061;2.30335;48.8105;2.57801;12
20:53:15.804;48.8574;2.43999;48.9052;2.30267;48.8096;2.57732;12
20:53:15.819;48.8572;2.43965;48.9049;2.30232;48.8094;2.57698;12
20:53:15.835;48.857;2.43931;48.9047;2.30198;48.8092;2.57663;12
20:53:15.850;48.8568;2.43931;48.9045;2.30198;48.809;2.57663;12
20:53:15.866;48.8563;2.43896;48.904;2.30164;48.8085;2.57629;12
20:53:15.882;48.8552;2.43862;48.9029;2.30129;48.8074;2.57595;12
20:53:15.897;48.8538;2.43793;48.9016;2.30061;48.806;2.57526;12
20:53:15.928;48.8534;2.43759;48.9011;2.30026;48.8056;2.57492;12
20:53:15.928;48.8529;2.43759;48.9007;2.30026;48.8051;2.57492;12
20:53:15.944;48.8525;2.43725;48.9002;2.29992;48.8047;2.57457;12
20:53:15.960;48.8516;2.43656;48.8993;2.29923;48.8037;2.57389;12
20:53:15.975;48.8504;2.43587;48.8982;2.29855;48.8026;2.5732;12
20:53:15.991;48.8491;2.4345;48.8968;2.29717;48.8013;2.57183;12
20:53:16.022;48.8479;2.43382;48.8957;2.29649;48.8001;2.57114;12
20:53:16.038;48.8468;2.43244;48.8946;2.29511;48.799;2.56977;12
20:53:16.053;48.8459;2.43176;48.8937;2.29443;48.7981;2.56908;12
20:53:16.069;48.8455;2.43107;48.8932;2.29374;48.7976;2.56839;12
20:53:16.084;48.8452;2.43073;48.893;2.2934;48.7974;2.56805;12
20:53:16.100;48.8452;2.43038;48.893;2.29305;48.7974;2.56771;12
20:53:16.178;48.8455;2.43038;48.8932;2.29305;48.7976;2.56771;12
20:53:16.209;48.8459;2.43004;48.8937;2.29271;48.7981;2.56736;12
20:53:16.240;48.8464;2.4297;48.8941;2.29237;48.7985;2.56702;12
20:53:16.240;48.8468;2.4297;48.8946;2.29237;48.799;2.56702;12
20:53:16.287;48.8477;2.42935;48.8955;2.29202;48.7999;2.56668;12
20:53:16.287;48.8493;2.42935;48.897;2.29202;48.8015;2.56668;12
20:53:16.318;48.8498;2.42935;48.8975;2.29202;48.8019;2.56668;12
20:53:16.350;48.85;2.42935;48.8977;2.29202;48.8022;2.56668;12
20:53:16.350;48.8502;2.42935;48.898;2.29202;48.8024;2.56668;12
20:53:16.396;48.8507;2.42935;48.8984;2.29202;48.8028;2.56668;12
20:53:16.443;48.8511;2.42935;48.8989;2.29202;48.8033;2.56668;12
20:53:16.443;48.8516;2.42935;48.8993;2.29202;48.8037;2.56668;12
20:53:16.474;48.8518;2.42935;48.8995;2.29202;48.804;2.56668;12
20:53:16.506;48.852;2.42935;48.8998;2.29202;48.8042;2.56668;12
20:53:16.537;48.8522;2.4297;48.9;2.29237;48.8044;2.56702;12
20:53:16.537;48.8527;2.4297;48.9004;2.29237;48.8049;2.56702;12
20:53:16.584;48.8529;2.4297;48.9007;2.29237;48.8051;2.56702;12
20:53:16.584;48.8531;2.4297;48.9009;2.29237;48.8053;2.56702;12
20:53:16.740;48.8522;2.43141;48.9;2.29408;48.8044;2.56874;12
20:53:16.771;48.8511;2.43382;48.8989;2.29649;48.8033;2.57114;12
20:53:16.771;48.8502;2.43622;48.898;2.29889;48.8024;2.57354;12
20:53:16.802;48.85;2.43759;48.8977;2.30026;48.8022;2.57492;12
20:53:16.802;48.8495;2.43828;48.8973;2.30095;48.8017;2.5756;12
20:53:16.833;48.8495;2.43862;48.8973;2.30129;48.8017;2.57595;12
20:53:16.911;48.8495;2.43896;48.8973;2.30164;48.8017;2.57629;12
20:53:16.927;48.85;2.43965;48.8977;2.30232;48.8022;2.57698;12
20:53:16.958;48.8502;2.43999;48.898;2.30267;48.8024;2.57732;12
20:53:17.005;48.8507;2.44034;48.8984;2.30301;48.8028;2.57766;12
20:53:17.052;48.8507;2.44068;48.8984;2.30335;48.8028;2.57801;12
20:53:17.052;48.8509;2.44137;48.8986;2.30404;48.8031;2.57869;12
20:53:17.067;48.8509;2.44205;48.8986;2.30473;48.8031;2.57938;12
20:53:17.067;48.8511;2.4424;48.8989;2.30507;48.8033;2.57972;12
20:53:17.114;48.8513;2.44308;48.8991;2.30576;48.8035;2.58041;12
20:53:17.114;48.8513;2.44343;48.8991;2.3061;48.8035;2.58075;12
20:53:17.145;48.8513;2.44377;48.8991;2.30644;48.8035;2.5811;12
20:53:17.145;48.8516;2.44446;48.8993;2.30713;48.8037;2.58178;12
20:53:17.239;48.8525;2.44446;48.9002;2.30713;48.8047;2.58178;12
20:53:17.270;48.8534;2.44377;48.9011;2.30644;48.8056;2.5811;12
20:53:17.270;48.8543;2.44308;48.902;2.30576;48.8065;2.58041;12
20:53:17.301;48.8547;2.4424;48.9025;2.30507;48.8069;2.57972;12
20:53:17.301;48.8552;2.44171;48.9029;2.30438;48.8074;2.57904;12
20:53:17.332;48.8554;2.44137;48.9031;2.30404;48.8076;2.57869;12
20:53:17.332;48.8554;2.44102;48.9031;2.3037;48.8076;2.57835;12
20:53:17.410;48.8554;2.44034;48.9031;2.30301;48.8076;2.57766;12
20:53:17.442;48.8554;2.43965;48.9031;2.30232;48.8076;2.57698;12
20:53:17.442;48.8554;2.43896;48.9031;2.30164;48.8076;2.57629;12
20:53:17.488;48.8554;2.43759;48.9031;2.30026;48.8076;2.57492;12
20:53:17.488;48.8554;2.4369;48.9031;2.29958;48.8076;2.57423;12
20:53:17.754;48.8554;2.43622;48.9031;2.29889;48.8076;2.57354;12
20:53:17.785;48.8554;2.43484;48.9031;2.29752;48.8076;2.57217;12
20:53:17.816;48.8556;2.4321;48.9034;2.29477;48.8078;2.56942;12
20:53:17.816;48.8559;2.42867;48.9036;2.29134;48.808;2.56599;12
20:53:17.847;48.8561;2.42523;48.9038;2.2879;48.8083;2.56256;12
20:53:17.847;48.8563;2.42146;48.904;2.28413;48.8085;2.55878;12
20:53:17.878;48.8565;2.41802;48.9043;2.28069;48.8087;2.55535;12
20:53:17.878;48.8568;2.41562;48.9045;2.27829;48.809;2.55294;12
20:53:17.894;48.8568;2.4139;48.9045;2.27657;48.809;2.55123;12
20:53:17.925;48.857;2.41253;48.9047;2.2752;48.8092;2.54985;12
20:53:17.956;48.857;2.41219;48.9047;2.27486;48.8092;2.54951;12
20:53:19.984;48.857;2.41219;48.8809;2.34352;48.8331;2.48084;13
20:53:20.343;48.857;2.41201;48.8809;2.34335;48.8331;2.48067;13
20:53:20.343;48.857;2.41167;48.8809;2.34301;48.8331;2.48033;13
20:53:20.343;48.856;2.39124;48.8798;2.32258;48.8321;2.4599;13
20:53:20.374;48.856;2.3897;48.8798;2.32103;48.8321;2.45836;13
20:53:20.390;48.856;2.38884;48.8798;2.32018;48.8321;2.4575;13
20:53:20.421;48.856;2.38798;48.8798;2.31932;48.8321;2.45664;13
20:53:20.437;48.856;2.38729;48.8798;2.31863;48.8321;2.45595;13
20:53:20.468;48.856;2.38695;48.8798;2.31829;48.8321;2.45561;13
20:53:20.780;48.856;2.38661;48.8798;2.31794;48.8321;2.45527;13
20:53:20.811;48.856;2.38523;48.8798;2.31657;48.8321;2.45389;13
20:53:20.827;48.856;2.38283;48.8798;2.31417;48.8321;2.45149;13
20:53:20.842;48.8559;2.38008;48.8797;2.31142;48.832;2.44874;13
20:53:20.858;48.8557;2.37717;48.8796;2.3085;48.8318;2.44583;13
20:53:20.873;48.8557;2.37442;48.8796;2.30576;48.8318;2.44308;13
20:53:20.889;48.8557;2.3727;48.8796;2.30404;48.8318;2.44136;13
20:53:20.905;48.8557;2.37133;48.8796;2.30267;48.8318;2.43999;13
20:53:20.920;48.8557;2.37047;48.8796;2.30181;48.8318;2.43913;13
20:53:20.936;48.8557;2.36961;48.8796;2.30095;48.8318;2.43827;13
20:53:20.951;48.8557;2.36876;48.8796;2.30009;48.8318;2.43741;13
20:53:20.967;48.8556;2.36807;48.8795;2.2994;48.8317;2.43673;13
20:53:21.279;48.8556;2.36755;48.8795;2.29889;48.8317;2.43621;13
20:53:21.310;48.8556;2.36601;48.8795;2.29734;48.8317;2.43467;13
20:53:21.341;48.8555;2.36361;48.8794;2.29494;48.8316;2.43226;13
20:53:21.341;48.8555;2.36017;48.8794;2.29151;48.8316;2.42883;13
20:53:21.373;48.8555;2.35777;48.8794;2.2891;48.8316;2.42643;13
20:53:21.373;48.8555;2.35485;48.8794;2.28619;48.8316;2.42351;13
20:53:21.404;48.8555;2.35262;48.8794;2.28395;48.8316;2.42128;13
20:53:21.404;48.8555;2.35176;48.8794;2.2831;48.8316;2.42042;13
20:53:21.435;48.8555;2.35159;48.8794;2.28292;48.8316;2.42025;13
20:53:22.215;48.8555;2.35159;48.8675;2.31726;48.8436;2.38592;14
20:53:22.355;48.8555;2.35159;48.8615;2.33442;48.8495;2.36875;15
20:53:22.543;48.8555;2.3515;48.8615;2.33434;48.8495;2.36866;15
20:53:22.558;48.8555;2.3512;48.8615;2.33404;48.8495;2.36836;15
20:53:22.589;48.8555;2.3506;48.8615;2.33344;48.8495;2.36776;15
20:53:22.589;48.8555;2.34966;48.8615;2.33249;48.8495;2.36682;15
20:53:22.621;48.8555;2.34889;48.8615;2.33172;48.8495;2.36605;15
20:53:22.621;48.8555;2.34794;48.8615;2.33078;48.8495;2.3651;15
20:53:22.652;48.8555;2.34734;48.8615;2.33017;48.8495;2.3645;15
20:53:22.667;48.8555;2.34683;48.8615;2.32966;48.8495;2.36399;15
20:53:22.699;48.8554;2.34674;48.8614;2.32957;48.8495;2.3639;15
20:53:22.730;48.8554;2.34657;48.8614;2.3294;48.8494;2.36373;15
20:53:22.730;48.8554;2.3464;48.8614;2.32923;48.8494;2.36356;15
20:53:22.777;48.8554;2.34597;48.8614;2.3288;48.8494;2.36313;15
20:53:22.777;48.8554;2.34575;48.8614;2.32859;48.8494;2.36291;15
20:53:22.808;48.8554;2.34532;48.8614;2.32816;48.8494;2.36248;15
20:53:22.839;48.8554;2.34511;48.8614;2.32794;48.8494;2.36227;15
20:53:22.855;48.8554;2.34494;48.8614;2.32777;48.8494;2.3621;15
20:53:22.870;48.8554;2.34485;48.8614;2.32769;48.8494;2.36201;15
20:53:23.260;48.8554;2.34481;48.8614;2.32764;48.8494;2.36197;15
20:53:23.276;48.8554;2.34468;48.8614;2.32751;48.8494;2.36184;15
20:53:23.307;48.8554;2.34455;48.8614;2.32738;48.8494;2.36171;15
20:53:23.307;48.8554;2.34447;48.8614;2.3273;48.8494;2.36163;15
20:53:23.338;48.8554;2.34438;48.8614;2.32721;48.8494;2.36154;15
20:53:23.338;48.8554;2.34434;48.8614;2.32717;48.8494;2.3615;15
20:53:23.385;48.8554;2.34429;48.8614;2.32713;48.8494;2.36145;15
20:53:23.385;48.8554;2.34421;48.8614;2.32704;48.8494;2.36137;15
20:53:23.401;48.8554;2.34412;48.8614;2.32696;48.8494;2.36128;15
20:53:23.432;48.8554;2.34399;48.8614;2.32683;48.8494;2.36115;15
20:53:23.463;48.8554;2.34391;48.8614;2.32674;48.8494;2.36107;15
20:53:23.463;48.8554;2.34386;48.8614;2.3267;48.8494;2.36103;15
20:53:23.494;48.8554;2.34378;48.8614;2.32661;48.8494;2.36094;15
20:53:25.241;48.8554;2.34378;48.8614;2.32661;48.8495;2.36094;15
20:53:25.288;48.8554;2.34374;48.8614;2.32657;48.8495;2.3609;15
20:53:25.319;48.8554;2.34365;48.8614;2.32648;48.8495;2.36081;15
20:53:25.351;48.8554;2.34352;48.8614;2.32635;48.8494;2.36068;15
20:53:25.351;48.8554;2.34331;48.8613;2.32614;48.8494;2.36047;15
20:53:25.382;48.8553;2.34313;48.8613;2.32597;48.8494;2.3603;15
20:53:25.382;48.8553;2.34305;48.8613;2.32588;48.8493;2.36021;15
20:53:25.413;48.8553;2.34296;48.8613;2.3258;48.8493;2.36012;15
20:53:25.413;48.8553;2.34292;48.8613;2.32575;48.8493;2.36008;15
20:53:25.694;48.8554;2.34301;48.8613;2.32584;48.8494;2.36017;15
20:53:25.709;48.8555;2.34318;48.8615;2.32601;48.8495;2.36034;15
20:53:25.741;48.8556;2.34335;48.8616;2.32618;48.8496;2.36051;15
20:53:25.741;48.8557;2.34348;48.8616;2.32631;48.8497;2.36064;15
20:53:25.787;48.8557;2.34356;48.8617;2.3264;48.8497;2.36072;15
20:53:25.803;48.8557;2.34356;48.8617;2.3264;48.8498;2.36072;15
20:53:26.115;48.8557;2.34356;48.8616;2.3264;48.8497;2.36072;15
20:53:26.146;48.8557;2.34356;48.8616;2.3264;48.8497;2.36072;15
20:53:26.177;48.8556;2.34356;48.8616;2.3264;48.8496;2.36072;15
20:53:26.177;48.8555;2.34356;48.8615;2.3264;48.8496;2.36072;15
20:53:26.193;48.8554;2.34374;48.8613;2.32657;48.8494;2.3609;15
20:53:26.209;48.8553;2.34395;48.8613;2.32678;48.8493;2.36111;15
20:53:26.224;48.8552;2.34416;48.8611;2.327;48.8492;2.36133;15
20:53:26.240;48.8551;2.34438;48.861;2.32721;48.8491;2.36154;15
20:53:26.271;48.8549;2.34459;48.8609;2.32743;48.849;2.36175;15
20:53:26.287;48.8549;2.34481;48.8609;2.32764;48.8489;2.36197;15
20:53:26.302;48.8548;2.34498;48.8608;2.32781;48.8488;2.36214;15
20:53:26.318;48.8548;2.34507;48.8607;2.3279;48.8488;2.36223;15
20:53:26.333;48.8547;2.34515;48.8607;2.32799;48.8488;2.36231;15
20:53:26.349;48.8547;2.34515;48.8607;2.32799;48.8488;2.36231;15
20:53:26.474;48.8547;2.34515;48.8607;2.32799;48.8487;2.36231;15
20:53:26.521;48.8547;2.34515;48.8606;2.32799;48.8487;2.36231;15
20:53:26.521;48.8546;2.34511;48.8606;2.32794;48.8486;2.36227;15
20:53:26.552;48.8545;2.34507;48.8605;2.3279;48.8486;2.36223;15
20:53:26.552;48.8545;2.34507;48.8605;2.3279;48.8485;2.36223;15
20:53:26.583;48.8545;2.34507;48.8604;2.3279;48.8485;2.36223;15
20:53:26.583;48.8544;2.34507;48.8604;2.3279;48.8485;2.36223;15
20:53:26.614;48.8544;2.34507;48.8604;2.3279;48.8484;2.36223;15
20:53:26.770;48.8544;2.34519;48.8604;2.32803;48.8484;2.36236;15
20:53:26.801;48.8544;2.34537;48.8604;2.3282;48.8484;2.36253;15
20:53:26.801;48.8544;2.34558;48.8604;2.32841;48.8484;2.36274;15
20:53:26.833;48.8544;2.3458;48.8604;2.32863;48.8484;2.36296;15
20:53:26.833;48.8544;2.34601;48.8604;2.32884;48.8484;2.36317;15
20:53:26.879;48.8544;2.34618;48.8604;2.32902;48.8484;2.36334;15
20:53:26.879;48.8544;2.34622;48.8604;2.32906;48.8484;2.36339;15
20:53:26.895;48.8544;2.34627;48.8604;2.3291;48.8484;2.36343;15
20:53:27.581;48.8544;2.34627;48.8604;2.3291;48.8484;2.36343;15
20:53:27.878;48.8544;2.34627;48.8604;2.3291;48.8485;2.36343;15
20:53:28.018;48.8544;2.34635;48.8604;2.32919;48.8485;2.36351;15
20:53:28.065;48.8544;2.3464;48.8604;2.32923;48.8485;2.36356;15
20:53:28.065;48.8544;2.34657;48.8604;2.3294;48.8485;2.36373;15
20:53:28.080;48.8544;2.34674;48.8604;2.32957;48.8485;2.3639;15
20:53:28.736;48.8544;2.34674;48.8664;2.31241;48.8425;2.38107;14
20:53:29.469;48.8544;2.34717;48.8664;2.31284;48.8425;2.3815;14
20:53:29.516;48.8544;2.3476;48.8664;2.31327;48.8425;2.38192;14
20:53:29.516;48.8544;2.34794;48.8664;2.31361;48.8425;2.38227;14
20:53:29.531;48.8545;2.34846;48.8665;2.31412;48.8426;2.38278;14
20:53:29.578;48.8546;2.34863;48.8666;2.3143;48.8427;2.38295;14
20:53:29.578;48.8546;2.3488;48.8666;2.31447;48.8427;2.38313;14
20:53:29.609;48.8546;2.34897;48.8666;2.31464;48.8427;2.3833;14
20:53:29.609;48.8546;2.34906;48.8666;2.31472;48.8427;2.38338;14
20:53:29.640;48.8546;2.34914;48.8666;2.31481;48.8427;2.38347;14
20:53:30.920;48.8545;2.34931;48.8664;2.31498;48.8425;2.38364;14
20:53:30.966;48.8544;2.34966;48.8664;2.31533;48.8425;2.38398;14
20:53:30.966;48.8543;2.35;48.8663;2.31567;48.8424;2.38433;14
20:53:30.998;48.8543;2.35017;48.8662;2.31584;48.8423;2.3845;14
20:53:30.998;48.8542;2.35052;48.8661;2.31618;48.8423;2.38484;14
20:53:31.029;48.8541;2.35086;48.8661;2.31653;48.8422;2.38519;14
20:53:31.029;48.8541;2.3512;48.8661;2.31687;48.8422;2.38553;14
20:53:31.060;48.8541;2.35137;48.8661;2.31704;48.8422;2.3857;14
20:53:31.091;48.8542;2.35146;48.8661;2.31713;48.8423;2.38579;14
20:53:31.122;48.8543;2.35146;48.8663;2.31713;48.8424;2.38579;14
20:53:31.122;48.8544;2.35146;48.8664;2.31713;48.8425;2.38579;14
20:53:31.154;48.8545;2.35146;48.8665;2.31713;48.8426;2.38579;14
20:53:31.185;48.8547;2.35146;48.8666;2.31713;48.8427;2.38579;14
20:53:31.185;48.8548;2.35129;48.8667;2.31696;48.8428;2.38562;14
20:53:31.216;48.855;2.3512;48.8669;2.31687;48.8431;2.38553;14
20:53:31.216;48.8551;2.35103;48.8671;2.3167;48.8432;2.38536;14
20:53:31.247;48.8551;2.35086;48.8671;2.31653;48.8432;2.38519;14
20:53:31.247;48.8551;2.35077;48.8671;2.31644;48.8432;2.3851;14
20:53:31.278;48.8551;2.35069;48.8671;2.31636;48.8432;2.38501;14
20:53:31.310;48.8551;2.35052;48.8671;2.31618;48.8432;2.38484;14
20:53:31.325;48.8551;2.35034;48.867;2.31601;48.8431;2.38467;14
20:53:31.356;48.8549;2.35017;48.8669;2.31584;48.843;2.3845;14
20:53:31.356;48.8547;2.34983;48.8667;2.3155;48.8428;2.38416;14
20:53:31.372;48.8545;2.34957;48.8665;2.31524;48.8426;2.3839;14
20:53:31.388;48.8543;2.3494;48.8663;2.31507;48.8424;2.38373;14
20:53:31.419;48.854;2.34906;48.866;2.31472;48.8421;2.38338;14
20:53:31.434;48.8539;2.34889;48.8659;2.31455;48.842;2.38321;14
20:53:31.450;48.8539;2.34889;48.8658;2.31455;48.8419;2.38321;14
20:53:31.544;48.8538;2.34889;48.8657;2.31455;48.8418;2.38321;14
20:53:31.575;48.8536;2.34889;48.8656;2.31455;48.8417;2.38321;14
20:53:31.590;48.8536;2.34897;48.8656;2.31464;48.8417;2.3833;14
20:53:31.653;48.8535;2.34897;48.8655;2.31464;48.8416;2.3833;14
20:53:31.684;48.8535;2.34897;48.8654;2.31464;48.8415;2.3833;14
20:53:31.871;48.8535;2.34906;48.8654;2.31472;48.8415;2.38338;14
20:53:31.934;48.8534;2.34923;48.8654;2.3149;48.8415;2.38356;14
20:53:31.965;48.8533;2.3494;48.8652;2.31507;48.8414;2.38373;14
20:53:31.965;48.8532;2.34966;48.8651;2.31533;48.8413;2.38398;14
20:53:31.980;48.8531;2.34983;48.8651;2.3155;48.8412;2.38416;14
20:53:32.012;48.853;2.35026;48.865;2.31593;48.8411;2.38459;14
20:53:32.012;48.8528;2.35069;48.8647;2.31636;48.8409;2.38501;14
20:53:32.043;48.8527;2.35086;48.8647;2.31653;48.8408;2.38519;14
20:53:32.043;48.8526;2.35103;48.8646;2.3167;48.8407;2.38536;14
20:53:32.090;48.8526;2.35112;48.8645;2.31678;48.8406;2.38544;14
20:53:32.090;48.8524;2.3512;48.8643;2.31687;48.8405;2.38553;14
20:53:33.447;48.8525;2.3512;48.8644;2.31687;48.8405;2.38553;14
20:53:33.478;48.8525;2.3512;48.8645;2.31687;48.8406;2.38553;14
20:53:33.525;48.8526;2.3512;48.8646;2.31687;48.8407;2.38553;14
20:53:33.525;48.8529;2.3512;48.8648;2.31687;48.8409;2.38553;14
20:53:33.540;48.8534;2.35112;48.8654;2.31678;48.8415;2.38544;14
20:53:33.572;48.8538;2.35103;48.8658;2.3167;48.8419;2.38536;14
20:53:33.587;48.8541;2.35103;48.866;2.3167;48.8422;2.38536;14
20:53:33.603;48.8543;2.35103;48.8663;2.3167;48.8424;2.38536;14
20:53:33.618;48.8544;2.35103;48.8664;2.3167;48.8425;2.38536;14
20:53:33.821;48.8544;2.35103;48.8663;2.3167;48.8424;2.38536;14
20:53:33.852;48.8541;2.3512;48.8661;2.31687;48.8422;2.38553;14
20:53:33.884;48.8539;2.35155;48.8658;2.31721;48.8419;2.38587;14
20:53:33.884;48.8536;2.35189;48.8655;2.31756;48.8416;2.38622;14
20:53:33.915;48.8531;2.35223;48.8651;2.3179;48.8412;2.38656;14
20:53:33.915;48.8527;2.35266;48.8646;2.31833;48.8407;2.38699;14
20:53:33.962;48.8522;2.35292;48.8642;2.31859;48.8403;2.38725;14
20:53:33.962;48.852;2.35292;48.8639;2.31859;48.8401;2.38725;14
20:53:33.993;48.852;2.35292;48.8639;2.31859;48.84;2.38725;14
20:53:33.993;48.8519;2.35292;48.8638;2.31859;48.84;2.38725;14
20:53:34.040;48.8518;2.35249;48.8638;2.31816;48.8399;2.38682;14
20:53:34.055;48.8518;2.35155;48.8638;2.31721;48.8399;2.38587;14
20:53:34.102;48.8518;2.35043;48.8638;2.3161;48.8399;2.38476;14
20:53:34.102;48.8521;2.34923;48.864;2.3149;48.8401;2.38356;14
20:53:34.118;48.8523;2.3482;48.8642;2.31387;48.8404;2.38253;14
20:53:34.133;48.8525;2.34734;48.8645;2.31301;48.8406;2.38167;14
20:53:34.149;48.8525;2.34725;48.8645;2.31292;48.8406;2.38158;14
20:53:34.289;48.8526;2.34743;48.8646;2.31309;48.8407;2.38175;14
20:53:34.320;48.8527;2.3476;48.8646;2.31327;48.8407;2.38192;14
20:53:34.320;48.8527;2.34768;48.8647;2.31335;48.8408;2.38201;14
20:53:34.367;48.8528;2.34786;48.8647;2.31352;48.8409;2.38218;14
20:53:34.367;48.8528;2.34811;48.8647;2.31378;48.8409;2.38244;14
20:53:34.383;48.8528;2.34828;48.8647;2.31395;48.8409;2.38261;14
20:53:34.383;48.8528;2.34846;48.8647;2.31412;48.8409;2.38278;14
20:53:34.414;48.8528;2.34854;48.8647;2.31421;48.8409;2.38287;14
20:53:37.456;48.8529;2.34854;48.8648;2.31421;48.841;2.38287;14
20:53:37.503;48.8529;2.34863;48.8648;2.3143;48.841;2.38295;14
20:53:37.503;48.853;2.34871;48.8649;2.31438;48.841;2.38304;14
20:53:37.534;48.853;2.34889;48.865;2.31455;48.8411;2.38321;14
20:53:37.534;48.8531;2.34897;48.865;2.31464;48.8411;2.3833;14
20:53:37.565;48.8532;2.34914;48.8651;2.31481;48.8413;2.38347;14
20:53:37.565;48.8533;2.34931;48.8652;2.31498;48.8414;2.38364;14
20:53:37.596;48.8534;2.34949;48.8654;2.31515;48.8415;2.38381;14
20:53:37.596;48.8535;2.34957;48.8655;2.31524;48.8416;2.3839;14
20:53:37.627;48.8536;2.34966;48.8655;2.31533;48.8416;2.38398;14
20:53:37.643;48.8536;2.34974;48.8656;2.31541;48.8417;2.38407;14
20:53:37.986;48.8536;2.34992;48.8656;2.31558;48.8417;2.38424;14
20:53:38.033;48.8536;2.35009;48.8655;2.31575;48.8416;2.38441;14
20:53:38.033;48.8536;2.35026;48.8655;2.31593;48.8416;2.38459;14
20:53:38.080;48.8535;2.35043;48.8655;2.3161;48.8416;2.38476;14
20:53:38.080;48.8535;2.35052;48.8655;2.31618;48.8416;2.38484;14
20:53:38.095;48.8535;2.3506;48.8655;2.31627;48.8416;2.38493;14
20:53:38.189;48.8535;2.35077;48.8655;2.31644;48.8416;2.3851;14
20:53:38.267;48.8536;2.35086;48.8656;2.31653;48.8417;2.38519;14
20:53:38.283;48.8538;2.35086;48.8657;2.31653;48.8418;2.38519;14
20:53:38.298;48.8539;2.35086;48.8658;2.31653;48.8419;2.38519;14
20:53:38.314;48.8539;2.35086;48.8659;2.31653;48.842;2.38519;14
20:53:38.329;48.854;2.35086;48.866;2.31653;48.8421;2.38519;14
20:53:38.345;48.8541;2.35086;48.8661;2.31653;48.8422;2.38519;14
20:53:38.361;48.8542;2.35086;48.8661;2.31653;48.8423;2.38519;14
20:53:38.376;48.8543;2.35086;48.8662;2.31653;48.8423;2.38519;14
20:53:38.392;48.8543;2.35086;48.8663;2.31653;48.8424;2.38519;14
20:53:38.407;48.8544;2.35077;48.8664;2.31644;48.8425;2.3851;14
20:53:38.423;48.8545;2.35069;48.8665;2.31636;48.8426;2.38501;14
20:53:38.439;48.8547;2.3506;48.8666;2.31627;48.8427;2.38493;14
20:53:38.454;48.8547;2.35043;48.8667;2.3161;48.8428;2.38476;14
20:53:38.470;48.8548;2.35017;48.8668;2.31584;48.8429;2.3845;14
20:53:38.485;48.8549;2.35;48.8668;2.31567;48.8429;2.38433;14
20:53:38.501;48.8549;2.34983;48.8668;2.3155;48.8429;2.38416;14
20:53:38.532;48.8549;2.34974;48.8669;2.31541;48.843;2.38407;14
20:53:38.548;48.8549;2.34966;48.8669;2.31533;48.843;2.38398;14
20:53:38.563;48.8549;2.34957;48.8669;2.31524;48.843;2.3839;14
20:53:38.579;48.8549;2.34949;48.8669;2.31515;48.843;2.38381;14
20:53:38.751;48.8549;2.3494;48.8669;2.31507;48.843;2.38373;14
20:53:38.875;48.8549;2.34931;48.8669;2.31498;48.843;2.38364;14
20:53:39.094;48.8551;2.34931;48.867;2.31498;48.8431;2.38364;14
20:53:39.141;48.8551;2.34923;48.8671;2.3149;48.8432;2.38356;14
20:53:39.141;48.8552;2.34923;48.8671;2.3149;48.8432;2.38356;14
20:53:39.156;48.8552;2.34914;48.8672;2.31481;48.8433;2.38347;14
20:53:39.187;48.8553;2.34914;48.8672;2.31481;48.8433;2.38347;14
20:53:39.219;48.8553;2.34906;48.8673;2.31472;48.8434;2.38338;14
20:53:39.265;48.8553;2.34897;48.8673;2.31464;48.8434;2.3833;14
20:53:39.297;48.8553;2.3488;48.8673;2.31447;48.8434;2.38313;14
20:53:39.297;48.8553;2.34863;48.8673;2.3143;48.8434;2.38295;14
20:53:39.343;48.8554;2.34846;48.8673;2.31412;48.8434;2.38278;14
20:53:39.343;48.8554;2.3482;48.8673;2.31387;48.8434;2.38253;14
20:53:39.375;48.8554;2.34803;48.8674;2.31369;48.8435;2.38235;14
20:53:39.375;48.8554;2.34786;48.8674;2.31352;48.8435;2.38218;14
20:53:39.406;48.8554;2.34768;48.8674;2.31335;48.8435;2.38201;14
20:53:39.406;48.8554;2.34734;48.8674;2.31301;48.8435;2.38167;14
20:53:39.437;48.8554;2.347;48.8674;2.31266;48.8435;2.38132;14
20:53:39.437;48.8554;2.34665;48.8674;2.31232;48.8435;2.38098;14
20:53:39.468;48.8554;2.34622;48.8674;2.31189;48.8435;2.38055;14
20:53:39.468;48.8554;2.34571;48.8674;2.31138;48.8435;2.38004;14
20:53:39.499;48.8554;2.34511;48.8674;2.31078;48.8435;2.37944;14
20:53:39.499;48.8554;2.34468;48.8674;2.31035;48.8435;2.37901;14
20:53:39.531;48.8553;2.34425;48.8673;2.30992;48.8434;2.37858;14
20:53:39.531;48.8553;2.34391;48.8672;2.30958;48.8433;2.37823;14
20:53:39.577;48.8552;2.34356;48.8672;2.30923;48.8433;2.37789;14
20:53:39.577;48.8551;2.34339;48.8671;2.30906;48.8432;2.37772;14
20:53:39.609;48.855;2.34305;48.8669;2.30872;48.8431;2.37738;14
20:53:39.609;48.8548;2.34288;48.8667;2.30855;48.8428;2.3772;14
20:53:39.640;48.8547;2.34271;48.8666;2.30837;48.8427;2.37703;14
20:53:39.640;48.8546;2.34262;48.8666;2.30829;48.8427;2.37695;14
20:53:39.671;48.8546;2.34253;48.8666;2.3082;48.8427;2.37686;14
20:53:39.671;48.8545;2.34253;48.8665;2.3082;48.8426;2.37686;14
20:53:39.718;48.8545;2.34236;48.8664;2.30803;48.8425;2.37669;14
20:53:39.765;48.8544;2.34228;48.8664;2.30794;48.8425;2.3766;14
20:53:39.858;48.8544;2.34228;48.8663;2.30794;48.8424;2.3766;14
20:53:39.889;48.8543;2.34228;48.8662;2.30794;48.8423;2.3766;14
20:53:39.921;48.8541;2.34228;48.8661;2.30794;48.8422;2.3766;14
20:53:39.921;48.854;2.34228;48.866;2.30794;48.8421;2.3766;14
20:53:39.952;48.854;2.34236;48.8659;2.30803;48.842;2.37669;14
20:53:39.952;48.8539;2.34236;48.8658;2.30803;48.8419;2.37669;14
20:53:39.983;48.8538;2.34245;48.8658;2.30812;48.8419;2.37678;14
20:53:39.983;48.8537;2.34245;48.8656;2.30812;48.8418;2.37678;14
20:53:40.030;48.8536;2.34262;48.8656;2.30829;48.8417;2.37695;14
20:53:40.030;48.8535;2.34279;48.8655;2.30846;48.8416;2.37712;14
20:53:40.045;48.8535;2.34305;48.8654;2.30872;48.8415;2.37738;14
20:53:40.092;48.8535;2.34313;48.8654;2.3088;48.8415;2.37746;14
20:53:40.092;48.8534;2.34322;48.8654;2.30889;48.8415;2.37755;14
20:53:40.123;48.8534;2.34339;48.8654;2.30906;48.8415;2.37772;14
20:53:40.123;48.8534;2.34348;48.8654;2.30915;48.8415;2.37781;14
20:53:40.155;48.8534;2.34391;48.8654;2.30958;48.8415;2.37823;14
20:53:40.155;48.8534;2.34434;48.8654;2.31;48.8415;2.37866;14
20:53:40.186;48.8534;2.34451;48.8654;2.31018;48.8415;2.37884;14
20:53:40.186;48.8534;2.34459;48.8654;2.31026;48.8415;2.37892;14
20:53:40.233;48.8534;2.34477;48.8654;2.31043;48.8415;2.37909;14
20:53:40.264;48.8535;2.34485;48.8654;2.31052;48.8415;2.37918;14
20:53:40.295;48.8535;2.34494;48.8654;2.31061;48.8415;2.37926;14
20:53:40.295;48.8535;2.34502;48.8655;2.31069;48.8416;2.37935;14
20:53:40.326;48.8536;2.34511;48.8655;2.31078;48.8416;2.37944;14
20:53:40.326;48.8536;2.34519;48.8656;2.31086;48.8417;2.37952;14
20:53:40.373;48.8536;2.34528;48.8656;2.31095;48.8417;2.37961;14
20:53:40.607;48.8536;2.34528;48.8655;2.31095;48.8416;2.37961;14
20:53:40.638;48.8535;2.34528;48.8654;2.31095;48.8415;2.37961;14
20:53:40.638;48.8534;2.34537;48.8653;2.31103;48.8414;2.37969;14
20:53:40.685;48.8532;2.34537;48.8652;2.31103;48.8413;2.37969;14
20:53:40.685;48.8531;2.34537;48.8651;2.31103;48.8412;2.37969;14
20:53:40.701;48.8529;2.34537;48.8648;2.31103;48.841;2.37969;14
20:53:40.716;48.8528;2.34519;48.8647;2.31086;48.8409;2.37952;14
20:53:40.732;48.8527;2.34502;48.8646;2.31069;48.8407;2.37935;14
20:53:40.747;48.8526;2.34485;48.8646;2.31052;48.8407;2.37918;14
20:53:40.763;48.8526;2.34468;48.8645;2.31035;48.8406;2.37901;14
20:53:40.779;48.8525;2.34434;48.8645;2.31;48.8406;2.37866;14
20:53:40.810;48.8525;2.34399;48.8644;2.30966;48.8405;2.37832;14
20:53:40.825;48.8524;2.34365;48.8643;2.30932;48.8405;2.37798;14
20:53:40.841;48.8523;2.34331;48.8643;2.30897;48.8404;2.37763;14
20:53:40.857;48.8522;2.34305;48.8642;2.30872;48.8403;2.37738;14
20:53:40.872;48.8522;2.34288;48.8641;2.30855;48.8402;2.3772;14
20:53:40.888;48.8521;2.34271;48.8641;2.30837;48.8402;2.37703;14
20:53:40.903;48.8521;2.34262;48.864;2.30829;48.8401;2.37695;14
20:53:40.919;48.852;2.34245;48.8639;2.30812;48.8401;2.37678;14
20:53:40.935;48.852;2.34236;48.8639;2.30803;48.84;2.37669;14
20:53:40.950;48.8519;2.34219;48.8638;2.30786;48.84;2.37652;14
20:53:40.966;48.8519;2.3421;48.8638;2.30777;48.84;2.37643;14
20:53:40.997;48.8518;2.34193;48.8637;2.3076;48.8398;2.37626;14
20:53:41.137;48.8518;2.34185;48.8637;2.30752;48.8398;2.37617;14
20:53:41.184;48.8518;2.34176;48.8637;2.30743;48.8398;2.37609;14
20:53:41.184;48.8518;2.34168;48.8637;2.30734;48.8398;2.376;14
20:53:41.215;48.8518;2.3415;48.8637;2.30717;48.8398;2.37583;14
20:53:41.215;48.8518;2.34142;48.8637;2.30709;48.8398;2.37575;14
20:53:41.247;48.8518;2.34133;48.8637;2.307;48.8398;2.37566;14
20:53:41.247;48.8518;2.34125;48.8637;2.30691;48.8398;2.37557;14
20:53:41.278;48.8518;2.34107;48.8637;2.30674;48.8398;2.3754;14
20:53:41.309;48.8518;2.34107;48.8638;2.30674;48.8399;2.3754;14
20:53:41.325;48.8518;2.34099;48.8638;2.30666;48.8399;2.37532;14
20:53:41.356;48.8519;2.34099;48.8638;2.30666;48.84;2.37532;14
20:53:41.356;48.852;2.3409;48.8639;2.30657;48.84;2.37523;14
20:53:41.387;48.852;2.3409;48.8639;2.30657;48.8401;2.37523;14
20:53:41.387;48.8521;2.3409;48.864;2.30657;48.8401;2.37523;14
20:53:41.418;48.8521;2.3409;48.8641;2.30657;48.8402;2.37523;14
20:53:41.449;48.8522;2.34082;48.8641;2.30649;48.8402;2.37514;14
20:53:41.481;48.8522;2.34073;48.8641;2.3064;48.8402;2.37506;14
20:53:41.496;48.8523;2.34073;48.8642;2.3064;48.8404;2.37506;14
20:53:41.543;48.8523;2.34065;48.8642;2.30631;48.8404;2.37497;14
20:53:41.559;48.8523;2.34065;48.8643;2.30631;48.8404;2.37497;14
20:53:41.590;48.8525;2.34065;48.8644;2.30631;48.8405;2.37497;14
20:53:41.637;48.8526;2.34065;48.8645;2.30631;48.8406;2.37497;14
20:53:41.793;48.8526;2.34065;48.8646;2.30631;48.8407;2.37497;14
20:53:45.443;48.8526;2.34065;48.8586;2.32348;48.8467;2.35781;15
20:53:47.112;48.8526;2.3406;48.8586;2.32344;48.8466;2.35776;15
20:53:47.143;48.8526;2.3406;48.8585;2.32344;48.8466;2.35776;15
20:53:47.190;48.8525;2.3406;48.8585;2.32344;48.8465;2.35776;15
20:53:47.221;48.8525;2.34065;48.8585;2.32348;48.8465;2.35781;15
20:53:47.408;48.8525;2.34073;48.8585;2.32357;48.8465;2.35789;15
20:53:47.440;48.8525;2.34073;48.8585;2.32357;48.8466;2.35789;15
20:53:47.440;48.8526;2.34073;48.8585;2.32357;48.8466;2.35789;15
20:53:47.471;48.8526;2.34073;48.8586;2.32357;48.8467;2.35789;15
20:53:47.486;48.8527;2.34073;48.8586;2.32357;48.8467;2.35789;15
20:53:47.798;48.8527;2.34077;48.8586;2.32361;48.8467;2.35794;15
20:53:47.845;48.8527;2.34082;48.8586;2.32365;48.8467;2.35798;15
20:53:47.845;48.8527;2.3409;48.8586;2.32374;48.8467;2.35806;15
20:53:47.876;48.8527;2.34095;48.8586;2.32378;48.8467;2.35811;15
20:53:47.876;48.8527;2.34103;48.8586;2.32387;48.8467;2.35819;15
20:53:47.908;48.8527;2.34107;48.8587;2.32391;48.8467;2.35824;15
20:53:47.939;48.8527;2.34116;48.8587;2.32399;48.8467;2.35832;15
20:53:48.578;48.8527;2.34112;48.8586;2.32395;48.8467;2.35828;15
20:53:48.594;48.8526;2.34112;48.8586;2.32395;48.8466;2.35828;15
20:53:48.625;48.8525;2.34107;48.8585;2.32391;48.8466;2.35824;15
20:53:48.625;48.8525;2.34107;48.8584;2.32391;48.8465;2.35824;15
20:53:48.656;48.8524;2.34103;48.8584;2.32387;48.8465;2.35819;15
20:53:48.656;48.8524;2.34103;48.8584;2.32387;48.8464;2.35819;15
20:53:48.688;48.8524;2.34103;48.8583;2.32387;48.8464;2.35819;15
20:53:48.719;48.8523;2.34099;48.8583;2.32382;48.8464;2.35815;15
20:53:49.109;48.8524;2.34099;48.8583;2.32382;48.8464;2.35815;15
20:53:49.140;48.8524;2.34099;48.8584;2.32382;48.8464;2.35815;15
20:53:49.140;48.8524;2.34099;48.8584;2.32382;48.8465;2.35815;15
20:53:49.187;48.8525;2.34099;48.8584;2.32382;48.8465;2.35815;15
20:53:49.187;48.8525;2.34099;48.8585;2.32382;48.8465;2.35815;15
20:53:49.202;48.8525;2.34099;48.8585;2.32382;48.8466;2.35815;15
20:53:49.234;48.8526;2.34099;48.8585;2.32382;48.8466;2.35815;15
20:53:49.234;48.8526;2.34099;48.8586;2.32382;48.8466;2.35815;15
20:53:49.764;48.8526;2.34116;48.8586;2.32399;48.8467;2.35832;15
20:53:49.795;48.8527;2.34138;48.8587;2.32421;48.8467;2.35854;15
20:53:49.795;48.8527;2.34155;48.8587;2.32438;48.8467;2.35871;15
20:53:49.842;48.8527;2.34163;48.8587;2.32447;48.8468;2.35879;15
20:53:49.842;48.8528;2.34176;48.8587;2.3246;48.8468;2.35892;15
20:53:49.873;48.8528;2.34185;48.8587;2.32468;48.8468;2.35901;15
20:53:49.873;48.8528;2.34189;48.8587;2.32472;48.8468;2.35905;15
20:53:49.967;48.8528;2.34193;48.8587;2.32477;48.8468;2.35909;15
20:53:50.918;48.8528;2.34198;48.8588;2.32481;48.8469;2.35914;15
20:53:50.949;48.8528;2.34202;48.8588;2.32485;48.8469;2.35918;15
20:53:50.949;48.8529;2.3421;48.8588;2.32494;48.8469;2.35927;15
20:53:50.981;48.8529;2.34219;48.8588;2.32502;48.8469;2.35935;15
20:53:50.981;48.8529;2.34223;48.8589;2.32507;48.8469;2.35939;15
20:53:51.012;48.8529;2.34232;48.8589;2.32515;48.847;2.35948;15
20:53:51.012;48.853;2.34236;48.8589;2.3252;48.847;2.35952;15
20:53:51.059;48.853;2.34241;48.8589;2.32524;48.847;2.35957;15
20:53:51.074;48.853;2.34249;48.859;2.32533;48.847;2.35965;15
20:53:51.105;48.853;2.34258;48.859;2.32541;48.847;2.35974;15
20:53:53.773;48.853;2.34279;48.859;2.32563;48.847;2.35995;15
20:53:53.773;48.853;2.34296;48.859;2.3258;48.847;2.36012;15
20:53:53.804;48.853;2.34331;48.859;2.32614;48.847;2.36047;15
20:53:53.804;48.853;2.34374;48.859;2.32657;48.847;2.3609;15
20:53:53.835;48.853;2.34408;48.859;2.32691;48.847;2.36124;15
20:53:53.867;48.853;2.34429;48.859;2.32713;48.847;2.36145;15
20:53:53.867;48.853;2.34438;48.859;2.32721;48.847;2.36154;15
20:53:53.898;48.853;2.34442;48.859;2.32726;48.847;2.36158;15
20:53:54.366;48.853;2.34438;48.8589;2.32721;48.847;2.36154;15
20:53:54.413;48.8529;2.34434;48.8589;2.32717;48.847;2.3615;15
20:53:54.413;48.8529;2.34421;48.8589;2.32704;48.8469;2.36137;15
20:53:54.428;48.8529;2.34404;48.8588;2.32687;48.8469;2.3612;15
20:53:54.459;48.8528;2.34386;48.8588;2.3267;48.8468;2.36103;15
20:53:54.459;48.8528;2.34369;48.8587;2.32653;48.8468;2.36085;15
20:53:54.491;48.8527;2.34365;48.8587;2.32648;48.8468;2.36081;15
20:53:54.491;48.8527;2.34361;48.8587;2.32644;48.8468;2.36077;15
20:53:54.522;48.8527;2.34361;48.8587;2.32644;48.8467;2.36077;15
