20:41:19.351;48.8556;2.34661;49.0464;1.79729;48.6642;2.89592;10
20:41:19.383;48.8574;2.34661;49.0482;1.79729;48.666;2.89592;10
20:41:19.383;48.8592;2.34524;49.05;1.79592;48.6678;2.89455;10
20:41:19.402;48.8629;2.34386;49.0536;1.79455;48.6714;2.89318;10
20:41:19.418;48.8665;2.34249;49.0572;1.79317;48.675;2.8918;10
20:41:19.433;48.8692;2.33974;49.0599;1.79043;48.6778;2.88906;10
20:41:19.450;48.871;2.33837;49.0617;1.78905;48.6796;2.88768;10
20:41:19.469;48.8719;2.337;49.0626;1.78768;48.6805;2.88631;10
20:41:19.485;48.8737;2.33562;49.0644;1.78631;48.6823;2.88494;10
20:41:19.500;48.8746;2.33425;49.0653;1.78493;48.6832;2.88356;10
20:41:19.517;48.8764;2.33425;49.0671;1.78493;48.685;2.88356;10
20:41:19.535;48.8773;2.33288;49.068;1.78356;48.6859;2.88219;10
20:41:19.584;48.8782;2.3315;49.0689;1.78219;48.6868;2.88082;10
20:41:19.601;48.8782;2.33013;49.0689;1.78082;48.6868;2.87944;10
20:41:19.617;48.8791;2.33013;49.0698;1.78082;48.6877;2.87944;10
20:41:19.633;48.8791;2.32876;49.0698;1.77944;48.6877;2.87807;10
20:41:19.651;48.88;2.32876;49.0707;1.77944;48.6886;2.87807;10
20:41:19.667;48.8809;2.32738;49.0716;1.77807;48.6895;2.8767;10
20:41:19.687;48.8827;2.32464;49.0734;1.77532;48.6914;2.87395;10
20:41:19.722;48.8836;2.32327;49.0743;1.77395;48.6923;2.87258;10
20:41:19.722;48.8854;2.32189;49.0761;1.77258;48.6941;2.8712;10
20:41:19.737;48.8863;2.31915;49.077;1.76983;48.695;2.86846;10
20:41:19.750;48.8881;2.31777;49.0788;1.76846;48.6968;2.86708;10
20:41:19.769;48.8899;2.3164;49.0806;1.76708;48.6986;2.86571;10
20:41:19.783;48.8909;2.31365;49.0815;1.76434;48.6995;2.86296;10
20:41:19.802;48.8918;2.31228;49.0824;1.76296;48.7004;2.86159;10
20:41:19.819;48.8936;2.31091;49.0841;1.76159;48.7022;2.86022;10
20:41:19.835;48.8945;2.30953;49.085;1.76022;48.7031;2.85884;10
20:41:19.852;48.8963;2.30816;49.0868;1.75884;48.7049;2.85747;10
20:41:19.886;48.8981;2.30541;49.0886;1.7561;48.7068;2.85472;10
20:41:19.886;48.8999;2.30404;49.0905;1.75472;48.7086;2.85335;10
20:41:19.902;48.9017;2.30404;49.0923;1.75472;48.7104;2.85335;10
20:41:19.917;48.9035;2.30267;49.094;1.75335;48.7122;2.85198;10
20:41:19.936;48.9053;2.30267;49.0958;1.75335;48.714;2.85198;10
20:41:19.953;48.9062;2.30129;49.0967;1.75198;48.7149;2.8506;10
20:41:19.968;48.908;2.30129;49.0985;1.75198;48.7167;2.8506;10
20:41:19.984;48.9089;2.30129;49.0994;1.75198;48.7176;2.8506;10
20:41:20.000;48.9107;2.29992;49.1012;1.7506;48.7195;2.84923;10
20:41:20.019;48.9116;2.29992;49.1021;1.7506;48.7204;2.84923;10
20:41:20.036;48.9134;2.29992;49.1039;1.7506;48.7222;2.84923;10
20:41:20.052;48.9143;2.29992;49.1048;1.7506;48.7231;2.84923;10
20:41:20.068;48.9161;2.29992;49.1066;1.7506;48.7249;2.84923;10
20:41:20.085;48.9179;2.29855;49.1084;1.74923;48.7267;2.84786;10
20:41:20.119;48.9197;2.29855;49.1102;1.74923;48.7285;2.84786;10
20:41:20.168;48.9215;2.29855;49.112;1.74923;48.7303;2.84786;10
20:41:20.420;48.9197;2.29992;49.1102;1.7506;48.7285;2.84923;10
20:41:20.438;48.9161;2.30541;49.1066;1.7561;48.7249;2.85472;10
20:41:20.452;48.9125;2.31091;49.103;1.76159;48.7213;2.86022;10
20:41:20.468;48.9062;2.31915;49.0967;1.76983;48.7149;2.86846;10
20:41:20.486;48.899;2.33013;49.0896;1.78082;48.7077;2.87944;10
20:41:20.504;48.889;2.34112;49.0797;1.7918;48.6977;2.89043;10
20:41:20.527;48.8773;2.35622;49.068;1.80691;48.6859;2.90554;10
20:41:20.529;48.8638;2.37408;49.0545;1.82476;48.6723;2.92339;10
20:41:20.554;48.8511;2.3933;49.0419;1.84399;48.6596;2.94261;10
20:41:20.571;48.8412;2.41116;49.032;1.86184;48.6496;2.96047;10
20:41:20.585;48.8366;2.42077;49.0275;1.87145;48.6451;2.97008;10
20:41:20.603;48.8303;2.43176;49.0211;1.88244;48.6387;2.98107;10
20:41:20.620;48.8258;2.43725;49.0167;1.88793;48.6342;2.98656;10
20:41:20.636;48.8222;2.43999;49.013;1.89068;48.6306;2.98931;10
20:41:20.654;48.8186;2.44411;49.0094;1.8948;48.6269;2.99343;10
20:41:20.670;48.8177;2.44549;49.0085;1.89617;48.626;2.9948;10
20:41:20.686;48.8158;2.44823;49.0067;1.89892;48.6242;2.99755;10
20:41:20.703;48.814;2.44961;49.0049;1.90029;48.6224;2.99892;10
20:41:20.721;48.8122;2.45235;49.0031;1.90304;48.6206;3.00167;10
20:41:20.735;48.8104;2.45373;49.0013;1.90441;48.6188;3.00304;10
20:41:20.756;48.8086;2.4551;48.9995;1.90578;48.617;3.00441;10
20:41:20.771;48.8068;2.45647;48.9977;1.90716;48.6152;3.00579;10
20:41:20.788;48.8041;2.45647;48.995;1.90716;48.6124;3.00579;10
20:41:20.805;48.8023;2.45647;48.9932;1.90716;48.6106;3.00579;10
20:41:20.822;48.8005;2.45647;48.9914;1.90716;48.6088;3.00579;10
20:41:20.837;48.7987;2.45647;48.9896;1.90716;48.607;3.00579;10
20:41:20.854;48.796;2.45647;48.9869;1.90716;48.6043;3.00579;10
20:41:20.868;48.7923;2.4551;48.9833;1.90578;48.6006;3.00441;10
20:41:20.886;48.7887;2.45373;48.9797;1.90441;48.597;3.00304;10
20:41:20.902;48.7869;2.45235;48.9779;1.90304;48.5952;3.00167;10
20:41:20.920;48.7851;2.45098;48.9761;1.90166;48.5934;3.00029;10
20:41:20.939;48.7842;2.44961;48.9752;1.90029;48.5924;2.99892;10
20:41:20.952;48.7833;2.44961;48.9743;1.90029;48.5915;2.99892;10
20:41:20.971;48.7833;2.44823;48.9743;1.89892;48.5915;2.99755;10
20:41:20.985;48.7833;2.44686;48.9743;1.89754;48.5915;2.99617;10
20:41:21.004;48.7824;2.44549;48.9734;1.89617;48.5906;2.9948;10
20:41:21.022;48.7824;2.44274;48.9734;1.89342;48.5906;2.99205;10
20:41:21.038;48.7824;2.43999;48.9734;1.89068;48.5906;2.98931;10
20:41:21.054;48.7824;2.43725;48.9734;1.88793;48.5906;2.98656;10
20:41:21.072;48.7824;2.43176;48.9734;1.88244;48.5906;2.98107;10
20:41:21.087;48.7824;2.42764;48.9734;1.87832;48.5906;2.97695;10
20:41:21.105;48.7824;2.42489;48.9734;1.87557;48.5906;2.9742;10
20:41:21.119;48.7824;2.4194;48.9734;1.87008;48.5906;2.96871;10
20:41:21.139;48.7824;2.41253;48.9734;1.86321;48.5906;2.96184;10
20:41:21.153;48.7824;2.40017;48.9734;1.85085;48.5906;2.94948;10
20:41:21.172;48.7824;2.39056;48.9734;1.84124;48.5906;2.93987;10
20:41:21.189;48.7824;2.38369;48.9734;1.83437;48.5906;2.933;10
20:41:21.203;48.7824;2.3782;48.9734;1.82888;48.5906;2.92751;10
20:41:21.223;48.7824;2.3727;48.9734;1.82339;48.5906;2.92201;10
20:41:21.239;48.7824;2.36996;48.9734;1.82064;48.5906;2.91927;10
20:41:21.256;48.7824;2.36858;48.9734;1.81927;48.5906;2.91789;10
20:41:21.708;48.7842;2.36858;48.9752;1.81927;48.5924;2.91789;10
20:41:21.724;48.7851;2.36858;48.9761;1.81927;48.5934;2.91789;10
20:41:21.739;48.7869;2.36858;48.9779;1.81927;48.5952;2.91789;10
20:41:21.755;48.7887;2.36858;48.9797;1.81927;48.597;2.91789;10
20:41:21.773;48.7923;2.36858;48.9833;1.81927;48.6006;2.91789;10
20:41:21.789;48.796;2.36858;48.9869;1.81927;48.6043;2.91789;10
20:41:21.806;48.7996;2.36858;48.9905;1.81927;48.6079;2.91789;10
20:41:21.822;48.8032;2.36858;48.9941;1.81927;48.6115;2.91789;10
20:41:21.838;48.8068;2.36858;48.9977;1.81927;48.6152;2.91789;10
20:41:21.855;48.8095;2.36858;49.0004;1.81927;48.6179;2.91789;10
20:41:21.873;48.8131;2.36996;49.004;1.82064;48.6215;2.91927;10
20:41:21.891;48.8149;2.36996;49.0058;1.82064;48.6233;2.91927;10
20:41:21.908;48.8167;2.36996;49.0076;1.82064;48.6251;2.91927;10
20:41:21.925;48.8186;2.36996;49.0094;1.82064;48.6269;2.91927;10
20:41:21.941;48.8195;2.36996;49.0103;1.82064;48.6279;2.91927;10
20:41:21.959;48.8204;2.36996;49.0112;1.82064;48.6288;2.91927;10
20:41:21.974;48.8213;2.37133;49.0121;1.82201;48.6297;2.92064;10
20:41:21.989;48.8222;2.37133;49.013;1.82201;48.6306;2.92064;10
20:41:22.008;48.8231;2.37133;49.014;1.82201;48.6315;2.92064;10
20:41:22.475;48.824;2.37133;49.0149;1.82201;48.6324;2.92064;10
20:41:22.524;48.8249;2.37133;49.0158;1.82201;48.6333;2.92064;10
20:41:22.542;48.8267;2.37133;49.0176;1.82201;48.6351;2.92064;10
20:41:22.558;48.8285;2.37133;49.0193;1.82201;48.6369;2.92064;10
20:41:22.576;48.8303;2.37133;49.0211;1.82201;48.6387;2.92064;10
20:41:22.592;48.8312;2.37133;49.022;1.82201;48.6397;2.92064;10
20:41:23.309;48.8312;2.37133;48.9267;2.09667;48.7355;2.64598;11
20:41:23.309;48.8312;2.37133;48.9267;2.09667;48.7355;2.64598;11
20:41:23.438;48.8312;2.37133;48.879;2.234;48.7834;2.50865;12
20:41:23.438;48.8312;2.37133;48.879;2.234;48.7834;2.50865;12
20:41:23.586;48.8312;2.37133;48.8551;2.30267;48.8073;2.43999;13
20:41:23.586;48.8312;2.37133;48.8551;2.30267;48.8073;2.43999;13
20:41:24.728;48.8313;2.3715;48.8552;2.30284;48.8074;2.44016;13
20:41:24.782;48.8316;2.37133;48.8554;2.30267;48.8077;2.43999;13
20:41:24.798;48.8317;2.37099;48.8556;2.30232;48.8078;2.43965;13
20:41:24.813;48.8319;2.37064;48.8558;2.30198;48.808;2.4393;13
20:41:24.830;48.8321;2.3703;48.856;2.30164;48.8082;2.43896;13
20:41:24.848;48.8325;2.36961;48.8563;2.30095;48.8086;2.43827;13
20:41:24.863;48.8327;2.36893;48.8566;2.30026;48.8088;2.43759;13
20:41:24.881;48.8329;2.36824;48.8568;2.29958;48.809;2.4369;13
20:41:24.896;48.833;2.36755;48.8569;2.29889;48.8091;2.43621;13
20:41:24.915;48.8332;2.3667;48.8571;2.29803;48.8093;2.43535;13
20:41:24.932;48.8332;2.36584;48.8571;2.29717;48.8093;2.4345;13
20:41:24.950;48.8332;2.36498;48.8571;2.29631;48.8093;2.43364;13
20:41:24.964;48.8332;2.36429;48.8571;2.29563;48.8093;2.43295;13
20:41:24.980;48.8332;2.36378;48.8571;2.29511;48.8093;2.43244;13
20:41:24.999;48.8332;2.36343;48.8571;2.29477;48.8093;2.43209;13
20:41:25.016;48.8332;2.36292;48.8571;2.29425;48.8093;2.43158;13
20:41:25.030;48.8332;2.36223;48.8571;2.29357;48.8093;2.43089;13
20:41:25.048;48.8334;2.36172;48.8573;2.29305;48.8095;2.43038;13
20:41:25.064;48.8335;2.36103;48.8574;2.29237;48.8096;2.42969;13
20:41:25.083;48.8336;2.36017;48.8575;2.29151;48.8097;2.42883;13
20:41:25.097;48.8338;2.35931;48.8577;2.29065;48.8099;2.42797;13
20:41:25.115;48.834;2.35846;48.8579;2.28979;48.8101;2.42711;13
20:41:25.133;48.8342;2.35811;48.8581;2.28945;48.8103;2.42677;13
20:41:25.147;48.8344;2.35725;48.8583;2.28859;48.8105;2.42591;13
20:41:25.166;48.8346;2.35691;48.8585;2.28825;48.8107;2.42557;13
20:41:25.183;48.8346;2.35657;48.8585;2.2879;48.8107;2.42523;13
20:41:25.199;48.8347;2.3564;48.8586;2.28773;48.8108;2.42505;13
