22:08:31.441;48.8547;2.3521;49.0455;1.80279;48.6632;2.90142;10
22:08:31.455;48.8547;2.3576;49.0455;1.80828;48.6632;2.90691;10
22:08:31.472;48.8547;2.36446;49.0455;1.81515;48.6632;2.91377;10
22:08:31.488;48.8547;2.38781;49.0455;1.83849;48.6632;2.93712;10
22:08:31.506;48.8574;2.43038;49.0482;1.88107;48.666;2.97969;10
22:08:31.522;48.8583;2.47433;49.0491;1.92501;48.6669;3.02364;10
22:08:31.539;48.8583;2.49905;49.0491;1.94973;48.6669;3.04836;10
22:08:31.555;48.8592;2.52926;49.05;1.97994;48.6678;3.07857;10
22:08:31.573;48.8601;2.55672;49.0509;2.00741;48.6687;3.10604;10
22:08:31.590;48.861;2.58282;49.0518;2.0335;48.6696;3.13213;10
22:08:31.607;48.8619;2.60067;49.0527;2.05135;48.6705;3.14998;10
22:08:32.013;48.8601;2.61578;49.0509;2.06646;48.6687;3.16509;10
22:08:32.015;48.8547;2.65423;49.0455;2.10491;48.6632;3.20354;10
22:08:32.041;48.8475;2.73663;49.0383;2.18731;48.656;3.28594;10
22:08:32.057;48.8366;2.84924;49.0275;2.29992;48.6451;3.39855;10
22:08:32.092;48.8267;2.99892;49.0176;2.44961;48.6351;3.54824;10
22:08:32.092;48.814;3.13076;49.0049;2.58144;48.6224;3.68007;10
22:08:32.107;48.8041;3.23238;48.995;2.68307;48.6124;3.78169;10
22:08:32.124;48.7996;3.26397;48.9905;2.71465;48.6079;3.81328;10
22:08:32.139;48.7978;3.26397;48.9887;2.71465;48.6061;3.81328;10
22:08:32.157;48.7968;3.26397;48.9878;2.71465;48.6052;3.81328;10
22:08:32.458;48.7968;3.26946;48.9878;2.72015;48.6052;3.81877;10
22:08:32.475;48.796;3.28869;48.9869;2.73937;48.6043;3.838;10
22:08:32.499;48.7941;3.33126;48.9851;2.78194;48.6024;3.88057;10
22:08:32.501;48.7923;3.41228;48.9833;2.86297;48.6006;3.9616;10
22:08:32.525;48.7914;3.50292;48.9824;2.95361;48.5997;4.05223;10
22:08:32.541;48.7914;3.57296;48.9824;3.02364;48.5997;4.12227;10
22:08:32.558;48.7914;3.62926;48.9824;3.07995;48.5997;4.17858;10
22:08:32.576;48.7914;3.65673;48.9824;3.10741;48.5997;4.20604;10
22:08:32.610;48.7914;3.67458;48.9824;3.12527;48.5997;4.22389;10
22:08:32.611;48.7914;3.68008;48.9824;3.13076;48.5997;4.22939;10
22:08:32.858;48.7914;3.70205;48.9824;3.15273;48.5997;4.25136;10
22:08:32.874;48.7878;3.76385;48.9788;3.21453;48.5961;4.31316;10
22:08:32.893;48.7833;3.90804;48.9743;3.35873;48.5915;4.45735;10
22:08:32.927;48.7806;4.02477;48.9716;3.47546;48.5888;4.57408;10
22:08:32.927;48.7797;4.13601;48.9707;3.58669;48.5879;4.68532;10
22:08:32.943;48.7797;4.19094;48.9707;3.64162;48.5879;4.74025;10
22:08:32.959;48.7788;4.23077;48.9698;3.68145;48.587;4.78008;10
22:08:32.980;48.7788;4.24999;48.9698;3.70068;48.587;4.7993;10
22:08:32.992;48.7788;4.25686;48.9698;3.70754;48.587;4.80617;10
22:08:33.310;48.7788;4.29531;48.9698;3.74599;48.587;4.84462;10
22:08:33.327;48.776;4.35024;48.9671;3.80093;48.5843;4.89955;10
22:08:33.346;48.7742;4.40517;48.9653;3.85586;48.5825;4.95449;10
22:08:33.360;48.7715;4.45873;48.9626;3.90942;48.5797;5.00804;10
22:08:33.377;48.7679;4.49856;48.959;3.94924;48.5761;5.04787;10
22:08:33.393;48.7661;4.52602;48.9572;3.97671;48.5743;5.07533;10
22:08:34.424;48.7661;4.52877;48.9572;3.97945;48.5743;5.07808;10
22:08:34.503;48.9536;2.34524;49.1439;1.79592;48.7625;2.89455;10
22:08:34.688;48.9536;2.34524;49.0488;2.07058;48.8581;2.61989;11
22:08:34.688;48.9536;2.34524;49.0488;2.07058;48.8581;2.61989;11
22:08:35.166;48.9536;2.34798;49.0488;2.07333;48.8581;2.62264;11
22:08:35.183;48.9527;2.35554;49.0479;2.08088;48.8572;2.63019;11
22:08:35.222;48.9491;2.37888;49.0443;2.10423;48.8536;2.65354;11
22:08:35.222;48.9441;2.42489;49.0394;2.15023;48.8486;2.69954;11
22:08:35.234;48.9382;2.48669;49.0335;2.21203;48.8428;2.76134;11
22:08:35.250;48.936;2.53475;49.0313;2.26009;48.8405;2.8094;11
22:08:35.321;48.9355;2.57732;49.0308;2.30267;48.84;2.85198;11
22:08:35.321;48.9351;2.63569;49.0304;2.36103;48.8396;2.91034;11
22:08:35.549;48.9351;2.63638;49.0304;2.36172;48.8396;2.91103;11
22:08:35.565;48.9351;2.64805;49.0304;2.37339;48.8396;2.9227;11
22:08:35.582;48.9351;2.66796;49.0304;2.3933;48.8396;2.94261;11
22:08:35.651;48.9351;2.71534;49.0304;2.44068;48.8396;2.98999;11
22:08:35.680;48.9473;2.80735;49.0425;2.53269;48.8518;3.082;11
22:08:35.683;48.9527;2.82108;49.0479;2.54642;48.8572;3.09574;11
22:08:35.698;48.9545;2.82177;49.0497;2.54711;48.859;3.09642;11
22:08:35.897;48.9581;2.82452;49.0533;2.54986;48.8626;3.09917;11
22:08:35.915;48.9662;2.83001;49.0614;2.55535;48.8708;3.10466;11
22:08:35.931;48.982;2.83688;49.0772;2.56222;48.8866;3.11153;11
22:08:35.949;49;2.84237;49.0952;2.56771;48.9046;3.11702;11
22:08:35.969;49.022;2.84992;49.1172;2.57526;48.9267;3.12458;11
22:08:35.982;49.0387;2.85542;49.1338;2.58076;48.9434;3.13007;11
22:08:35.999;49.0464;2.8561;49.1415;2.58144;48.9511;3.13075;11
22:08:36.015;49.0473;2.8561;49.1424;2.58144;48.952;3.13075;11
22:08:36.033;49.0468;2.8561;49.1419;2.58144;48.9515;3.13075;11
22:08:36.048;49.0432;2.8561;49.1383;2.58144;48.9479;3.13075;11
22:08:36.296;49.0585;2.85473;49.1536;2.58007;48.9633;3.12938;11
22:08:36.300;49.0806;2.85336;49.1756;2.5787;48.9853;3.12801;11
22:08:36.300;49.1017;2.85336;49.1967;2.5787;49.0065;3.12801;11
22:08:36.315;49.1165;2.85748;49.2115;2.58282;49.0214;3.13213;11
22:08:36.332;49.1215;2.85816;49.2164;2.5835;49.0263;3.13281;11
22:08:36.349;49.1237;2.85816;49.2187;2.5835;49.0286;3.13281;11
22:08:36.365;49.1242;2.85816;49.2191;2.5835;49.029;3.13281;11
22:08:36.616;49.1327;2.85816;49.2276;2.5835;49.0376;3.13281;11
22:08:36.633;49.143;2.85816;49.2379;2.5835;49.0479;3.13281;11
22:08:36.655;49.1561;2.85679;49.2509;2.58213;49.061;3.13144;11
22:08:36.666;49.165;2.85473;49.2599;2.58007;49.07;3.12938;11
22:08:36.683;49.1686;2.85336;49.2635;2.5787;49.0736;3.12801;11
22:08:36.698;49.1695;2.85336;49.2644;2.5787;49.0745;3.12801;11
22:08:36.715;49.17;2.85267;49.2648;2.57801;49.0749;3.12732;11
22:08:37.367;49.1691;2.85198;49.2639;2.57732;49.074;3.12663;11
22:08:37.385;49.1682;2.85267;49.263;2.57801;49.0731;3.12732;11
22:08:37.403;49.1677;2.85404;49.2626;2.57938;49.0727;3.12869;11
22:08:37.419;49.1668;2.85885;49.2617;2.58419;49.0718;3.1335;11
22:08:37.435;49.1659;2.86983;49.2608;2.59518;49.0709;3.14449;11
22:08:37.452;49.1655;2.88151;49.2603;2.60685;49.0704;3.15616;11
22:08:37.497;49.1655;2.89112;49.2603;2.61646;49.0704;3.16577;11
22:08:37.499;49.1655;2.89936;49.2603;2.6247;49.0704;3.17401;11
22:08:37.499;49.1659;2.90691;49.2608;2.63226;49.0709;3.18157;11
22:08:37.522;49.1668;2.91241;49.2617;2.63775;49.0718;3.18706;11
22:08:37.536;49.1677;2.91378;49.2626;2.63912;49.0727;3.18843;11
22:08:37.569;49.1686;2.91515;49.2635;2.6405;49.0736;3.18981;11
22:08:37.820;49.1686;2.91721;49.2635;2.64256;49.0736;3.19187;11
22:08:37.838;49.1686;2.92477;49.2635;2.65011;49.0736;3.19942;11
22:08:37.854;49.1686;2.93575;49.2635;2.66109;49.0736;3.21041;11
22:08:37.870;49.1686;2.94468;49.2635;2.67002;49.0736;3.21933;11
22:08:37.887;49.1686;2.95223;49.2635;2.67757;49.0736;3.22689;11
22:08:37.904;49.1686;2.95567;49.2635;2.68101;49.0736;3.23032;11
22:08:37.922;49.1686;2.95635;49.2635;2.68169;49.0736;3.23101;11
22:08:37.938;49.1682;2.95635;49.263;2.68169;49.0731;3.23101;11
22:08:38.964;49.1682;2.95635;49.1741;2.93919;49.1623;2.97351;15
22:08:39.257;49.1682;2.95648;49.1742;2.93931;49.1623;2.97364;15
22:08:39.274;49.1683;2.9567;49.1742;2.93953;49.1624;2.97386;15
22:08:39.291;49.1684;2.95712;49.1743;2.93996;49.1625;2.97429;15
22:08:39.308;49.1685;2.95751;49.1744;2.94034;49.1625;2.97467;15
22:08:39.324;49.1685;2.95794;49.1744;2.94077;49.1626;2.9751;15
22:08:39.342;49.1686;2.95815;49.1745;2.94099;49.1626;2.97532;15
22:08:39.360;49.1686;2.95837;49.1745;2.9412;49.1627;2.97553;15
22:08:39.373;49.1686;2.95846;49.1745;2.94129;49.1627;2.97562;15
22:08:39.391;49.1686;2.95854;49.1745;2.94137;49.1627;2.9757;15
22:08:39.409;49.1686;2.95858;49.1745;2.94142;49.1627;2.97574;15
22:08:39.441;49.1686;2.95871;49.1745;2.94155;49.1627;2.97587;15
22:08:39.491;49.1686;2.95876;49.1745;2.94159;49.1627;2.97592;15
22:08:39.508;49.1686;2.9588;49.1745;2.94163;49.1627;2.97596;15
22:08:39.525;49.1686;2.95888;49.1745;2.94172;49.1627;2.97605;15
22:08:39.555;49.1686;2.95893;49.1745;2.94176;49.1627;2.97609;15
22:08:39.568;49.1686;2.95901;49.1745;2.94185;49.1627;2.97617;15
22:08:39.570;49.1686;2.9591;49.1745;2.94193;49.1627;2.97626;15
22:08:39.592;49.1686;2.95914;49.1745;2.94198;49.1627;2.9763;15
22:08:39.608;49.1686;2.95918;49.1745;2.94202;49.1627;2.97635;15
22:08:39.624;49.1686;2.95923;49.1745;2.94206;49.1627;2.97639;15
22:08:39.642;49.1686;2.95931;49.1745;2.94215;49.1626;2.97647;15
22:08:39.675;49.1685;2.95936;49.1745;2.94219;49.1626;2.97652;15
22:08:40.075;49.1686;2.95931;49.1745;2.94215;49.1626;2.97647;15
22:08:40.125;49.1686;2.95927;49.1745;2.9421;49.1626;2.97643;15
22:08:40.143;49.1686;2.95923;49.1745;2.94206;49.1626;2.97639;15
22:08:40.159;49.1686;2.95918;49.1745;2.94202;49.1626;2.97635;15
22:08:40.177;49.1686;2.95914;49.1745;2.94198;49.1626;2.9763;15
22:08:40.210;49.1686;2.9591;49.1745;2.94193;49.1626;2.97626;15
22:08:40.226;49.1686;2.95906;49.1745;2.94189;49.1626;2.97622;15
22:08:40.243;49.1686;2.95901;49.1745;2.94185;49.1626;2.97617;15
22:08:40.260;49.1686;2.95897;49.1745;2.9418;49.1626;2.97613;15
22:08:40.326;49.1686;2.95893;49.1745;2.94176;49.1626;2.97609;15
22:08:41.077;49.1686;2.95893;49.1745;2.94176;49.1627;2.97609;15
22:08:41.111;49.1686;2.95888;49.1745;2.94172;49.1627;2.97605;15
22:08:41.195;49.1686;2.95884;49.1745;2.94168;49.1627;2.976;15
22:08:41.229;49.1686;2.9588;49.1745;2.94163;49.1627;2.97596;15
22:08:41.296;49.1686;2.95876;49.1745;2.94159;49.1627;2.97592;15
22:08:41.312;49.1686;2.95867;49.1745;2.9415;49.1627;2.97583;15
