22:49:21.919;48.8547;2.34386;49.0455;1.79455;48.6632;2.89318;10
22:49:21.962;48.8547;2.33837;49.0455;1.78905;48.6632;2.88768;10
22:49:22.160;48.8547;2.32738;49.0455;1.77807;48.6632;2.8767;10
22:49:22.161;48.8529;2.26284;49.0437;1.71352;48.6614;2.81215;10
22:49:22.161;48.8529;2.25323;49.0437;1.70391;48.6614;2.80254;10
22:49:22.161;48.8529;2.24636;49.0437;1.69704;48.6614;2.79567;10
22:49:22.161;48.8529;2.24499;49.0437;1.69567;48.6614;2.7943;10
22:49:22.161;48.8529;2.24636;49.0437;1.69704;48.6614;2.79567;10
22:49:22.161;48.8538;2.24911;49.0446;1.69979;48.6623;2.79842;10
22:49:22.162;48.8619;2.26421;49.0527;1.7149;48.6705;2.81352;10
22:49:22.233;48.8737;2.28893;49.0644;1.73962;48.6823;2.83824;10
22:49:22.233;48.8755;2.29168;49.0662;1.74236;48.6841;2.84099;10
22:49:22.304;48.8755;2.29305;49.0662;1.74374;48.6841;2.84236;10
22:49:22.424;48.8755;2.29443;49.0662;1.74511;48.6841;2.84374;10
22:49:22.424;48.8755;2.29717;49.0662;1.74786;48.6841;2.84648;10
22:49:22.425;48.8746;2.29992;49.0653;1.7506;48.6832;2.84923;10
22:49:22.425;48.8728;2.30679;49.0635;1.75747;48.6814;2.8561;10
22:49:22.425;48.8692;2.3164;49.0599;1.76708;48.6778;2.86571;10
22:49:22.425;48.8674;2.32601;49.0581;1.7767;48.6759;2.87532;10
22:49:22.425;48.8656;2.3315;49.0563;1.78219;48.6741;2.88082;10
22:49:22.606;48.8656;2.33425;49.0563;1.78493;48.6741;2.88356;10
22:49:22.606;48.8656;2.33562;49.0563;1.78631;48.6741;2.88494;10
22:49:22.606;48.8647;2.337;49.0554;1.78768;48.6732;2.88631;10
22:49:22.606;48.8629;2.337;49.0536;1.78768;48.6714;2.88631;10
22:49:22.606;48.8592;2.337;49.05;1.78768;48.6678;2.88631;10
22:49:22.606;48.8556;2.337;49.0464;1.78768;48.6642;2.88631;10
22:49:22.606;48.852;2.337;49.0428;1.78768;48.6605;2.88631;10
22:49:22.606;48.8484;2.337;49.0392;1.78768;48.6569;2.88631;10
22:49:22.607;48.8448;2.337;49.0356;1.78768;48.6533;2.88631;10
22:49:22.607;48.8403;2.337;49.0311;1.78768;48.6487;2.88631;10
22:49:22.607;48.8366;2.337;49.0275;1.78768;48.6451;2.88631;10
22:49:22.650;48.8348;2.33562;49.0257;1.78631;48.6433;2.88494;10
22:49:22.773;48.8385;2.33562;49.0293;1.78631;48.6469;2.88494;10
22:49:22.774;48.843;2.33425;49.0338;1.78493;48.6515;2.88356;10
22:49:22.774;48.8466;2.3315;49.0374;1.78219;48.6551;2.88082;10
22:49:22.774;48.8502;2.32876;49.041;1.77944;48.6587;2.87807;10
22:49:22.774;48.8511;2.32601;49.0419;1.7767;48.6596;2.87532;10
22:49:22.815;48.852;2.32464;49.0428;1.77532;48.6605;2.87395;10
22:49:23.777;48.852;2.32464;48.9475;2.04998;48.7564;2.59929;11
22:49:23.777;48.852;2.32464;48.9475;2.04998;48.7564;2.59929;11
22:49:24.273;48.8511;2.32533;48.9466;2.05067;48.7555;2.59998;11
22:49:24.345;48.8488;2.32876;48.9443;2.0541;48.7532;2.60341;11
22:49:24.345;48.847;2.33356;48.9425;2.05891;48.7514;2.60822;11
22:49:24.345;48.8457;2.33494;48.9412;2.06028;48.75;2.60959;11
22:49:24.345;48.8452;2.33562;48.9407;2.06097;48.7496;2.61028;11
22:49:24.417;48.8443;2.337;48.9398;2.06234;48.7487;2.61165;11
22:49:24.417;48.8434;2.33768;48.9389;2.06303;48.7478;2.61234;11
22:49:24.417;48.8425;2.33837;48.938;2.06371;48.7468;2.61302;11
22:49:24.417;48.8421;2.33906;48.9375;2.0644;48.7464;2.61371;11
22:49:24.496;48.8421;2.33837;48.9375;2.06371;48.7464;2.61302;11
22:49:24.496;48.843;2.33562;48.9384;2.06097;48.7473;2.61028;11
22:49:24.579;48.8439;2.33219;48.9394;2.05753;48.7482;2.60684;11
22:49:24.579;48.8452;2.32807;48.9407;2.05341;48.7496;2.60272;11
22:49:24.579;48.8457;2.32327;48.9412;2.04861;48.75;2.59792;11
22:49:24.579;48.8466;2.32052;48.9421;2.04586;48.7509;2.59517;11
22:49:24.579;48.847;2.31777;48.9425;2.04311;48.7514;2.59242;11
22:49:24.660;48.847;2.31846;48.9425;2.0438;48.7514;2.59311;11
22:49:24.713;48.847;2.31915;48.9425;2.04449;48.7514;2.5938;11
22:49:24.727;48.847;2.32052;48.9425;2.04586;48.7514;2.59517;11
22:49:24.728;48.847;2.32327;48.9425;2.04861;48.7514;2.59792;11
22:49:24.864;48.8475;2.32601;48.943;2.05135;48.7518;2.60066;11
22:49:24.864;48.8484;2.32738;48.9439;2.05273;48.7527;2.60204;11
22:49:24.864;48.8493;2.32807;48.9448;2.05341;48.7536;2.60272;11
22:49:24.864;48.8498;2.32807;48.9452;2.05341;48.7541;2.60272;11
22:49:24.864;48.8507;2.32807;48.9461;2.05341;48.755;2.60272;11
22:49:24.865;48.8516;2.32807;48.947;2.05341;48.7559;2.60272;11
22:49:24.879;48.8529;2.32807;48.9484;2.05341;48.7573;2.60272;11
22:49:24.879;48.8534;2.32807;48.9488;2.05341;48.7577;2.60272;11
22:49:24.879;48.8547;2.32807;48.9502;2.05341;48.7591;2.60272;11
22:49:25.031;48.8565;2.32807;48.952;2.05341;48.7609;2.60272;11
22:49:25.031;48.8583;2.32807;48.9538;2.05341;48.7627;2.60272;11
22:49:25.031;48.8592;2.32807;48.9547;2.05341;48.7636;2.60272;11
22:49:25.031;48.8601;2.32807;48.9556;2.05341;48.7645;2.60272;11
22:49:25.031;48.861;2.32876;48.9565;2.0541;48.7654;2.60341;11
22:49:25.031;48.8619;2.32876;48.9574;2.0541;48.7663;2.60341;11
22:49:25.032;48.8629;2.32876;48.9583;2.0541;48.7672;2.60341;11
22:49:25.032;48.8638;2.32876;48.9592;2.0541;48.7681;2.60341;11
22:49:25.032;48.8642;2.32876;48.9596;2.0541;48.7686;2.60341;11
22:49:25.114;48.8647;2.32876;48.9601;2.0541;48.769;2.60341;11
22:49:25.114;48.8651;2.32876;48.9605;2.0541;48.7695;2.60341;11
22:49:25.177;48.8656;2.32876;48.961;2.0541;48.7699;2.60341;11
22:49:25.281;48.8651;2.32876;48.9605;2.0541;48.7695;2.60341;11
22:49:25.281;48.8633;2.32876;48.9588;2.0541;48.7677;2.60341;11
22:49:25.281;48.8624;2.32876;48.9578;2.0541;48.7668;2.60341;11
22:49:25.281;48.8615;2.32876;48.9569;2.0541;48.7659;2.60341;11
22:49:25.394;48.8597;2.33013;48.9551;2.05547;48.764;2.60478;11
22:49:25.394;48.8579;2.3315;48.9533;2.05685;48.7622;2.60616;11
22:49:25.394;48.8552;2.33425;48.9506;2.05959;48.7595;2.6089;11
22:49:25.394;48.8529;2.33562;48.9484;2.06097;48.7573;2.61028;11
22:49:25.394;48.852;2.33562;48.9475;2.06097;48.7564;2.61028;11
22:49:25.394;48.8516;2.33562;48.947;2.06097;48.7559;2.61028;11
22:49:25.460;48.8511;2.33562;48.9466;2.06097;48.7555;2.61028;11
22:49:25.530;48.8502;2.33494;48.9457;2.06028;48.7546;2.60959;11
22:49:25.530;48.8488;2.33356;48.9443;2.05891;48.7532;2.60822;11
22:49:25.589;48.847;2.33356;48.9425;2.05891;48.7514;2.60822;11
22:49:25.589;48.8461;2.33356;48.9416;2.05891;48.7505;2.60822;11
22:49:25.589;48.8457;2.33356;48.9412;2.05891;48.75;2.60822;11
22:49:26.392;48.8457;2.33356;48.8934;2.19624;48.7979;2.47089;12
22:49:26.392;48.8457;2.33356;48.8934;2.19624;48.7979;2.47089;12
22:49:26.745;48.8452;2.33391;48.893;2.19658;48.7974;2.47123;12
22:49:26.816;48.8443;2.33459;48.8921;2.19727;48.7965;2.47192;12
22:49:26.816;48.8434;2.33494;48.8912;2.19761;48.7956;2.47226;12
22:49:26.816;48.8432;2.33528;48.891;2.19795;48.7954;2.47261;12
22:49:26.816;48.843;2.33528;48.8907;2.19795;48.7952;2.47261;12
22:49:26.884;48.8427;2.33528;48.8905;2.19795;48.7949;2.47261;12
22:49:26.885;48.8425;2.33528;48.8903;2.19795;48.7947;2.47261;12
22:49:26.885;48.8423;2.33528;48.8901;2.19795;48.7945;2.47261;12
22:49:26.885;48.8421;2.33562;48.8898;2.1983;48.7943;2.47295;12
22:49:26.931;48.8421;2.33597;48.8898;2.19864;48.7943;2.47329;12
22:49:26.931;48.8421;2.33665;48.8898;2.19933;48.7943;2.47398;12
22:49:27.001;48.8421;2.337;48.8898;2.19967;48.7943;2.47432;12
22:49:27.001;48.8421;2.33734;48.8898;2.20001;48.7943;2.47467;12
22:49:27.001;48.8421;2.33803;48.8898;2.2007;48.7943;2.47535;12
22:49:27.001;48.8423;2.33837;48.8901;2.20104;48.7945;2.4757;12
22:49:27.072;48.8425;2.33906;48.8903;2.20173;48.7947;2.47638;12
22:49:27.072;48.8427;2.33974;48.8905;2.20242;48.7949;2.47707;12
22:49:27.072;48.8432;2.34009;48.891;2.20276;48.7954;2.47741;12
22:49:27.072;48.8437;2.34009;48.8914;2.20276;48.7958;2.47741;12
22:49:27.165;48.8441;2.33974;48.8919;2.20242;48.7963;2.47707;12
22:49:27.211;48.8443;2.3394;48.8921;2.20207;48.7965;2.47672;12
22:49:27.211;48.8446;2.33906;48.8923;2.20173;48.7967;2.47638;12
22:49:27.282;48.8448;2.33837;48.8925;2.20104;48.797;2.4757;12
22:49:27.343;48.8443;2.33837;48.8921;2.20104;48.7965;2.4757;12
22:49:27.344;48.8441;2.33837;48.8919;2.20104;48.7963;2.4757;12
22:49:27.344;48.8439;2.33837;48.8916;2.20104;48.7961;2.4757;12
