19:52:41.159;48.8547;2.34936;49.0455;1.80004;48.6632;2.89867;10
19:52:41.257;48.8538;2.36446;49.0446;1.81515;48.6623;2.91377;10
19:52:41.258;48.8529;2.38369;49.0437;1.83437;48.6614;2.933;10
19:52:41.258;48.8529;2.39193;49.0437;1.84261;48.6614;2.94124;10
19:52:41.258;48.852;2.39742;49.0428;1.84811;48.6605;2.94673;10
19:52:41.258;48.852;2.3988;49.0428;1.84948;48.6605;2.94811;10
19:52:41.492;48.852;2.39605;49.0428;1.84673;48.6605;2.94536;10
19:52:41.547;48.852;2.39056;49.0428;1.84124;48.6605;2.93987;10
19:52:41.547;48.852;2.38506;49.0428;1.83575;48.6605;2.93437;10
19:52:41.547;48.852;2.38232;49.0428;1.833;48.6605;2.93163;10
19:52:41.579;48.852;2.37957;49.0428;1.83025;48.6605;2.92888;10
19:52:41.661;48.852;2.3782;49.0428;1.82888;48.6605;2.92751;10
19:52:41.745;48.852;2.37682;49.0428;1.82751;48.6605;2.92613;10
19:52:41.793;48.852;2.37545;49.0428;1.82613;48.6605;2.92476;10
19:52:41.793;48.852;2.3727;49.0428;1.82339;48.6605;2.92201;10
19:52:41.829;48.852;2.36996;49.0428;1.82064;48.6605;2.91927;10
19:52:41.846;48.852;2.36858;49.0428;1.81927;48.6605;2.91789;10
19:52:41.862;48.852;2.36721;49.0428;1.81789;48.6605;2.91652;10
19:52:43.984;48.8502;2.36584;49.041;1.81652;48.6587;2.91515;10
19:52:44.053;48.8502;2.36446;49.041;1.81515;48.6587;2.91377;10
19:52:44.055;48.8493;2.36309;49.0401;1.81377;48.6578;2.9124;10
19:52:44.055;48.8493;2.35897;49.0401;1.80965;48.6578;2.90828;10
19:52:44.055;48.8493;2.35348;49.0401;1.80416;48.6578;2.90279;10
19:52:44.069;48.8493;2.34936;49.0401;1.80004;48.6578;2.89867;10
19:52:44.154;48.8493;2.34661;49.0401;1.79729;48.6578;2.89592;10
19:52:44.154;48.8493;2.34386;49.0401;1.79455;48.6578;2.89318;10
19:52:44.154;48.8493;2.33837;49.0401;1.78905;48.6578;2.88768;10
19:52:44.154;48.8493;2.33425;49.0401;1.78493;48.6578;2.88356;10
19:52:44.154;48.8493;2.3315;49.0401;1.78219;48.6578;2.88082;10
19:52:44.171;48.8493;2.32876;49.0401;1.77944;48.6578;2.87807;10
19:52:44.184;48.8484;2.32601;49.0392;1.7767;48.6569;2.87532;10
19:52:44.201;48.8484;2.32189;49.0392;1.77258;48.6569;2.8712;10
19:52:44.221;48.8475;2.31915;49.0383;1.76983;48.656;2.86846;10
19:52:44.304;48.8484;2.3164;49.0392;1.76708;48.6569;2.86571;10
19:52:44.318;48.852;2.31365;49.0428;1.76434;48.6605;2.86296;10
19:52:44.335;48.8565;2.30816;49.0473;1.75884;48.6651;2.85747;10
19:52:44.358;48.861;2.30267;49.0518;1.75335;48.6696;2.85198;10
19:52:44.359;48.8629;2.30129;49.0536;1.75198;48.6714;2.8506;10
19:52:44.390;48.8647;2.29992;49.0554;1.7506;48.6732;2.84923;10
19:52:44.402;48.8656;2.29992;49.0563;1.7506;48.6741;2.84923;10
19:52:44.420;48.8665;2.29992;49.0572;1.7506;48.675;2.84923;10
19:52:44.438;48.8674;2.29992;49.0581;1.7506;48.6759;2.84923;10
19:52:44.453;48.8683;2.29992;49.059;1.7506;48.6768;2.84923;10
19:52:44.472;48.8692;2.30129;49.0599;1.75198;48.6778;2.8506;10
19:52:44.485;48.8701;2.30404;49.0608;1.75472;48.6787;2.85335;10
19:52:44.518;48.871;2.31091;49.0617;1.76159;48.6796;2.86022;10
19:52:44.518;48.871;2.32738;49.0617;1.77807;48.6796;2.8767;10
19:52:44.536;48.8719;2.34249;49.0626;1.79317;48.6805;2.8918;10
19:52:44.555;48.8719;2.35073;49.0626;1.80141;48.6805;2.90004;10
19:52:44.570;48.8719;2.3521;49.0626;1.80279;48.6805;2.90142;10
19:52:44.639;48.8719;2.35073;49.0626;1.80141;48.6805;2.90004;10
19:52:44.653;48.8701;2.34661;49.0608;1.79729;48.6787;2.89592;10
19:52:44.672;48.8683;2.34112;49.059;1.7918;48.6768;2.89043;10
19:52:44.688;48.8665;2.33425;49.0572;1.78493;48.675;2.88356;10
19:52:44.702;48.8647;2.32738;49.0554;1.77807;48.6732;2.8767;10
19:52:44.721;48.8638;2.32052;49.0545;1.7712;48.6723;2.86983;10
19:52:44.735;48.8629;2.30953;49.0536;1.76022;48.6714;2.85884;10
19:52:44.755;48.8629;2.29717;49.0536;1.74786;48.6714;2.84648;10
19:52:44.768;48.8619;2.28619;49.0527;1.73687;48.6705;2.8355;10
19:52:44.787;48.8619;2.27795;49.0527;1.72863;48.6705;2.82726;10
19:52:44.804;48.8619;2.27245;49.0527;1.72314;48.6705;2.82176;10
19:52:44.823;48.8619;2.26833;49.0527;1.71902;48.6705;2.81764;10
19:52:44.836;48.8619;2.26559;49.0527;1.71627;48.6705;2.8149;10
19:52:46.007;48.8619;2.26696;49.0527;1.71764;48.6705;2.81627;10
19:52:46.028;48.8638;2.4139;49.0545;1.86459;48.6723;2.96321;10
19:52:46.049;48.8629;2.42901;49.0536;1.87969;48.6714;2.97832;10
19:52:46.081;48.8629;2.43176;49.0536;1.88244;48.6714;2.98107;10
19:52:46.103;48.8629;2.43313;49.0536;1.88381;48.6714;2.98244;10
19:52:46.124;48.8629;2.4345;49.0536;1.88519;48.6714;2.98381;10
19:52:46.424;48.8629;2.43313;49.0536;1.88381;48.6714;2.98244;10
19:52:46.494;48.8629;2.43038;49.0536;1.88107;48.6714;2.97969;10
19:52:46.494;48.8629;2.42764;49.0536;1.87832;48.6714;2.97695;10
19:52:46.494;48.8629;2.42352;49.0536;1.8742;48.6714;2.97283;10
19:52:46.494;48.8629;2.41802;49.0536;1.86871;48.6714;2.96733;10
19:52:46.593;48.8629;2.41116;49.0536;1.86184;48.6714;2.96047;10
19:52:46.593;48.8629;2.40429;49.0536;1.85497;48.6714;2.9536;10
19:52:46.593;48.8629;2.40017;49.0536;1.85085;48.6714;2.94948;10
19:52:46.593;48.8629;2.39742;49.0536;1.84811;48.6714;2.94673;10
19:52:46.593;48.8629;2.39468;49.0536;1.84536;48.6714;2.94399;10
19:52:46.593;48.8629;2.3933;49.0536;1.84399;48.6714;2.94261;10
19:52:46.609;48.8629;2.39056;49.0536;1.84124;48.6714;2.93987;10
19:52:46.629;48.8638;2.38781;49.0545;1.83849;48.6723;2.93712;10
19:52:46.774;48.8647;2.38644;49.0554;1.83712;48.6732;2.93575;10
19:52:48.394;48.861;2.36034;49.0518;1.81102;48.6696;2.90965;10
19:52:48.395;48.861;2.36034;49.0518;1.81102;48.6696;2.90965;10
19:52:48.395;48.861;2.36034;49.0518;1.81102;48.6696;2.90965;10
19:52:48.395;48.861;2.36034;49.0518;1.81102;48.6696;2.90965;10
19:52:49.361;48.8647;2.38644;49.0554;1.83712;48.6732;2.93575;10
19:52:49.361;48.8647;2.38644;49.0554;1.83712;48.6732;2.93575;10
19:52:49.362;48.8647;2.38644;49.0554;1.83712;48.6732;2.93575;10
19:52:49.362;48.8647;2.38644;49.0554;1.83712;48.6732;2.93575;10
19:52:49.841;48.861;2.36034;49.0518;1.81102;48.6696;2.90965;10
19:52:49.841;48.861;2.36034;49.0518;1.81102;48.6696;2.90965;10
19:52:49.841;48.861;2.36034;49.0518;1.81102;48.6696;2.90965;10
19:52:49.841;48.861;2.36034;49.0518;1.81102;48.6696;2.90965;10
19:52:50.359;48.8647;2.38644;49.0554;1.83712;48.6732;2.93575;10
19:52:50.359;48.8647;2.38644;49.0554;1.83712;48.6732;2.93575;10
19:52:50.359;48.8647;2.38644;49.0554;1.83712;48.6732;2.93575;10
19:52:50.359;48.8647;2.38644;49.0554;1.83712;48.6732;2.93575;10
19:52:50.812;48.861;2.36034;49.0518;1.81102;48.6696;2.90965;10
19:52:50.812;48.861;2.36034;49.0518;1.81102;48.6696;2.90965;10
19:52:50.812;48.861;2.36034;49.0518;1.81102;48.6696;2.90965;10
19:52:50.812;48.861;2.36034;49.0518;1.81102;48.6696;2.90965;10
19:52:51.239;48.8647;2.38644;49.0554;1.83712;48.6732;2.93575;10
19:52:51.239;48.8647;2.38644;49.0554;1.83712;48.6732;2.93575;10
19:52:51.239;48.8647;2.38644;49.0554;1.83712;48.6732;2.93575;10
19:52:51.239;48.8647;2.38644;49.0554;1.83712;48.6732;2.93575;10
