20:52:32.150;48.8547;2.34661;48.9502;2.07195;48.7591;2.62126;11
20:52:32.166;48.8547;2.34661;48.9025;2.20928;48.8069;2.48393;12
20:52:32.181;48.8547;2.34661;48.8786;2.27795;48.8308;2.41527;13
20:52:34.443;48.8547;2.34661;48.8667;2.31228;48.8428;2.38094;14
20:52:34.583;48.8547;2.34661;48.8607;2.32944;48.8488;2.36377;15
20:52:47.990;48.8547;2.34661;48.8607;2.32944;48.8487;2.36377;15
20:52:48.036;48.8547;2.34653;48.8607;2.32936;48.8487;2.36369;15
20:52:48.036;48.8547;2.3464;48.8606;2.32923;48.8487;2.36356;15
20:52:48.068;48.8547;2.34631;48.8606;2.32914;48.8487;2.36347;15
20:52:48.130;48.8547;2.34622;48.8606;2.32906;48.8487;2.36339;15
20:52:48.161;48.8546;2.34601;48.8606;2.32884;48.8487;2.36317;15
20:52:48.161;48.8546;2.34597;48.8606;2.3288;48.8487;2.36313;15
20:52:48.192;48.8546;2.34592;48.8606;2.32876;48.8487;2.36309;15
20:52:48.504;48.8546;2.34592;48.8606;2.32876;48.8486;2.36309;15
20:52:48.567;48.8546;2.34592;48.8605;2.32876;48.8486;2.36309;15
20:52:48.972;48.8545;2.34592;48.8605;2.32876;48.8486;2.36309;15
20:52:49.456;48.8545;2.34592;48.8605;2.32876;48.8485;2.36309;15
20:52:49.799;48.8544;2.34592;48.8604;2.32876;48.8485;2.36309;15
20:52:49.830;48.8544;2.34597;48.8604;2.3288;48.8484;2.36313;15
20:52:49.861;48.8544;2.34605;48.8603;2.32889;48.8484;2.36321;15
20:52:49.861;48.8542;2.34614;48.8602;2.32897;48.8483;2.3633;15
20:52:49.893;48.8542;2.34627;48.8601;2.3291;48.8482;2.36343;15
20:52:49.908;48.8541;2.34644;48.8601;2.32927;48.8481;2.3636;15
20:52:50.173;48.8541;2.34644;48.86;2.32927;48.8481;2.3636;15
20:52:50.205;48.854;2.34644;48.86;2.32927;48.8481;2.3636;15
20:52:50.236;48.854;2.34644;48.86;2.32927;48.848;2.3636;15
20:52:50.236;48.854;2.34648;48.8599;2.32932;48.848;2.36364;15
20:52:50.267;48.8539;2.34648;48.8599;2.32932;48.8479;2.36364;15
20:52:50.267;48.8539;2.34653;48.8598;2.32936;48.8479;2.36369;15
20:52:50.298;48.8538;2.34653;48.8598;2.32936;48.8478;2.36369;15
20:52:50.298;48.8538;2.34661;48.8597;2.32944;48.8478;2.36377;15
20:52:50.345;48.8537;2.3467;48.8597;2.32953;48.8477;2.36386;15
20:52:50.345;48.8536;2.34678;48.8596;2.32962;48.8476;2.36394;15
20:52:50.376;48.8535;2.34695;48.8595;2.32979;48.8475;2.36412;15
20:52:50.376;48.8534;2.34713;48.8593;2.32996;48.8474;2.36429;15
20:52:50.407;48.8532;2.34743;48.8592;2.33026;48.8473;2.36459;15
20:52:50.439;48.8532;2.3476;48.8592;2.33043;48.8473;2.36476;15
20:52:50.439;48.8532;2.34768;48.8592;2.33052;48.8472;2.36484;15
20:52:50.579;48.8532;2.34777;48.8592;2.3306;48.8472;2.36493;15
20:52:50.766;48.8532;2.34781;48.8592;2.33065;48.8472;2.36497;15
20:52:53.746;48.8532;2.34781;48.8591;2.33065;48.8472;2.36497;15
20:52:53.777;48.8531;2.34768;48.8591;2.33052;48.8471;2.36484;15
20:52:53.777;48.8531;2.3476;48.8591;2.33043;48.8471;2.36476;15
20:52:53.824;48.853;2.34751;48.859;2.33035;48.847;2.36467;15
20:52:53.824;48.853;2.34743;48.859;2.33026;48.847;2.36459;15
20:52:53.855;48.853;2.34734;48.8589;2.33017;48.847;2.3645;15
20:52:53.855;48.8529;2.34734;48.8589;2.33017;48.847;2.3645;15
20:52:53.964;48.8529;2.3473;48.8589;2.33013;48.847;2.36446;15
20:52:53.995;48.8529;2.34725;48.8589;2.33009;48.847;2.36442;15
20:52:54.105;48.8529;2.34721;48.8589;2.33005;48.847;2.36437;15
20:52:54.151;48.853;2.34721;48.8589;2.33005;48.847;2.36437;15
20:52:54.151;48.853;2.34721;48.859;2.33005;48.847;2.36437;15
20:52:54.167;48.8531;2.34713;48.8591;2.32996;48.8471;2.36429;15
20:52:54.198;48.8531;2.34713;48.8591;2.32996;48.8471;2.36429;15
20:52:54.229;48.8531;2.34708;48.8591;2.32992;48.8472;2.36424;15
20:52:55.852;48.8531;2.34717;48.8591;2.33;48.8471;2.36433;15
20:52:55.883;48.8531;2.34725;48.8591;2.33009;48.8471;2.36442;15
20:52:55.883;48.8531;2.34734;48.8591;2.33017;48.8472;2.3645;15
20:52:55.930;48.8532;2.34751;48.8592;2.33035;48.8472;2.36467;15
20:52:55.930;48.8532;2.34768;48.8592;2.33052;48.8473;2.36484;15
20:52:55.961;48.8533;2.34781;48.8593;2.33065;48.8473;2.36497;15
20:52:55.961;48.8533;2.34786;48.8593;2.33069;48.8474;2.36502;15
20:52:55.961;48.8534;2.34786;48.8593;2.33069;48.8474;2.36502;15
20:52:55.992;48.8534;2.3479;48.8593;2.33073;48.8474;2.36506;15
20:52:56.101;48.8534;2.34786;48.8593;2.33069;48.8474;2.36502;15
20:52:56.132;48.8534;2.34768;48.8593;2.33052;48.8474;2.36484;15
20:52:56.132;48.8534;2.34751;48.8593;2.33035;48.8474;2.36467;15
20:52:56.164;48.8534;2.34734;48.8593;2.33017;48.8474;2.3645;15
20:52:56.164;48.8534;2.34725;48.8593;2.33009;48.8474;2.36442;15
20:52:56.179;48.8534;2.34717;48.8593;2.33;48.8474;2.36433;15
20:52:56.226;48.8533;2.34708;48.8593;2.32992;48.8474;2.36424;15
20:52:56.242;48.8533;2.34704;48.8593;2.32987;48.8474;2.3642;15
20:52:56.304;48.8533;2.347;48.8593;2.32983;48.8474;2.36416;15
20:52:56.335;48.8533;2.34695;48.8593;2.32979;48.8474;2.36412;15
20:52:56.382;48.8533;2.34691;48.8593;2.32975;48.8474;2.36407;15
20:52:59.237;48.8533;2.34683;48.8593;2.32966;48.8474;2.36399;15
20:52:59.252;48.8533;2.34674;48.8593;2.32957;48.8474;2.3639;15
20:52:59.284;48.8533;2.34657;48.8593;2.3294;48.8474;2.36373;15
20:52:59.299;48.8533;2.3464;48.8593;2.32923;48.8474;2.36356;15
20:52:59.299;48.8533;2.34618;48.8593;2.32902;48.8474;2.36334;15
20:52:59.330;48.8533;2.34601;48.8593;2.32884;48.8474;2.36317;15
20:52:59.330;48.8533;2.34584;48.8593;2.32867;48.8474;2.363;15
20:52:59.362;48.8533;2.34567;48.8593;2.3285;48.8474;2.36283;15
20:52:59.362;48.8533;2.34554;48.8593;2.32837;48.8474;2.3627;15
20:52:59.408;48.8533;2.34545;48.8593;2.32829;48.8474;2.36261;15
20:52:59.408;48.8533;2.34541;48.8593;2.32824;48.8474;2.36257;15
20:52:59.440;48.8533;2.34537;48.8593;2.3282;48.8474;2.36253;15
20:52:59.440;48.8533;2.34532;48.8593;2.32816;48.8474;2.36248;15
20:52:59.471;48.8533;2.34528;48.8593;2.32811;48.8474;2.36244;15
20:52:59.471;48.8533;2.34524;48.8593;2.32807;48.8474;2.3624;15
20:52:59.486;48.8534;2.34519;48.8593;2.32803;48.8474;2.36236;15
20:52:59.502;48.8534;2.34515;48.8593;2.32799;48.8474;2.36231;15
20:52:59.549;48.8534;2.34511;48.8594;2.32794;48.8474;2.36227;15
20:52:59.580;48.8534;2.34502;48.8594;2.32786;48.8475;2.36218;15
20:52:59.611;48.8535;2.34498;48.8595;2.32781;48.8475;2.36214;15
20:52:59.611;48.8535;2.34489;48.8595;2.32773;48.8476;2.36206;15
20:52:59.642;48.8536;2.34489;48.8596;2.32773;48.8476;2.36206;15
20:52:59.642;48.8537;2.34481;48.8597;2.32764;48.8477;2.36197;15
20:52:59.674;48.8538;2.34472;48.8598;2.32756;48.8478;2.36188;15
20:52:59.674;48.8539;2.34472;48.8599;2.32756;48.8479;2.36188;15
20:52:59.705;48.854;2.34472;48.8599;2.32756;48.848;2.36188;15
20:52:59.705;48.854;2.34472;48.86;2.32756;48.848;2.36188;15
20:52:59.736;48.854;2.34472;48.86;2.32756;48.8481;2.36188;15
20:52:59.736;48.8541;2.34472;48.8601;2.32756;48.8481;2.36188;15
20:53:01.327;48.8541;2.34468;48.8601;2.32751;48.8481;2.36184;15
20:53:01.358;48.8541;2.34451;48.8601;2.32734;48.8481;2.36167;15
20:53:01.390;48.8541;2.34421;48.8601;2.32704;48.8481;2.36137;15
20:53:01.390;48.8541;2.34374;48.8601;2.32657;48.8482;2.3609;15
20:53:01.405;48.8543;2.34313;48.8602;2.32597;48.8483;2.3603;15
20:53:01.421;48.8544;2.34279;48.8604;2.32563;48.8484;2.35995;15
20:53:01.436;48.8544;2.34245;48.8604;2.32528;48.8485;2.35961;15
20:53:01.452;48.8545;2.34223;48.8605;2.32507;48.8485;2.35939;15
20:53:01.468;48.8545;2.34215;48.8605;2.32498;48.8485;2.35931;15
20:53:01.483;48.8546;2.34206;48.8605;2.3249;48.8486;2.35922;15
20:53:01.499;48.8546;2.34202;48.8606;2.32485;48.8487;2.35918;15
20:53:01.514;48.8547;2.34202;48.8606;2.32485;48.8487;2.35918;15
20:53:01.530;48.8547;2.34202;48.8607;2.32485;48.8487;2.35918;15
20:53:01.561;48.8547;2.34198;48.8607;2.32481;48.8488;2.35914;15
20:53:01.702;48.8547;2.34202;48.8607;2.32485;48.8488;2.35918;15
20:53:01.717;48.8548;2.3421;48.8607;2.32494;48.8488;2.35927;15
20:53:01.717;48.8548;2.34228;48.8608;2.32511;48.8488;2.35944;15
20:53:01.764;48.8548;2.34249;48.8608;2.32533;48.8489;2.35965;15
20:53:01.795;48.8549;2.34258;48.8608;2.32541;48.8489;2.35974;15
20:53:01.795;48.8549;2.34266;48.8609;2.3255;48.8489;2.35982;15
20:53:01.826;48.8549;2.34266;48.8609;2.3255;48.8489;2.35982;15
20:53:01.826;48.855;2.34266;48.8609;2.3255;48.849;2.35982;15
20:53:01.858;48.855;2.34266;48.861;2.3255;48.8491;2.35982;15
20:53:01.858;48.8551;2.34266;48.861;2.3255;48.8491;2.35982;15
20:53:01.904;48.8551;2.34266;48.8611;2.3255;48.8491;2.35982;15
20:53:02.170;48.8551;2.34271;48.8611;2.32554;48.8491;2.35987;15
20:53:02.185;48.8552;2.34275;48.8612;2.32558;48.8493;2.35991;15
20:53:02.216;48.8554;2.34283;48.8613;2.32567;48.8494;2.36;15
20:53:02.216;48.8556;2.34288;48.8616;2.32571;48.8496;2.36004;15
20:53:02.248;48.8559;2.34296;48.8619;2.3258;48.85;2.36012;15
20:53:02.248;48.8563;2.34305;48.8623;2.32588;48.8504;2.36021;15
20:53:02.279;48.8568;2.34313;48.8628;2.32597;48.8508;2.3603;15
20:53:02.279;48.8572;2.34322;48.8631;2.32605;48.8512;2.36038;15
20:53:02.310;48.8575;2.34331;48.8635;2.32614;48.8515;2.36047;15
20:53:02.310;48.8578;2.34335;48.8637;2.32618;48.8518;2.36051;15
20:53:02.341;48.8579;2.34335;48.8638;2.32618;48.8519;2.36051;15
20:53:02.341;48.8579;2.34335;48.8639;2.32618;48.8519;2.36051;15
20:53:02.450;48.8578;2.34335;48.8638;2.32618;48.8519;2.36051;15
20:53:02.466;48.8577;2.34335;48.8637;2.32618;48.8517;2.36051;15
20:53:02.482;48.8574;2.34331;48.8634;2.32614;48.8515;2.36047;15
20:53:02.497;48.8571;2.34326;48.8631;2.3261;48.8512;2.36042;15
20:53:02.513;48.8566;2.34326;48.8625;2.3261;48.8506;2.36042;15
20:53:02.528;48.856;2.34326;48.8619;2.3261;48.85;2.36042;15
20:53:02.544;48.8554;2.34335;48.8613;2.32618;48.8494;2.36051;15
20:53:02.560;48.8549;2.34344;48.8609;2.32627;48.8489;2.3606;15
20:53:02.575;48.8545;2.34361;48.8604;2.32644;48.8485;2.36077;15
20:53:02.591;48.8541;2.34378;48.8601;2.32661;48.8482;2.36094;15
20:53:02.606;48.854;2.34391;48.8599;2.32674;48.848;2.36107;15
20:53:02.622;48.8538;2.34408;48.8598;2.32691;48.8478;2.36124;15
20:53:02.638;48.8537;2.34425;48.8597;2.32708;48.8477;2.36141;15
20:53:02.653;48.8536;2.34447;48.8596;2.3273;48.8477;2.36163;15
20:53:02.684;48.8536;2.34468;48.8596;2.32751;48.8476;2.36184;15
20:53:02.700;48.8536;2.34489;48.8595;2.32773;48.8476;2.36206;15
20:53:02.716;48.8536;2.34519;48.8595;2.32803;48.8476;2.36236;15
20:53:02.731;48.8536;2.34541;48.8595;2.32824;48.8476;2.36257;15
20:53:02.747;48.8536;2.34562;48.8595;2.32846;48.8476;2.36278;15
20:53:02.762;48.8536;2.34571;48.8596;2.32854;48.8476;2.36287;15
20:53:02.778;48.8536;2.34571;48.8596;2.32854;48.8477;2.36287;15
20:53:02.794;48.8537;2.34571;48.8597;2.32854;48.8477;2.36287;15
20:53:02.809;48.8537;2.34571;48.8597;2.32854;48.8478;2.36287;15
20:53:03.059;48.8537;2.34584;48.8596;2.32867;48.8477;2.363;15
20:53:03.106;48.8535;2.34627;48.8595;2.3291;48.8476;2.36343;15
20:53:03.106;48.8532;2.347;48.8592;2.32983;48.8473;2.36416;15
20:53:03.137;48.8529;2.34803;48.8589;2.33086;48.847;2.36519;15
20:53:03.137;48.8527;2.34914;48.8586;2.33198;48.8467;2.3663;15
20:53:03.168;48.8525;2.35;48.8585;2.33284;48.8465;2.36716;15
20:53:03.184;48.8525;2.35047;48.8585;2.33331;48.8465;2.36763;15
20:53:03.215;48.8525;2.35056;48.8585;2.33339;48.8465;2.36772;15
20:53:03.215;48.8525;2.35056;48.8585;2.33339;48.8465;2.36772;15
20:53:03.230;48.8527;2.35056;48.8587;2.33339;48.8468;2.36772;15
20:53:03.246;48.8531;2.35034;48.8591;2.33318;48.8472;2.36751;15
20:53:03.262;48.8536;2.34974;48.8596;2.33258;48.8476;2.3669;15
20:53:03.308;48.854;2.34893;48.86;2.33176;48.848;2.36609;15
20:53:03.308;48.8546;2.34657;48.8606;2.3294;48.8486;2.36373;15
20:53:03.355;48.8548;2.34545;48.8607;2.32829;48.8488;2.36261;15
20:53:03.386;48.8549;2.34489;48.8609;2.32773;48.8489;2.36206;15
20:53:03.402;48.8549;2.34498;48.8609;2.32781;48.8489;2.36214;15
20:53:03.402;48.8549;2.34532;48.8609;2.32816;48.8489;2.36248;15
20:53:03.449;48.8549;2.34618;48.8608;2.32902;48.8489;2.36334;15
20:53:03.449;48.8548;2.347;48.8608;2.32983;48.8488;2.36416;15
20:53:03.496;48.8548;2.34734;48.8607;2.33017;48.8488;2.3645;15
20:53:03.496;48.8548;2.34738;48.8607;2.33022;48.8488;2.36454;15
20:53:03.542;48.8547;2.34734;48.8607;2.33017;48.8488;2.3645;15
20:53:03.542;48.8547;2.34661;48.8607;2.32944;48.8487;2.36377;15
20:53:03.558;48.8547;2.34515;48.8607;2.32799;48.8487;2.36231;15
20:53:03.574;48.8547;2.34356;48.8607;2.3264;48.8488;2.36072;15
20:53:03.589;48.8548;2.34262;48.8607;2.32545;48.8488;2.35978;15
20:53:03.605;48.8548;2.34202;48.8607;2.32485;48.8488;2.35918;15
20:53:03.620;48.8548;2.34198;48.8607;2.32481;48.8488;2.35914;15
20:53:03.652;48.8548;2.34202;48.8607;2.32485;48.8488;2.35918;15
20:53:03.667;48.8548;2.34253;48.8607;2.32537;48.8488;2.35969;15
20:53:03.683;48.8547;2.34309;48.8607;2.32593;48.8488;2.36025;15
20:53:03.870;48.8547;2.34292;48.8607;2.32575;48.8488;2.36008;15
20:53:03.901;48.8547;2.34271;48.8607;2.32554;48.8488;2.35987;15
20:53:03.932;48.8547;2.34228;48.8607;2.32511;48.8488;2.35944;15
20:53:03.932;48.8547;2.34168;48.8607;2.32451;48.8487;2.35884;15
20:53:03.963;48.8546;2.34099;48.8606;2.32382;48.8487;2.35815;15
20:53:03.963;48.8546;2.3403;48.8606;2.32314;48.8486;2.35746;15
20:53:03.979;48.8545;2.33962;48.8605;2.32245;48.8486;2.35678;15
20:53:04.010;48.8545;2.33884;48.8605;2.32168;48.8485;2.356;15
20:53:04.010;48.8545;2.33876;48.8605;2.32159;48.8485;2.35592;15
20:53:04.088;48.8545;2.33884;48.8605;2.32168;48.8485;2.356;15
20:53:04.119;48.8546;2.33906;48.8605;2.32189;48.8486;2.35622;15
20:53:04.135;48.8546;2.33927;48.8606;2.32211;48.8486;2.35643;15
20:53:04.135;48.8546;2.33932;48.8606;2.32215;48.8487;2.35648;15
20:53:04.213;48.8546;2.33936;48.8606;2.32219;48.8486;2.35652;15
20:53:04.244;48.8545;2.33936;48.8605;2.32219;48.8486;2.35652;15
20:53:04.275;48.8545;2.33932;48.8605;2.32215;48.8485;2.35648;15
20:53:04.291;48.8545;2.33932;48.8604;2.32215;48.8485;2.35648;15
20:53:05.289;48.8545;2.33932;48.8664;2.30498;48.8425;2.37364;14
20:53:05.648;48.8545;2.33932;48.8604;2.32215;48.8485;2.35648;15
20:53:06.038;48.8545;2.33936;48.8605;2.32219;48.8485;2.35652;15
20:53:06.069;48.8545;2.33957;48.8605;2.32241;48.8485;2.35673;15
20:53:06.101;48.8546;2.33979;48.8605;2.32262;48.8486;2.35695;15
20:53:06.101;48.8546;2.34009;48.8606;2.32292;48.8487;2.35725;15
20:53:06.132;48.8548;2.34056;48.8607;2.32339;48.8488;2.35772;15
20:53:06.132;48.8549;2.34107;48.8609;2.32391;48.8489;2.35824;15
20:53:06.147;48.8551;2.34142;48.861;2.32425;48.8491;2.35858;15
20:53:06.163;48.8551;2.34155;48.8611;2.32438;48.8491;2.35871;15
20:53:06.179;48.8551;2.34155;48.8611;2.32438;48.8492;2.35871;15
20:53:06.241;48.8551;2.3415;48.8611;2.32434;48.8492;2.35866;15
20:53:06.272;48.8551;2.34142;48.8611;2.32425;48.8492;2.35858;15
20:53:06.303;48.8551;2.3412;48.8611;2.32404;48.8491;2.35836;15
20:53:06.303;48.855;2.34099;48.8609;2.32382;48.849;2.35815;15
20:53:06.335;48.8548;2.34069;48.8607;2.32352;48.8488;2.35785;15
20:53:06.335;48.8547;2.34056;48.8606;2.32339;48.8487;2.35772;15
20:53:06.366;48.8546;2.34056;48.8605;2.32339;48.8486;2.35772;15
20:53:06.397;48.8545;2.34052;48.8605;2.32335;48.8485;2.35768;15
20:53:06.397;48.8545;2.34047;48.8604;2.32331;48.8485;2.35763;15
20:53:06.631;48.8544;2.34043;48.8604;2.32327;48.8485;2.35759;15
20:53:06.647;48.8544;2.34052;48.8604;2.32335;48.8484;2.35768;15
20:53:06.647;48.8543;2.34056;48.8602;2.32339;48.8483;2.35772;15
20:53:06.693;48.8542;2.34065;48.8601;2.32348;48.8482;2.35781;15
20:53:06.693;48.8541;2.34082;48.86;2.32365;48.8481;2.35798;15
20:53:06.725;48.854;2.34103;48.8599;2.32387;48.848;2.35819;15
20:53:06.725;48.8539;2.3412;48.8599;2.32404;48.8479;2.35836;15
20:53:06.756;48.8538;2.34138;48.8598;2.32421;48.8479;2.35854;15
20:53:06.771;48.8538;2.34159;48.8598;2.32442;48.8478;2.35875;15
20:53:06.881;48.8539;2.34159;48.8598;2.32442;48.8479;2.35875;15
20:53:08.441;48.8539;2.34159;48.8599;2.32442;48.848;2.35875;15
20:53:08.472;48.854;2.34168;48.86;2.32451;48.848;2.35884;15
20:53:08.503;48.854;2.34168;48.86;2.32451;48.848;2.35884;15
20:53:08.534;48.854;2.34172;48.86;2.32455;48.848;2.35888;15
20:53:08.550;48.854;2.3418;48.86;2.32464;48.848;2.35897;15
20:53:08.597;48.854;2.34189;48.86;2.32472;48.848;2.35905;15
20:53:08.597;48.854;2.34198;48.86;2.32481;48.848;2.35914;15
20:53:08.612;48.854;2.34202;48.8599;2.32485;48.848;2.35918;15
20:53:08.612;48.8539;2.34206;48.8599;2.3249;48.848;2.35922;15
20:53:08.643;48.8539;2.34215;48.8598;2.32498;48.8479;2.35931;15
20:53:08.643;48.8538;2.34219;48.8598;2.32502;48.8478;2.35935;15
20:53:08.690;48.8538;2.34228;48.8598;2.32511;48.8478;2.35944;15
20:53:10.391;48.8538;2.34228;48.8657;2.30794;48.8418;2.3766;14
20:53:12.231;48.8538;2.34236;48.8657;2.30803;48.8418;2.37669;14
20:53:12.247;48.8537;2.34271;48.8657;2.30837;48.8418;2.37703;14
20:53:12.294;48.8536;2.34339;48.8656;2.30906;48.8417;2.37772;14
20:53:12.294;48.8535;2.34442;48.8655;2.31009;48.8416;2.37875;14
20:53:12.325;48.8534;2.34537;48.8653;2.31103;48.8414;2.37969;14
20:53:12.325;48.8533;2.34605;48.8652;2.31172;48.8413;2.38038;14
20:53:12.356;48.8533;2.3464;48.8652;2.31206;48.8413;2.38072;14
20:53:12.496;48.8533;2.34657;48.8653;2.31224;48.8414;2.3809;14
20:53:12.528;48.8535;2.3464;48.8654;2.31206;48.8415;2.38072;14
20:53:12.528;48.8536;2.34622;48.8655;2.31189;48.8416;2.38055;14
20:53:12.559;48.8537;2.3458;48.8657;2.31146;48.8418;2.38012;14
20:53:12.590;48.8538;2.34545;48.8658;2.31112;48.8419;2.37978;14
20:53:18.393;48.8538;2.34537;48.8658;2.31103;48.8419;2.37969;14
20:53:18.424;48.8538;2.34485;48.8658;2.31052;48.8419;2.37918;14
20:53:18.456;48.8538;2.34374;48.8658;2.3094;48.8419;2.37806;14
20:53:18.456;48.8538;2.34245;48.8658;2.30812;48.8419;2.37678;14
20:53:18.487;48.8538;2.34073;48.8658;2.3064;48.8419;2.37506;14
20:53:18.487;48.8538;2.33944;48.8658;2.30511;48.8419;2.37377;14
20:53:18.518;48.8539;2.33859;48.8658;2.30425;48.842;2.37291;14
20:53:18.518;48.8539;2.33816;48.8658;2.30382;48.842;2.37248;14
20:53:18.549;48.8539;2.33807;48.8658;2.30374;48.842;2.3724;14
20:53:18.643;48.854;2.33807;48.866;2.30374;48.8421;2.3724;14
20:53:18.690;48.8541;2.33799;48.866;2.30365;48.8421;2.37231;14
20:53:18.736;48.8542;2.33799;48.8661;2.30365;48.8422;2.37231;14
20:53:18.736;48.8542;2.33799;48.8662;2.30365;48.8423;2.37231;14
20:53:24.149;48.8541;2.33799;48.8661;2.30365;48.8422;2.37231;14
20:53:24.181;48.854;2.33799;48.866;2.30365;48.8421;2.37231;14
20:53:24.212;48.8539;2.33824;48.8658;2.30391;48.842;2.37257;14
20:53:24.212;48.8538;2.33884;48.8657;2.30451;48.8418;2.37317;14
20:53:24.243;48.8537;2.33962;48.8656;2.30528;48.8417;2.37394;14
20:53:24.243;48.8535;2.34056;48.8654;2.30623;48.8415;2.37489;14
20:53:24.274;48.8533;2.3421;48.8653;2.30777;48.8414;2.37643;14
20:53:24.274;48.8533;2.34434;48.8653;2.31;48.8414;2.37866;14
20:53:24.305;48.8533;2.34605;48.8653;2.31172;48.8414;2.38038;14
20:53:24.305;48.8533;2.34717;48.8653;2.31284;48.8414;2.3815;14
20:53:24.321;48.8533;2.3476;48.8653;2.31327;48.8414;2.38192;14
20:53:24.617;48.8534;2.34725;48.8653;2.31292;48.8414;2.38158;14
20:53:24.649;48.8534;2.34708;48.8653;2.31275;48.8414;2.38141;14
20:53:24.649;48.8534;2.34691;48.8653;2.31258;48.8414;2.38124;14
20:53:24.695;48.8535;2.34657;48.8654;2.31224;48.8415;2.3809;14
20:53:24.695;48.8535;2.34622;48.8655;2.31189;48.8416;2.38055;14
20:53:24.727;48.8536;2.34562;48.8656;2.31129;48.8417;2.37995;14
20:53:24.727;48.8537;2.34519;48.8656;2.31086;48.8417;2.37952;14
20:53:24.773;48.8538;2.34451;48.8657;2.31018;48.8418;2.37884;14
20:53:24.773;48.8538;2.34408;48.8658;2.30975;48.8419;2.37841;14
20:53:24.805;48.8539;2.34374;48.8658;2.3094;48.842;2.37806;14
20:53:24.805;48.854;2.34339;48.8659;2.30906;48.842;2.37772;14
20:53:24.867;48.854;2.34322;48.866;2.30889;48.8421;2.37755;14
20:53:29.999;48.8539;2.34322;48.8658;2.30889;48.842;2.37755;14
20:53:30.030;48.8538;2.34356;48.8658;2.30923;48.8419;2.37789;14
20:53:30.046;48.8538;2.34399;48.8658;2.30966;48.8419;2.37832;14
20:53:30.062;48.8538;2.34468;48.8658;2.31035;48.8419;2.37901;14
20:53:30.077;48.8538;2.34562;48.8658;2.31129;48.8419;2.37995;14
20:53:30.108;48.8538;2.34648;48.8658;2.31215;48.8419;2.38081;14
20:53:30.108;48.8538;2.34708;48.8658;2.31275;48.8419;2.38141;14
20:53:30.124;48.8539;2.34751;48.8658;2.31318;48.842;2.38184;14
20:53:30.140;48.8539;2.3476;48.8658;2.31327;48.842;2.38192;14
20:53:30.155;48.854;2.3476;48.8659;2.31327;48.842;2.38192;14
20:53:30.186;48.854;2.3476;48.866;2.31327;48.8421;2.38192;14
20:53:30.233;48.8541;2.3476;48.866;2.31327;48.8421;2.38192;14
20:53:30.280;48.8542;2.3476;48.8661;2.31327;48.8422;2.38192;14
20:53:30.311;48.8542;2.34743;48.8662;2.31309;48.8423;2.38175;14
20:53:30.342;48.8543;2.34717;48.8662;2.31284;48.8424;2.3815;14
20:53:30.342;48.8544;2.34683;48.8663;2.31249;48.8424;2.38115;14
20:53:30.374;48.8545;2.34648;48.8664;2.31215;48.8425;2.38081;14
20:53:30.374;48.8545;2.34614;48.8665;2.31181;48.8426;2.38047;14
20:53:30.420;48.8545;2.34597;48.8665;2.31164;48.8426;2.38029;14
20:53:30.420;48.8545;2.34588;48.8665;2.31155;48.8426;2.38021;14
20:53:30.452;48.8545;2.34571;48.8665;2.31138;48.8426;2.38004;14
20:53:30.467;48.8545;2.34554;48.8665;2.31121;48.8426;2.37987;14
20:53:30.514;48.8544;2.34537;48.8663;2.31103;48.8425;2.37969;14
20:53:30.514;48.8543;2.34502;48.8662;2.31069;48.8424;2.37935;14
20:53:30.545;48.8541;2.34459;48.8661;2.31026;48.8422;2.37892;14
20:53:30.561;48.8539;2.34442;48.8658;2.31009;48.842;2.37875;14
20:53:30.576;48.8538;2.34425;48.8657;2.30992;48.8418;2.37858;14
20:53:30.576;48.8538;2.34416;48.8657;2.30983;48.8418;2.37849;14
20:53:30.608;48.8537;2.34408;48.8657;2.30975;48.8418;2.37841;14
20:53:32.480;48.8538;2.34408;48.8657;2.30975;48.8418;2.37841;14
20:53:32.511;48.854;2.34408;48.8659;2.30975;48.842;2.37841;14
20:53:32.558;48.8541;2.34399;48.866;2.30966;48.8421;2.37832;14
20:53:32.558;48.8542;2.34382;48.8662;2.30949;48.8423;2.37815;14
20:53:32.573;48.8544;2.34365;48.8663;2.30932;48.8424;2.37798;14
20:53:32.573;48.8545;2.34339;48.8664;2.30906;48.8425;2.37772;14
20:53:32.620;48.8546;2.34305;48.8665;2.30872;48.8426;2.37738;14
20:53:32.620;48.8547;2.34271;48.8666;2.30837;48.8428;2.37703;14
20:53:32.651;48.8547;2.34228;48.8667;2.30794;48.8428;2.3766;14
20:53:32.651;48.8547;2.34193;48.8667;2.3076;48.8428;2.37626;14
20:53:32.682;48.8547;2.34159;48.8667;2.30726;48.8428;2.37592;14
20:53:32.682;48.8547;2.3409;48.8666;2.30657;48.8428;2.37523;14
20:53:32.698;48.8546;2.3403;48.8665;2.30597;48.8426;2.37463;14
20:53:32.745;48.8545;2.3397;48.8664;2.30537;48.8425;2.37403;14
20:53:32.745;48.8544;2.33953;48.8663;2.3052;48.8424;2.37386;14
20:53:32.760;48.8543;2.33953;48.8662;2.3052;48.8424;2.37386;14
20:53:32.823;48.8542;2.33979;48.8661;2.30546;48.8422;2.37411;14
20:53:32.854;48.854;2.34039;48.8659;2.30606;48.842;2.37472;14
20:53:32.901;48.8537;2.34125;48.8656;2.30691;48.8417;2.37557;14
20:53:32.901;48.8535;2.34185;48.8654;2.30752;48.8415;2.37617;14
20:53:32.916;48.8532;2.34279;48.8651;2.30846;48.8412;2.37712;14
20:53:32.948;48.8528;2.34365;48.8647;2.30932;48.8408;2.37798;14
20:53:32.948;48.8525;2.34459;48.8644;2.31026;48.8405;2.37892;14
20:53:32.963;48.8524;2.34494;48.8643;2.31061;48.8404;2.37926;14
20:53:33.026;48.8524;2.34502;48.8643;2.31069;48.8404;2.37935;14
20:53:35.194;48.8525;2.34502;48.8644;2.31069;48.8405;2.37935;14
20:53:35.225;48.8527;2.34502;48.8647;2.31069;48.8408;2.37935;14
20:53:35.225;48.8531;2.34502;48.8651;2.31069;48.8412;2.37935;14
20:53:35.256;48.8537;2.34485;48.8657;2.31052;48.8418;2.37918;14
20:53:35.256;48.8545;2.34451;48.8664;2.31018;48.8425;2.37884;14
20:53:35.287;48.8551;2.34408;48.867;2.30975;48.8431;2.37841;14
20:53:35.287;48.8555;2.34348;48.8675;2.30915;48.8436;2.37781;14
20:53:35.334;48.8557;2.34331;48.8676;2.30897;48.8438;2.37763;14
20:53:35.334;48.8558;2.34322;48.8677;2.30889;48.8438;2.37755;14
20:53:35.490;48.8557;2.34313;48.8676;2.3088;48.8438;2.37746;14
20:53:35.521;48.8557;2.34296;48.8676;2.30863;48.8437;2.37729;14
20:53:35.521;48.8555;2.34271;48.8675;2.30837;48.8436;2.37703;14
20:53:35.553;48.8554;2.34228;48.8674;2.30794;48.8435;2.3766;14
20:53:35.553;48.8553;2.34202;48.8672;2.30769;48.8434;2.37635;14
20:53:35.584;48.8553;2.34168;48.8672;2.30734;48.8433;2.376;14
20:53:35.615;48.8551;2.34133;48.8671;2.307;48.8432;2.37566;14
20:53:35.615;48.855;2.34099;48.867;2.30666;48.8431;2.37532;14
20:53:35.646;48.855;2.3409;48.8669;2.30657;48.843;2.37523;14
20:53:35.646;48.855;2.34082;48.8669;2.30649;48.843;2.37514;14
20:53:35.771;48.8549;2.34082;48.8668;2.30649;48.8429;2.37514;14
20:53:35.802;48.8546;2.34082;48.8665;2.30649;48.8426;2.37514;14
20:53:35.802;48.8543;2.34082;48.8662;2.30649;48.8424;2.37514;14
20:53:35.849;48.8538;2.34082;48.8658;2.30649;48.8419;2.37514;14
20:53:35.849;48.8536;2.34082;48.8656;2.30649;48.8417;2.37514;14
20:53:35.880;48.8534;2.34082;48.8653;2.30649;48.8414;2.37514;14
20:53:35.880;48.8533;2.34082;48.8652;2.30649;48.8413;2.37514;14
20:53:36.379;48.8533;2.3409;48.8653;2.30657;48.8414;2.37523;14
20:53:36.567;48.8533;2.34107;48.8653;2.30674;48.8414;2.3754;14
20:53:36.613;48.8533;2.34133;48.8653;2.307;48.8414;2.37566;14
20:53:43.009;48.8532;2.3415;48.8652;2.30717;48.8413;2.37583;14
20:53:43.040;48.8531;2.34202;48.8651;2.30769;48.8412;2.37635;14
20:53:43.072;48.8531;2.34236;48.865;2.30803;48.8411;2.37669;14
20:53:43.072;48.853;2.34271;48.8649;2.30837;48.841;2.37703;14
20:53:43.103;48.853;2.34305;48.8649;2.30872;48.841;2.37738;14
20:53:43.103;48.853;2.34322;48.8649;2.30889;48.841;2.37755;14
20:53:43.134;48.853;2.34339;48.8649;2.30906;48.841;2.37772;14
20:53:43.134;48.853;2.34356;48.8649;2.30923;48.841;2.37789;14
20:53:43.306;48.8531;2.34348;48.865;2.30915;48.8411;2.37781;14
20:53:43.337;48.8531;2.34313;48.865;2.3088;48.8411;2.37746;14
20:53:43.368;48.8531;2.34279;48.8651;2.30846;48.8412;2.37712;14
20:53:43.368;48.8531;2.34245;48.8651;2.30812;48.8412;2.37678;14
20:53:43.384;48.8532;2.3421;48.8651;2.30777;48.8412;2.37643;14
20:53:43.384;48.8532;2.34193;48.8651;2.3076;48.8412;2.37626;14
20:53:43.430;48.8532;2.34176;48.8651;2.30743;48.8412;2.37609;14
20:53:43.446;48.8532;2.34159;48.8651;2.30726;48.8412;2.37592;14
20:53:43.664;48.8532;2.3415;48.8652;2.30717;48.8413;2.37583;14
20:53:43.680;48.8532;2.34133;48.8652;2.307;48.8413;2.37566;14
20:53:43.727;48.8533;2.34099;48.8652;2.30666;48.8413;2.37532;14
20:53:43.727;48.8533;2.34065;48.8652;2.30631;48.8413;2.37497;14
20:53:43.758;48.8533;2.3403;48.8652;2.30597;48.8413;2.37463;14
20:53:43.758;48.8533;2.34013;48.8652;2.3058;48.8413;2.37446;14
20:53:43.789;48.8533;2.33996;48.8653;2.30563;48.8414;2.37429;14
20:53:43.789;48.8533;2.3397;48.8653;2.30537;48.8414;2.37403;14
20:53:43.805;48.8534;2.33953;48.8653;2.3052;48.8414;2.37386;14
20:53:43.820;48.8535;2.33927;48.8654;2.30494;48.8415;2.3736;14
20:53:43.852;48.8535;2.33919;48.8654;2.30485;48.8415;2.37351;14
20:53:43.867;48.8535;2.3391;48.8655;2.30477;48.8416;2.37343;14
20:53:44.179;48.8535;2.33919;48.8655;2.30485;48.8416;2.37351;14
20:53:44.210;48.8535;2.33962;48.8654;2.30528;48.8415;2.37394;14
20:53:44.210;48.8534;2.33979;48.8653;2.30546;48.8414;2.37411;14
20:53:44.242;48.8534;2.33996;48.8653;2.30563;48.8414;2.37429;14
20:53:44.242;48.8534;2.34004;48.8653;2.30571;48.8414;2.37437;14
20:53:46.207;48.8534;2.34004;48.8594;2.32288;48.8474;2.35721;15
20:53:46.597;48.8534;2.33996;48.8593;2.32279;48.8474;2.35712;15
20:53:46.628;48.8534;2.34004;48.8593;2.32288;48.8474;2.35721;15
20:53:46.660;48.8534;2.34013;48.8593;2.32296;48.8474;2.35729;15
20:53:46.660;48.8533;2.34022;48.8593;2.32305;48.8474;2.35738;15
20:53:46.691;48.8533;2.3403;48.8593;2.32314;48.8474;2.35746;15
20:53:46.691;48.8533;2.34039;48.8593;2.32322;48.8474;2.35755;15
20:53:46.722;48.8533;2.34043;48.8593;2.32327;48.8474;2.35759;15
20:53:46.722;48.8533;2.34047;48.8593;2.32331;48.8474;2.35763;15
20:53:46.769;48.8534;2.34056;48.8594;2.32339;48.8474;2.35772;15
20:53:46.769;48.8534;2.34056;48.8594;2.32339;48.8475;2.35772;15
20:53:46.800;48.8535;2.34056;48.8594;2.32339;48.8475;2.35772;15
20:53:46.831;48.8535;2.34056;48.8595;2.32339;48.8475;2.35772;15
20:53:51.371;48.8535;2.34065;48.8595;2.32348;48.8475;2.35781;15
20:53:51.386;48.8534;2.34073;48.8594;2.32357;48.8475;2.35789;15
20:53:51.417;48.8534;2.34082;48.8593;2.32365;48.8474;2.35798;15
20:53:51.417;48.8533;2.34103;48.8592;2.32387;48.8473;2.35819;15
20:53:51.449;48.8532;2.3412;48.8592;2.32404;48.8473;2.35836;15
20:53:51.449;48.8532;2.34142;48.8592;2.32425;48.8472;2.35858;15
20:53:51.495;48.8531;2.34159;48.8591;2.32442;48.8472;2.35875;15
20:53:51.495;48.8531;2.34168;48.8591;2.32451;48.8472;2.35884;15
20:53:51.527;48.8531;2.34168;48.8591;2.32451;48.8471;2.35884;15
20:53:51.651;48.8531;2.34163;48.8591;2.32447;48.8472;2.35879;15
20:53:51.683;48.8532;2.34133;48.8592;2.32417;48.8472;2.35849;15
20:53:51.683;48.8532;2.3409;48.8592;2.32374;48.8473;2.35806;15
20:53:51.714;48.8533;2.3403;48.8593;2.32314;48.8473;2.35746;15
20:53:51.714;48.8534;2.33983;48.8593;2.32266;48.8474;2.35699;15
20:53:51.761;48.8534;2.3391;48.8594;2.32193;48.8474;2.35626;15
20:53:51.761;48.8534;2.33841;48.8594;2.32125;48.8475;2.35557;15
20:53:51.792;48.8534;2.33794;48.8594;2.32078;48.8475;2.3551;15
20:53:51.792;48.8534;2.33773;48.8594;2.32056;48.8475;2.35489;15
20:53:52.026;48.8534;2.33777;48.8594;2.3206;48.8475;2.35493;15
20:53:52.057;48.8534;2.33781;48.8594;2.32065;48.8475;2.35497;15
20:53:52.104;48.8534;2.33786;48.8594;2.32069;48.8475;2.35502;15
20:53:52.104;48.8534;2.3379;48.8594;2.32073;48.8475;2.35506;15
20:53:52.119;48.8534;2.33794;48.8594;2.32078;48.8475;2.3551;15
20:53:52.119;48.8534;2.33799;48.8594;2.32082;48.8475;2.35515;15
20:53:52.166;48.8534;2.33807;48.8594;2.3209;48.8475;2.35523;15
20:53:52.166;48.8535;2.33811;48.8594;2.32095;48.8475;2.35527;15
20:53:52.197;48.8535;2.3382;48.8594;2.32103;48.8475;2.35536;15
20:53:52.322;48.8535;2.33824;48.8594;2.32108;48.8475;2.3554;15
20:53:52.353;48.8535;2.33833;48.8594;2.32116;48.8475;2.35549;15
20:53:52.353;48.8535;2.33846;48.8594;2.32129;48.8475;2.35562;15
20:53:52.385;48.8535;2.3388;48.8594;2.32163;48.8475;2.35596;15
20:53:52.385;48.8535;2.33932;48.8594;2.32215;48.8475;2.35648;15
20:53:52.431;48.8534;2.33992;48.8594;2.32275;48.8475;2.35708;15
20:53:52.431;48.8534;2.34035;48.8594;2.32318;48.8475;2.35751;15
20:53:52.463;48.8534;2.34052;48.8594;2.32335;48.8475;2.35768;15
20:53:52.463;48.8534;2.3406;48.8594;2.32344;48.8475;2.35776;15
20:53:53.180;48.8534;2.34065;48.8594;2.32348;48.8475;2.35781;15
20:53:53.211;48.8534;2.34069;48.8594;2.32352;48.8475;2.35785;15
20:53:53.227;48.8534;2.34086;48.8594;2.32369;48.8475;2.35802;15
20:53:53.243;48.8534;2.34095;48.8594;2.32378;48.8475;2.35811;15
20:53:53.258;48.8534;2.34103;48.8594;2.32387;48.8475;2.35819;15
20:53:53.274;48.8534;2.34107;48.8594;2.32391;48.8475;2.35824;15
