21:57:48.056;48.8547;2.34661;48.9502;2.07195;48.7591;2.62126;11
21:57:48.057;48.8547;2.34661;48.9502;2.07195;48.7591;2.62126;11
21:57:48.179;48.8547;2.34661;48.9025;2.20928;48.8069;2.48393;12
21:57:48.179;48.8547;2.34661;48.9025;2.20928;48.8069;2.48393;12
21:57:48.302;48.8547;2.34661;48.8786;2.27795;48.8308;2.41527;13
21:57:48.302;48.8547;2.34661;48.8786;2.27795;48.8308;2.41527;13
21:58:01.011;48.8547;2.34695;48.8786;2.27829;48.8308;2.41561;13
21:58:01.079;48.8548;2.34695;48.8787;2.27829;48.8309;2.41561;13
21:58:01.210;48.8549;2.34695;48.8788;2.27829;48.8311;2.41561;13
21:58:01.253;48.8551;2.34695;48.8789;2.27829;48.8312;2.41561;13
21:58:01.296;48.8552;2.34695;48.8791;2.27829;48.8313;2.41561;13
21:58:07.190;48.8552;2.3473;48.8791;2.27863;48.8313;2.41596;13
21:58:07.358;48.8552;2.34747;48.8791;2.2788;48.8313;2.41613;13
21:58:07.860;48.8552;2.34764;48.8791;2.27898;48.8313;2.4163;13
21:58:07.910;48.8552;2.34781;48.8791;2.27915;48.8313;2.41647;13
21:58:08.633;48.8552;2.34798;48.8791;2.27932;48.8313;2.41664;13
21:58:08.633;48.8553;2.34798;48.8792;2.27932;48.8314;2.41664;13
21:58:08.684;48.8553;2.34816;48.8792;2.27949;48.8314;2.41682;13
21:58:10.873;48.8553;2.3485;48.8792;2.27983;48.8314;2.41716;13
21:58:10.874;48.8553;2.34884;48.8792;2.28018;48.8314;2.4175;13
21:58:10.898;48.8554;2.34919;48.8793;2.28052;48.8315;2.41785;13
21:58:10.933;48.8555;2.34936;48.8794;2.28069;48.8316;2.41802;13
21:58:10.953;48.8555;2.3497;48.8794;2.28104;48.8316;2.41836;13
21:58:11.186;48.8555;2.35004;48.8794;2.28138;48.8316;2.4187;13
21:58:11.208;48.8556;2.35004;48.8795;2.28138;48.8317;2.4187;13
21:58:13.644;48.8559;2.35056;48.8797;2.28189;48.832;2.41922;13
21:58:13.644;48.856;2.3509;48.8798;2.28224;48.8321;2.41956;13
21:58:13.670;48.8563;2.3521;48.8802;2.28344;48.8324;2.42076;13
21:58:13.670;48.8565;2.35348;48.8804;2.28481;48.8326;2.42214;13
21:58:13.706;48.8568;2.35451;48.8806;2.28584;48.8329;2.42317;13
21:58:13.706;48.8569;2.35519;48.8807;2.28653;48.833;2.42385;13
21:58:13.722;48.857;2.35537;48.8809;2.2867;48.8331;2.42402;13
21:58:13.744;48.8571;2.35554;48.881;2.28687;48.8332;2.4242;13
21:58:13.776;48.8572;2.35554;48.8811;2.28687;48.8333;2.4242;13
21:58:13.893;48.8572;2.35537;48.8811;2.2867;48.8333;2.42402;13
21:58:13.938;48.8572;2.35519;48.8811;2.28653;48.8333;2.42385;13
21:58:13.938;48.8572;2.35502;48.8811;2.28636;48.8333;2.42368;13
21:58:13.987;48.8572;2.35485;48.8811;2.28619;48.8333;2.42351;13
21:58:13.987;48.8572;2.35468;48.8811;2.28601;48.8333;2.42334;13
21:58:15.901;48.8573;2.35502;48.8812;2.28636;48.8334;2.42368;13
21:58:15.901;48.8574;2.35502;48.8813;2.28636;48.8335;2.42368;13
21:58:15.949;48.8577;2.35537;48.8815;2.2867;48.8338;2.42402;13
21:58:15.994;48.8578;2.35554;48.8816;2.28687;48.8339;2.4242;13
21:58:15.994;48.8578;2.35571;48.8816;2.28704;48.8339;2.42437;13
21:58:16.131;48.8579;2.35571;48.8818;2.28704;48.834;2.42437;13
21:58:16.180;48.8579;2.35588;48.8818;2.28722;48.834;2.42454;13
21:58:16.180;48.858;2.35588;48.8819;2.28722;48.8341;2.42454;13
21:58:16.206;48.8581;2.35588;48.882;2.28722;48.8342;2.42454;13
21:58:16.206;48.8583;2.35605;48.8822;2.28739;48.8344;2.42471;13
21:58:16.234;48.8588;2.35622;48.8827;2.28756;48.8349;2.42488;13
21:58:16.234;48.8589;2.35622;48.8828;2.28756;48.835;2.42488;13
21:58:16.550;48.8589;2.35554;48.8828;2.28687;48.835;2.4242;13
21:58:16.598;48.8589;2.35502;48.8828;2.28636;48.835;2.42368;13
21:58:16.598;48.8589;2.35468;48.8828;2.28601;48.835;2.42334;13
21:58:16.615;48.8589;2.35451;48.8828;2.28584;48.835;2.42317;13
21:58:16.666;48.8589;2.35416;48.8828;2.2855;48.835;2.42282;13
21:58:16.666;48.8589;2.35399;48.8828;2.28533;48.835;2.42265;13
21:58:16.680;48.8589;2.35365;48.8828;2.28498;48.835;2.42231;13
21:58:16.703;48.8589;2.35331;48.8828;2.28464;48.835;2.42197;13
21:58:16.918;48.8588;2.35331;48.8827;2.28464;48.8349;2.42197;13
21:58:16.962;48.8587;2.35331;48.8825;2.28464;48.8348;2.42197;13
21:58:16.962;48.8586;2.35331;48.8824;2.28464;48.8347;2.42197;13
21:58:16.994;48.8584;2.35331;48.8823;2.28464;48.8345;2.42197;13
21:58:19.289;48.8584;2.35313;48.8823;2.28447;48.8345;2.42179;13
21:58:19.335;48.8584;2.35296;48.8823;2.2843;48.8345;2.42162;13
21:58:19.335;48.8584;2.35228;48.8823;2.28361;48.8345;2.42094;13
21:58:19.393;48.8584;2.35176;48.8823;2.2831;48.8345;2.42042;13
21:58:19.393;48.8586;2.35142;48.8824;2.28275;48.8347;2.42008;13
21:58:19.419;48.8586;2.35125;48.8824;2.28258;48.8347;2.41991;13
21:58:19.419;48.8586;2.35107;48.8824;2.28241;48.8347;2.41973;13
21:58:19.493;48.8586;2.3509;48.8824;2.28224;48.8347;2.41956;13
21:58:19.548;48.8586;2.35073;48.8824;2.28207;48.8347;2.41939;13
21:58:19.566;48.8586;2.35056;48.8824;2.28189;48.8347;2.41922;13
21:58:19.691;48.8584;2.35022;48.8823;2.28155;48.8345;2.41888;13
21:58:19.719;48.8583;2.35004;48.8822;2.28138;48.8344;2.4187;13
21:58:19.778;48.8583;2.34987;48.8822;2.28121;48.8344;2.41853;13
21:58:19.826;48.8582;2.34987;48.8821;2.28121;48.8343;2.41853;13
21:58:19.875;48.8581;2.34987;48.882;2.28121;48.8342;2.41853;13
21:58:19.897;48.858;2.34987;48.8819;2.28121;48.8341;2.41853;13
21:58:19.927;48.8579;2.34987;48.8818;2.28121;48.834;2.41853;13
21:58:19.963;48.8578;2.34987;48.8816;2.28121;48.8339;2.41853;13
21:58:20.026;48.8577;2.35022;48.8815;2.28155;48.8338;2.41888;13
21:58:20.158;48.8577;2.35039;48.8815;2.28172;48.8338;2.41905;13
21:58:20.226;48.8577;2.35056;48.8815;2.28189;48.8338;2.41922;13
21:58:20.248;48.8577;2.35073;48.8815;2.28207;48.8338;2.41939;13
21:58:20.285;48.8578;2.35107;48.8816;2.28241;48.8339;2.41973;13
21:58:20.315;48.8578;2.35125;48.8816;2.28258;48.8339;2.41991;13
21:58:20.410;48.8579;2.35125;48.8818;2.28258;48.834;2.41991;13
21:58:20.461;48.858;2.35125;48.8819;2.28258;48.8341;2.41991;13
21:58:20.511;48.8581;2.35125;48.882;2.28258;48.8342;2.41991;13
21:58:20.556;48.8581;2.35107;48.882;2.28241;48.8342;2.41973;13
21:58:20.556;48.8582;2.3509;48.8821;2.28224;48.8343;2.41956;13
21:58:20.617;48.8583;2.35073;48.8822;2.28207;48.8344;2.41939;13
21:58:20.618;48.8583;2.35056;48.8822;2.28189;48.8344;2.41922;13
21:58:20.663;48.8583;2.35022;48.8822;2.28155;48.8344;2.41888;13
21:58:20.663;48.8583;2.35004;48.8822;2.28138;48.8344;2.4187;13
21:58:20.761;48.8583;2.34987;48.8822;2.28121;48.8344;2.41853;13
21:58:20.784;48.8582;2.3497;48.8821;2.28104;48.8343;2.41836;13
21:58:23.584;48.8582;2.34953;48.8821;2.28086;48.8343;2.41819;13
21:58:23.637;48.8583;2.34953;48.8822;2.28086;48.8344;2.41819;13
21:58:23.637;48.8584;2.34936;48.8823;2.28069;48.8345;2.41802;13
21:58:23.710;48.8586;2.34901;48.8824;2.28035;48.8347;2.41767;13
21:58:23.710;48.8586;2.34884;48.8824;2.28018;48.8347;2.4175;13
21:58:23.756;48.8586;2.34867;48.8824;2.28001;48.8347;2.41733;13
21:58:23.764;48.8586;2.34816;48.8824;2.27949;48.8347;2.41682;13
21:58:23.831;48.8586;2.34798;48.8824;2.27932;48.8347;2.41664;13
21:58:23.831;48.8586;2.34781;48.8824;2.27915;48.8347;2.41647;13
21:58:23.903;48.8586;2.34764;48.8824;2.27898;48.8347;2.4163;13
21:58:23.944;48.8584;2.34747;48.8823;2.2788;48.8345;2.41613;13
21:58:23.944;48.8584;2.3473;48.8823;2.27863;48.8345;2.41596;13
21:58:23.958;48.8583;2.34713;48.8822;2.27846;48.8344;2.41579;13
21:58:24.015;48.8582;2.34713;48.8821;2.27846;48.8343;2.41579;13
21:58:24.021;48.8581;2.34713;48.882;2.27846;48.8342;2.41579;13
21:58:24.053;48.8579;2.34713;48.8818;2.27846;48.834;2.41579;13
21:58:24.106;48.8578;2.3473;48.8816;2.27863;48.8339;2.41596;13
21:58:24.178;48.8578;2.34764;48.8816;2.27898;48.8339;2.4163;13
21:58:24.178;48.8578;2.34798;48.8816;2.27932;48.8339;2.41664;13
21:58:24.194;48.8578;2.34833;48.8816;2.27966;48.8339;2.41699;13
21:58:24.199;48.8578;2.3485;48.8816;2.27983;48.8339;2.41716;13
21:58:24.248;48.8578;2.34867;48.8816;2.28001;48.8339;2.41733;13
21:58:24.249;48.8578;2.34884;48.8816;2.28018;48.8339;2.4175;13
21:58:24.264;48.8579;2.34901;48.8818;2.28035;48.834;2.41767;13
21:58:24.305;48.858;2.34901;48.8819;2.28035;48.8341;2.41767;13
21:58:24.340;48.8581;2.34901;48.882;2.28035;48.8342;2.41767;13
21:58:24.398;48.8582;2.34901;48.8821;2.28035;48.8343;2.41767;13
21:58:24.422;48.8582;2.34884;48.8821;2.28018;48.8343;2.4175;13
21:58:24.462;48.8582;2.34867;48.8821;2.28001;48.8343;2.41733;13
21:58:24.462;48.8582;2.34833;48.8821;2.27966;48.8343;2.41699;13
21:58:24.496;48.8582;2.34798;48.8821;2.27932;48.8343;2.41664;13
21:58:24.497;48.8582;2.34764;48.8821;2.27898;48.8343;2.4163;13
21:58:24.511;48.8583;2.34695;48.8822;2.27829;48.8344;2.41561;13
21:58:24.517;48.8583;2.34661;48.8822;2.27795;48.8344;2.41527;13
21:58:24.565;48.8583;2.34627;48.8822;2.2776;48.8344;2.41493;13
21:58:24.565;48.8583;2.34592;48.8822;2.27726;48.8344;2.41458;13
21:58:24.579;48.8583;2.34575;48.8822;2.27709;48.8344;2.41441;13
21:58:24.629;48.8582;2.34541;48.8821;2.27674;48.8343;2.41407;13
21:58:24.629;48.8582;2.34524;48.8821;2.27657;48.8343;2.4139;13
21:58:24.666;48.8581;2.34489;48.882;2.27623;48.8342;2.41355;13
21:58:24.672;48.8581;2.34455;48.882;2.27589;48.8342;2.41321;13
21:58:24.724;48.8581;2.34438;48.882;2.27571;48.8342;2.41304;13
21:58:24.755;48.8577;2.34404;48.8815;2.27537;48.8338;2.4127;13
21:58:24.774;48.8575;2.34386;48.8814;2.2752;48.8336;2.41252;13
21:58:24.808;48.8574;2.34386;48.8813;2.2752;48.8335;2.41252;13
21:58:24.808;48.8573;2.34386;48.8812;2.2752;48.8334;2.41252;13
21:58:24.814;48.8572;2.34386;48.8811;2.2752;48.8333;2.41252;13
21:58:24.923;48.8572;2.34404;48.8811;2.27537;48.8333;2.4127;13
21:58:24.964;48.8572;2.34421;48.8811;2.27554;48.8333;2.41287;13
21:58:24.964;48.8572;2.34438;48.8811;2.27571;48.8333;2.41304;13
21:58:24.997;48.8572;2.34472;48.8811;2.27606;48.8333;2.41338;13
21:58:24.997;48.8572;2.34489;48.8811;2.27623;48.8333;2.41355;13
21:58:25.019;48.8572;2.34524;48.8811;2.27657;48.8333;2.4139;13
21:58:25.019;48.8572;2.34541;48.8811;2.27674;48.8333;2.41407;13
21:58:25.033;48.8572;2.34558;48.8811;2.27692;48.8333;2.41424;13
21:58:25.062;48.8572;2.34575;48.8811;2.27709;48.8333;2.41441;13
21:58:25.147;48.8573;2.3461;48.8812;2.27743;48.8334;2.41476;13
21:58:25.147;48.8573;2.34644;48.8812;2.27777;48.8334;2.4151;13
21:58:25.178;48.8574;2.34644;48.8813;2.27777;48.8335;2.4151;13
21:58:25.178;48.8574;2.34661;48.8813;2.27795;48.8335;2.41527;13
21:58:25.216;48.8575;2.34661;48.8814;2.27795;48.8336;2.41527;13
21:58:25.221;48.8577;2.34695;48.8815;2.27829;48.8338;2.41561;13
21:58:25.237;48.8577;2.34713;48.8815;2.27846;48.8338;2.41579;13
21:58:25.255;48.8578;2.34713;48.8816;2.27846;48.8339;2.41579;13
21:58:25.272;48.8578;2.3473;48.8816;2.27863;48.8339;2.41596;13
21:58:25.376;48.8579;2.3473;48.8818;2.27863;48.834;2.41596;13
21:58:32.059;48.8578;2.34695;48.8816;2.27829;48.8339;2.41561;13
21:58:32.120;48.8577;2.34661;48.8815;2.27795;48.8338;2.41527;13
21:58:32.120;48.8575;2.34507;48.8814;2.2764;48.8336;2.41373;13
21:58:32.159;48.8575;2.34421;48.8814;2.27554;48.8336;2.41287;13
21:58:32.159;48.8574;2.34386;48.8813;2.2752;48.8335;2.41252;13
21:58:32.216;48.8574;2.34352;48.8813;2.27486;48.8335;2.41218;13
21:58:32.217;48.8573;2.34301;48.8812;2.27434;48.8334;2.41167;13
21:58:32.260;48.8572;2.34266;48.8811;2.274;48.8333;2.41132;13
21:58:32.443;48.8573;2.34266;48.8812;2.274;48.8334;2.41132;13
21:58:32.548;48.8573;2.34283;48.8812;2.27417;48.8334;2.41149;13
21:58:32.592;48.8575;2.34318;48.8814;2.27451;48.8336;2.41184;13
21:58:32.592;48.8577;2.34352;48.8815;2.27486;48.8338;2.41218;13
21:58:32.610;48.8578;2.34369;48.8816;2.27503;48.8339;2.41235;13
21:58:32.639;48.8579;2.34404;48.8818;2.27537;48.834;2.4127;13
21:58:32.778;48.8579;2.34421;48.8818;2.27554;48.834;2.41287;13
21:58:32.833;48.8578;2.34455;48.8816;2.27589;48.8339;2.41321;13
21:58:32.873;48.8575;2.34489;48.8814;2.27623;48.8336;2.41355;13
21:58:32.873;48.8574;2.34524;48.8813;2.27657;48.8335;2.4139;13
21:58:32.905;48.8572;2.34558;48.8811;2.27692;48.8333;2.41424;13
21:58:32.905;48.8572;2.34592;48.8811;2.27726;48.8333;2.41458;13
21:58:32.939;48.8571;2.34592;48.881;2.27726;48.8332;2.41458;13
21:58:32.939;48.8571;2.3461;48.881;2.27743;48.8332;2.41476;13
21:58:32.974;48.857;2.3461;48.8809;2.27743;48.8331;2.41476;13
21:58:32.974;48.8569;2.3461;48.8807;2.27743;48.833;2.41476;13
21:58:33.011;48.8568;2.34627;48.8806;2.2776;48.8329;2.41493;13
21:58:33.011;48.8566;2.34627;48.8805;2.2776;48.8327;2.41493;13
21:58:33.054;48.8565;2.34644;48.8804;2.27777;48.8326;2.4151;13
21:58:33.060;48.8561;2.34644;48.88;2.27777;48.8322;2.4151;13
21:58:33.111;48.856;2.34627;48.8798;2.2776;48.8321;2.41493;13
21:58:33.180;48.856;2.3461;48.8798;2.27743;48.8321;2.41476;13
21:58:33.227;48.856;2.34592;48.8798;2.27726;48.8321;2.41458;13
21:58:33.245;48.8559;2.34592;48.8797;2.27726;48.832;2.41458;13
21:58:39.521;48.8561;2.34627;48.88;2.2776;48.8322;2.41493;13
21:58:39.521;48.8561;2.3461;48.88;2.27743;48.8322;2.41476;13
21:58:39.560;48.8561;2.34592;48.88;2.27726;48.8322;2.41458;13
21:58:39.560;48.8561;2.34558;48.88;2.27692;48.8322;2.41424;13
21:58:39.560;48.8561;2.34524;48.88;2.27657;48.8322;2.4139;13
21:58:39.560;48.8561;2.34507;48.88;2.2764;48.8322;2.41373;13
21:58:39.593;48.8561;2.34472;48.88;2.27606;48.8322;2.41338;13
21:58:39.629;48.8561;2.34455;48.88;2.27589;48.8322;2.41321;13
21:58:39.698;48.8561;2.34438;48.88;2.27571;48.8322;2.41304;13
21:58:39.732;48.8561;2.34421;48.88;2.27554;48.8322;2.41287;13
21:58:39.779;48.856;2.34421;48.8798;2.27554;48.8321;2.41287;13
21:58:39.798;48.856;2.34404;48.8798;2.27537;48.8321;2.4127;13
21:58:39.881;48.8559;2.34386;48.8797;2.2752;48.832;2.41252;13
21:58:39.896;48.8557;2.34386;48.8796;2.2752;48.8318;2.41252;13
21:58:39.950;48.8556;2.34386;48.8795;2.2752;48.8317;2.41252;13
21:58:40.030;48.8555;2.34386;48.8794;2.2752;48.8316;2.41252;13
21:58:40.098;48.8555;2.34404;48.8794;2.27537;48.8316;2.4127;13
21:58:40.147;48.8555;2.34421;48.8794;2.27554;48.8316;2.41287;13
21:58:40.215;48.8555;2.34438;48.8794;2.27571;48.8316;2.41304;13
21:58:40.300;48.8555;2.34455;48.8794;2.27589;48.8316;2.41321;13
21:58:40.465;48.8556;2.34472;48.8795;2.27606;48.8317;2.41338;13
21:58:40.515;48.8557;2.34472;48.8796;2.27606;48.8318;2.41338;13
21:58:40.550;48.8559;2.34472;48.8797;2.27606;48.832;2.41338;13
21:58:40.698;48.8559;2.34455;48.8797;2.27589;48.832;2.41321;13
21:58:40.782;48.8559;2.34438;48.8797;2.27571;48.832;2.41304;13
21:58:40.866;48.8559;2.34421;48.8797;2.27554;48.832;2.41287;13
21:58:43.582;48.8559;2.34421;48.8797;2.27554;48.832;2.41287;13
21:58:43.992;48.8559;2.34404;48.8797;2.27537;48.832;2.4127;13
21:58:44.029;48.8557;2.34369;48.8796;2.27503;48.8318;2.41235;13
21:58:44.060;48.8557;2.34335;48.8796;2.27468;48.8318;2.41201;13
21:58:44.119;48.8557;2.34301;48.8796;2.27434;48.8318;2.41167;13
21:58:44.119;48.8557;2.34283;48.8796;2.27417;48.8318;2.41149;13
21:58:44.137;48.8556;2.34266;48.8795;2.274;48.8317;2.41132;13
21:58:44.146;48.8556;2.34249;48.8795;2.27383;48.8317;2.41115;13
21:58:44.151;48.8556;2.34232;48.8795;2.27365;48.8317;2.41098;13
21:58:44.243;48.8556;2.34215;48.8795;2.27348;48.8317;2.41081;13
21:58:44.243;48.8556;2.34198;48.8795;2.27331;48.8317;2.41064;13
21:58:44.325;48.8556;2.3418;48.8795;2.27314;48.8317;2.41046;13
21:58:44.508;48.8557;2.3418;48.8796;2.27314;48.8318;2.41046;13
21:58:44.674;48.8559;2.3418;48.8797;2.27314;48.832;2.41046;13
21:58:44.716;48.856;2.3418;48.8798;2.27314;48.8321;2.41046;13
21:58:44.775;48.8561;2.3418;48.88;2.27314;48.8322;2.41046;13
21:58:44.823;48.8561;2.34198;48.88;2.27331;48.8322;2.41064;13
21:58:44.823;48.8562;2.34215;48.8801;2.27348;48.8323;2.41081;13
21:58:44.877;48.8562;2.34232;48.8801;2.27365;48.8323;2.41098;13
21:58:44.955;48.8562;2.34249;48.8801;2.27383;48.8323;2.41115;13
21:58:44.955;48.8562;2.34283;48.8801;2.27417;48.8323;2.41149;13
21:58:44.955;48.8562;2.34301;48.8801;2.27434;48.8323;2.41167;13
21:58:44.955;48.8562;2.34335;48.8801;2.27468;48.8323;2.41201;13
21:58:44.989;48.8562;2.34352;48.8801;2.27486;48.8323;2.41218;13
21:58:44.997;48.8562;2.34386;48.8801;2.2752;48.8323;2.41252;13
21:58:45.028;48.8562;2.34404;48.8801;2.27537;48.8323;2.4127;13
21:58:45.094;48.8562;2.34421;48.8801;2.27554;48.8323;2.41287;13
21:58:48.654;48.8562;2.34404;48.8801;2.27537;48.8323;2.4127;13
21:58:48.746;48.8562;2.34335;48.8801;2.27468;48.8323;2.41201;13
21:58:48.746;48.8562;2.34301;48.8801;2.27434;48.8323;2.41167;13
21:58:48.746;48.8562;2.34283;48.8801;2.27417;48.8323;2.41149;13
21:58:48.747;48.8562;2.34266;48.8801;2.274;48.8323;2.41132;13
21:58:48.796;48.8562;2.34249;48.8801;2.27383;48.8323;2.41115;13
21:58:48.873;48.8561;2.34232;48.88;2.27365;48.8322;2.41098;13
21:58:48.941;48.856;2.34215;48.8798;2.27348;48.8321;2.41081;13
21:58:48.941;48.856;2.3418;48.8798;2.27314;48.8321;2.41046;13
21:58:49.031;48.856;2.34163;48.8798;2.27297;48.8321;2.41029;13
21:58:49.031;48.8559;2.34146;48.8797;2.2728;48.832;2.41012;13
21:58:49.069;48.8557;2.34077;48.8796;2.27211;48.8318;2.40943;13
21:58:49.069;48.8555;2.34043;48.8794;2.27177;48.8316;2.40909;13
21:58:49.078;48.8553;2.34009;48.8792;2.27142;48.8314;2.40875;13
21:58:49.097;48.8552;2.34009;48.8791;2.27142;48.8313;2.40875;13
21:58:49.115;48.8551;2.34009;48.8789;2.27142;48.8312;2.40875;13
21:58:49.133;48.8548;2.33992;48.8787;2.27125;48.8309;2.40858;13
21:58:49.256;48.8547;2.33992;48.8786;2.27125;48.8308;2.40858;13
21:58:49.370;48.8547;2.34009;48.8786;2.27142;48.8308;2.40875;13
21:58:49.370;48.8547;2.34026;48.8786;2.2716;48.8308;2.40892;13
21:58:49.370;48.8547;2.3406;48.8786;2.27194;48.8308;2.40926;13
21:58:49.370;48.8547;2.34095;48.8786;2.27228;48.8308;2.40961;13
21:58:49.389;48.8547;2.34146;48.8786;2.2728;48.8308;2.41012;13
21:58:49.389;48.8547;2.34163;48.8786;2.27297;48.8308;2.41029;13
21:58:49.397;48.8547;2.34232;48.8786;2.27365;48.8308;2.41098;13
21:58:49.415;48.8547;2.34266;48.8786;2.274;48.8308;2.41132;13
21:58:49.435;48.8547;2.34283;48.8786;2.27417;48.8308;2.41149;13
21:58:49.454;48.8547;2.34301;48.8786;2.27434;48.8308;2.41167;13
21:58:49.474;48.8547;2.34318;48.8786;2.27451;48.8308;2.41184;13
21:58:49.481;48.8548;2.34318;48.8787;2.27451;48.8309;2.41184;13
21:58:49.575;48.8551;2.34318;48.8789;2.27451;48.8312;2.41184;13
21:58:55.690;48.8552;2.34301;48.8791;2.27434;48.8313;2.41167;13
21:58:55.741;48.8552;2.34283;48.8791;2.27417;48.8313;2.41149;13
21:58:55.824;48.8552;2.34266;48.8791;2.274;48.8313;2.41132;13
21:58:55.861;48.8551;2.34249;48.8789;2.27383;48.8312;2.41115;13
21:58:55.907;48.8551;2.34215;48.8789;2.27348;48.8312;2.41081;13
21:58:55.986;48.8551;2.34198;48.8789;2.27331;48.8312;2.41064;13
21:58:55.986;48.8551;2.34163;48.8789;2.27297;48.8312;2.41029;13
21:58:56.024;48.8551;2.34146;48.8789;2.2728;48.8312;2.41012;13
21:58:56.024;48.8551;2.34129;48.8789;2.27262;48.8312;2.40995;13
21:58:56.024;48.8551;2.34095;48.8789;2.27228;48.8312;2.40961;13
21:58:56.024;48.8551;2.34077;48.8789;2.27211;48.8312;2.40943;13
21:58:56.042;48.8551;2.3406;48.8789;2.27194;48.8312;2.40926;13
21:58:56.206;48.8551;2.34026;48.8789;2.2716;48.8312;2.40892;13
21:58:56.249;48.8552;2.34009;48.8791;2.27142;48.8313;2.40875;13
21:58:56.291;48.8553;2.34009;48.8792;2.27142;48.8314;2.40875;13
21:58:56.427;48.8555;2.34009;48.8794;2.27142;48.8316;2.40875;13
21:58:56.525;48.8555;2.34026;48.8794;2.2716;48.8316;2.40892;13
21:58:56.590;48.8555;2.34043;48.8794;2.27177;48.8316;2.40909;13
21:58:56.590;48.8556;2.3406;48.8795;2.27194;48.8317;2.40926;13
21:58:56.653;48.8556;2.34077;48.8795;2.27211;48.8317;2.40943;13
21:58:56.654;48.8557;2.34095;48.8796;2.27228;48.8318;2.40961;13
21:58:56.654;48.8557;2.34129;48.8796;2.27262;48.8318;2.40995;13
21:58:56.654;48.8557;2.34146;48.8796;2.2728;48.8318;2.41012;13
21:58:56.661;48.8557;2.3418;48.8796;2.27314;48.8318;2.41046;13
21:58:56.669;48.8557;2.34249;48.8796;2.27383;48.8318;2.41115;13
21:58:56.688;48.8557;2.34283;48.8796;2.27417;48.8318;2.41149;13
21:58:56.707;48.8557;2.34301;48.8796;2.27434;48.8318;2.41167;13
21:58:56.726;48.8557;2.34318;48.8796;2.27451;48.8318;2.41184;13
21:58:56.760;48.8557;2.34352;48.8796;2.27486;48.8318;2.41218;13
21:58:56.979;48.8556;2.34369;48.8795;2.27503;48.8317;2.41235;13
21:58:57.009;48.8555;2.34352;48.8794;2.27486;48.8316;2.41218;13
21:58:57.039;48.8553;2.34352;48.8792;2.27486;48.8314;2.41218;13
21:58:57.126;48.8552;2.34352;48.8791;2.27486;48.8313;2.41218;13
21:58:57.148;48.8552;2.34335;48.8791;2.27468;48.8313;2.41201;13
21:58:57.200;48.8549;2.34318;48.8788;2.27451;48.8311;2.41184;13
21:58:57.294;48.8549;2.34301;48.8788;2.27434;48.8311;2.41167;13
21:58:57.346;48.8548;2.34283;48.8787;2.27417;48.8309;2.41149;13
21:58:57.386;48.8548;2.34249;48.8787;2.27383;48.8309;2.41115;13
21:58:57.407;48.8548;2.34215;48.8787;2.27348;48.8309;2.41081;13
21:58:57.445;48.8547;2.3418;48.8786;2.27314;48.8308;2.41046;13
21:58:57.494;48.8547;2.34146;48.8786;2.2728;48.8308;2.41012;13
21:58:57.534;48.8547;2.34129;48.8786;2.27262;48.8308;2.40995;13
21:58:57.535;48.8547;2.34095;48.8786;2.27228;48.8308;2.40961;13
21:58:57.539;48.8547;2.34077;48.8786;2.27211;48.8308;2.40943;13
21:58:57.557;48.8547;2.3406;48.8786;2.27194;48.8308;2.40926;13
21:58:57.574;48.8547;2.34026;48.8786;2.2716;48.8308;2.40892;13
21:58:57.593;48.8547;2.34009;48.8786;2.27142;48.8308;2.40875;13
21:58:57.611;48.8547;2.33974;48.8786;2.27108;48.8308;2.4084;13
21:58:57.629;48.8547;2.3394;48.8786;2.27074;48.8308;2.40806;13
21:58:57.636;48.8547;2.33923;48.8786;2.27057;48.8308;2.40789;13
21:58:57.654;48.8547;2.33906;48.8786;2.27039;48.8308;2.40772;13
21:58:57.707;48.8548;2.33854;48.8787;2.26988;48.8309;2.4072;13
21:58:57.725;48.8549;2.33837;48.8788;2.26971;48.8311;2.40703;13
21:58:57.743;48.8552;2.33803;48.8791;2.26936;48.8313;2.40669;13
21:58:57.761;48.8553;2.33786;48.8792;2.26919;48.8314;2.40652;13
21:58:57.779;48.8555;2.33786;48.8794;2.26919;48.8316;2.40652;13
21:58:57.785;48.8555;2.33768;48.8794;2.26902;48.8316;2.40634;13
21:58:57.803;48.8557;2.33751;48.8796;2.26885;48.8318;2.40617;13
21:58:57.857;48.8563;2.33751;48.8802;2.26885;48.8324;2.40617;13
21:58:57.876;48.8564;2.33751;48.8803;2.26885;48.8325;2.40617;13
21:58:57.893;48.8565;2.33751;48.8804;2.26885;48.8326;2.40617;13
21:58:58.035;48.8568;2.33786;48.8806;2.26919;48.8329;2.40652;13
21:58:58.035;48.8569;2.33854;48.8807;2.26988;48.833;2.4072;13
21:58:58.035;48.8569;2.3394;48.8807;2.27074;48.833;2.40806;13
21:58:58.035;48.857;2.34026;48.8809;2.2716;48.8331;2.40892;13
21:58:58.035;48.857;2.34112;48.8809;2.27245;48.8331;2.40978;13
21:58:58.035;48.857;2.34198;48.8809;2.27331;48.8331;2.41064;13
21:58:58.041;48.857;2.34266;48.8809;2.274;48.8331;2.41132;13
21:58:58.060;48.857;2.34301;48.8809;2.27434;48.8331;2.41167;13
21:58:58.076;48.857;2.34335;48.8809;2.27468;48.8331;2.41201;13
21:58:58.096;48.857;2.34352;48.8809;2.27486;48.8331;2.41218;13
21:58:58.114;48.857;2.34369;48.8809;2.27503;48.8331;2.41235;13
21:58:58.147;48.857;2.34386;48.8809;2.2752;48.8331;2.41252;13
21:58:58.168;48.8569;2.34386;48.8807;2.2752;48.833;2.41252;13
21:58:58.213;48.8568;2.34386;48.8806;2.2752;48.8329;2.41252;13
21:58:58.231;48.8566;2.34404;48.8805;2.27537;48.8327;2.4127;13
21:58:58.336;48.8565;2.34404;48.8804;2.27537;48.8326;2.4127;13
21:58:58.337;48.8564;2.34404;48.8803;2.27537;48.8325;2.4127;13
21:58:58.337;48.8563;2.34404;48.8802;2.27537;48.8324;2.4127;13
21:58:58.352;48.8561;2.34404;48.88;2.27537;48.8322;2.4127;13
21:58:58.352;48.856;2.34404;48.8798;2.27537;48.8321;2.4127;13
21:58:58.358;48.8557;2.34404;48.8796;2.27537;48.8318;2.4127;13
21:58:58.377;48.8557;2.34386;48.8796;2.2752;48.8318;2.41252;13
21:58:58.395;48.8556;2.34386;48.8795;2.2752;48.8317;2.41252;13
21:58:58.413;48.8556;2.34369;48.8795;2.27503;48.8317;2.41235;13
21:58:58.464;48.8556;2.34352;48.8795;2.27486;48.8317;2.41218;13
21:58:58.484;48.8555;2.34335;48.8794;2.27468;48.8316;2.41201;13
21:58:58.515;48.8555;2.34301;48.8794;2.27434;48.8316;2.41167;13
21:58:58.566;48.8555;2.34283;48.8794;2.27417;48.8316;2.41149;13
21:58:58.616;48.8555;2.34266;48.8794;2.274;48.8316;2.41132;13
21:58:58.699;48.8555;2.34249;48.8794;2.27383;48.8316;2.41115;13
21:58:58.699;48.8555;2.34215;48.8794;2.27348;48.8316;2.41081;13
21:58:58.701;48.8555;2.34198;48.8794;2.27331;48.8316;2.41064;13
21:58:58.924;48.8556;2.34198;48.8795;2.27331;48.8317;2.41064;13
21:58:58.925;48.8556;2.3418;48.8795;2.27314;48.8317;2.41046;13
21:58:58.925;48.8557;2.34163;48.8796;2.27297;48.8318;2.41029;13
21:58:58.925;48.8559;2.34129;48.8797;2.27262;48.832;2.40995;13
21:58:58.942;48.8559;2.34077;48.8797;2.27211;48.832;2.40943;13
21:58:58.943;48.856;2.34009;48.8798;2.27142;48.8321;2.40875;13
21:58:58.945;48.856;2.33974;48.8798;2.27108;48.8321;2.4084;13
21:58:58.962;48.8561;2.33957;48.88;2.27091;48.8322;2.40823;13
21:58:59.152;48.8561;2.33923;48.88;2.27057;48.8322;2.40789;13
21:59:02.326;48.8562;2.3394;48.8801;2.27074;48.8323;2.40806;13
21:59:02.376;48.8563;2.33957;48.8802;2.27091;48.8324;2.40823;13
21:59:02.418;48.8566;2.3406;48.8805;2.27194;48.8327;2.40926;13
21:59:02.447;48.8569;2.34146;48.8807;2.2728;48.833;2.41012;13
21:59:02.473;48.8571;2.34163;48.881;2.27297;48.8332;2.41029;13
21:59:02.573;48.8572;2.34163;48.8811;2.27297;48.8333;2.41029;13
21:59:02.625;48.8573;2.34163;48.8812;2.27297;48.8334;2.41029;13
21:59:02.691;48.8574;2.34163;48.8813;2.27297;48.8335;2.41029;13
21:59:02.736;48.8574;2.34129;48.8813;2.27262;48.8335;2.40995;13
21:59:02.756;48.8574;2.3406;48.8813;2.27194;48.8335;2.40926;13
21:59:02.974;48.8573;2.3406;48.8812;2.27194;48.8334;2.40926;13
21:59:02.999;48.8573;2.34043;48.8812;2.27177;48.8334;2.40909;13
21:59:03.050;48.8571;2.34026;48.881;2.2716;48.8332;2.40892;13
21:59:03.093;48.857;2.34026;48.8809;2.2716;48.8331;2.40892;13
21:59:03.158;48.8569;2.34026;48.8807;2.2716;48.833;2.40892;13
21:59:03.182;48.8568;2.34026;48.8806;2.2716;48.8329;2.40892;13
21:59:03.248;48.8566;2.34043;48.8805;2.27177;48.8327;2.40909;13
21:59:03.249;48.8566;2.3406;48.8805;2.27194;48.8327;2.40926;13
21:59:03.284;48.8566;2.34198;48.8805;2.27331;48.8327;2.41064;13
21:59:03.301;48.8566;2.34232;48.8805;2.27365;48.8327;2.41098;13
21:59:03.320;48.8566;2.34266;48.8805;2.274;48.8327;2.41132;13
21:59:03.337;48.8566;2.34283;48.8805;2.27417;48.8327;2.41149;13
21:59:03.355;48.8566;2.34301;48.8805;2.27434;48.8327;2.41167;13
21:59:03.431;48.8566;2.34318;48.8805;2.27451;48.8327;2.41184;13
21:59:03.431;48.8568;2.34318;48.8806;2.27451;48.8329;2.41184;13
21:59:03.438;48.8569;2.34318;48.8807;2.27451;48.833;2.41184;13
21:59:03.478;48.8571;2.34335;48.881;2.27468;48.8332;2.41201;13
21:59:03.512;48.8573;2.34335;48.8812;2.27468;48.8334;2.41201;13
21:59:03.627;48.8573;2.34301;48.8812;2.27434;48.8334;2.41167;13
21:59:03.689;48.8573;2.34283;48.8812;2.27417;48.8334;2.41149;13
21:59:03.689;48.8573;2.34266;48.8812;2.274;48.8334;2.41132;13
21:59:03.724;48.8573;2.34215;48.8812;2.27348;48.8334;2.41081;13
21:59:06.736;48.8573;2.3418;48.8812;2.27314;48.8334;2.41046;13
21:59:06.762;48.8573;2.34112;48.8812;2.27245;48.8334;2.40978;13
21:59:06.801;48.8573;2.34009;48.8812;2.27142;48.8334;2.40875;13
21:59:06.830;48.8573;2.33957;48.8812;2.27091;48.8334;2.40823;13
21:59:06.857;48.8572;2.3394;48.8811;2.27074;48.8333;2.40806;13
21:59:06.864;48.8572;2.33923;48.8811;2.27057;48.8333;2.40789;13
21:59:06.882;48.8571;2.33923;48.881;2.27057;48.8332;2.40789;13
21:59:06.937;48.8569;2.33923;48.8807;2.27057;48.833;2.40789;13
21:59:07.042;48.8566;2.33906;48.8805;2.27039;48.8327;2.40772;13
21:59:07.042;48.8564;2.33906;48.8803;2.27039;48.8325;2.40772;13
21:59:07.042;48.8562;2.33906;48.8801;2.27039;48.8323;2.40772;13
21:59:07.042;48.8561;2.33906;48.88;2.27039;48.8322;2.40772;13
21:59:07.042;48.8559;2.33906;48.8797;2.27039;48.832;2.40772;13
21:59:07.061;48.8556;2.33906;48.8795;2.27039;48.8317;2.40772;13
21:59:07.061;48.8555;2.33906;48.8794;2.27039;48.8316;2.40772;13
21:59:07.104;48.8555;2.33923;48.8794;2.27057;48.8316;2.40789;13
21:59:07.179;48.8555;2.3394;48.8794;2.27074;48.8316;2.40806;13
21:59:07.179;48.8555;2.33974;48.8794;2.27108;48.8316;2.4084;13
21:59:07.179;48.8556;2.34043;48.8795;2.27177;48.8317;2.40909;13
21:59:07.180;48.8557;2.34077;48.8796;2.27211;48.8318;2.40943;13
21:59:07.194;48.856;2.34146;48.8798;2.2728;48.8321;2.41012;13
21:59:07.202;48.8561;2.3418;48.88;2.27314;48.8322;2.41046;13
21:59:07.219;48.8562;2.34198;48.8801;2.27331;48.8323;2.41064;13
21:59:07.239;48.8563;2.34198;48.8802;2.27331;48.8324;2.41064;13
21:59:07.245;48.8565;2.34198;48.8804;2.27331;48.8326;2.41064;13
21:59:07.262;48.8566;2.34198;48.8805;2.27331;48.8327;2.41064;13
21:59:07.280;48.8568;2.34198;48.8806;2.27331;48.8329;2.41064;13
21:59:07.340;48.8568;2.3418;48.8806;2.27314;48.8329;2.41046;13
21:59:07.346;48.8569;2.34146;48.8807;2.2728;48.833;2.41012;13
21:59:07.365;48.8569;2.3406;48.8807;2.27194;48.833;2.40926;13
21:59:07.383;48.857;2.33923;48.8809;2.27057;48.8331;2.40789;13
21:59:07.400;48.857;2.33751;48.8809;2.26885;48.8331;2.40617;13
21:59:07.418;48.857;2.33631;48.8809;2.26765;48.8331;2.40497;13
21:59:07.437;48.857;2.33494;48.8809;2.26627;48.8331;2.4036;13
21:59:07.495;48.857;2.33356;48.8809;2.2649;48.8331;2.40222;13
21:59:07.501;48.8562;2.33099;48.8801;2.26233;48.8323;2.39965;13
21:59:07.520;48.8557;2.3303;48.8796;2.26164;48.8318;2.39896;13
21:59:07.537;48.8553;2.32996;48.8792;2.2613;48.8314;2.39862;13
21:59:07.555;48.8548;2.32979;48.8787;2.26112;48.8309;2.39845;13
21:59:07.563;48.8546;2.32979;48.8785;2.26112;48.8307;2.39845;13
21:59:07.580;48.8543;2.32979;48.8782;2.26112;48.8304;2.39845;13
21:59:07.598;48.8538;2.32996;48.8777;2.2613;48.8299;2.39862;13
21:59:07.653;48.8536;2.33013;48.8775;2.26147;48.8297;2.39879;13
21:59:07.661;48.8534;2.33065;48.8772;2.26198;48.8295;2.39931;13
21:59:07.667;48.8534;2.33133;48.8772;2.26267;48.8295;2.39999;13
21:59:07.686;48.8534;2.33236;48.8772;2.2637;48.8295;2.40102;13
21:59:07.704;48.8534;2.33356;48.8772;2.2649;48.8295;2.40222;13
21:59:07.722;48.8534;2.33442;48.8772;2.26576;48.8295;2.40308;13
21:59:07.730;48.8534;2.33511;48.8772;2.26645;48.8295;2.40377;13
21:59:07.747;48.8534;2.33562;48.8772;2.26696;48.8295;2.40428;13
21:59:07.765;48.8535;2.33597;48.8774;2.2673;48.8296;2.40463;13
21:59:07.820;48.8537;2.33631;48.8776;2.26765;48.8298;2.40497;13
21:59:07.838;48.8538;2.33631;48.8777;2.26765;48.8299;2.40497;13
21:59:08.207;48.854;2.33631;48.8779;2.26765;48.8302;2.40497;13
21:59:08.258;48.8541;2.33631;48.878;2.26765;48.8303;2.40497;13
21:59:08.258;48.8544;2.33614;48.8783;2.26748;48.8305;2.4048;13
21:59:08.260;48.8548;2.33597;48.8787;2.2673;48.8309;2.40463;13
21:59:08.266;48.8552;2.33562;48.8791;2.26696;48.8313;2.40428;13
21:59:08.283;48.8556;2.33545;48.8795;2.26679;48.8317;2.40411;13
21:59:08.302;48.8559;2.33528;48.8797;2.26662;48.832;2.40394;13
21:59:08.320;48.856;2.33511;48.8798;2.26645;48.8321;2.40377;13
21:59:08.338;48.8562;2.33511;48.8801;2.26645;48.8323;2.40377;13
21:59:08.355;48.8563;2.33494;48.8802;2.26627;48.8324;2.4036;13
21:59:08.392;48.8565;2.33494;48.8804;2.26627;48.8326;2.4036;13
21:59:08.532;48.8565;2.33511;48.8804;2.26645;48.8326;2.40377;13
21:59:08.532;48.8565;2.33545;48.8804;2.26679;48.8326;2.40411;13
21:59:08.532;48.8566;2.3358;48.8805;2.26713;48.8327;2.40446;13
21:59:08.532;48.8566;2.33614;48.8805;2.26748;48.8327;2.4048;13
21:59:08.551;48.8568;2.33631;48.8806;2.26765;48.8329;2.40497;13
21:59:08.551;48.8568;2.33665;48.8806;2.26799;48.8329;2.40531;13
21:59:08.554;48.8568;2.33683;48.8806;2.26816;48.8329;2.40549;13
21:59:08.765;48.8566;2.33665;48.8805;2.26799;48.8327;2.40531;13
21:59:08.765;48.8565;2.33648;48.8804;2.26782;48.8326;2.40514;13
21:59:08.765;48.8563;2.33614;48.8802;2.26748;48.8324;2.4048;13
21:59:08.765;48.8561;2.3358;48.88;2.26713;48.8322;2.40446;13
21:59:08.765;48.8559;2.33494;48.8797;2.26627;48.832;2.4036;13
21:59:08.765;48.8556;2.33374;48.8795;2.26507;48.8317;2.4024;13
21:59:08.772;48.8554;2.33253;48.8793;2.26387;48.8315;2.40119;13
21:59:08.790;48.8552;2.3315;48.8791;2.26284;48.8313;2.40016;13
21:59:08.808;48.8551;2.33116;48.8789;2.2625;48.8312;2.39982;13
21:59:08.815;48.8551;2.33047;48.8789;2.26181;48.8312;2.39913;13
21:59:08.832;48.8549;2.32962;48.8788;2.26095;48.8311;2.39828;13
21:59:08.851;48.8549;2.32859;48.8788;2.25992;48.8311;2.39725;13
21:59:08.869;48.8549;2.3279;48.8788;2.25924;48.8311;2.39656;13
21:59:08.924;48.8549;2.32721;48.8788;2.25855;48.8311;2.39587;13
21:59:08.930;48.8551;2.32653;48.8789;2.25786;48.8312;2.39519;13
21:59:08.937;48.8552;2.32635;48.8791;2.25769;48.8313;2.39501;13
21:59:08.955;48.8553;2.32601;48.8792;2.25735;48.8314;2.39467;13
21:59:08.974;48.8555;2.32584;48.8794;2.25718;48.8316;2.3945;13
21:59:08.993;48.8557;2.32584;48.8796;2.25718;48.8318;2.3945;13
21:59:08.999;48.856;2.32584;48.8798;2.25718;48.8321;2.3945;13
21:59:09.018;48.8562;2.32584;48.8801;2.25718;48.8323;2.3945;13
21:59:09.036;48.8564;2.32584;48.8803;2.25718;48.8325;2.3945;13
21:59:09.091;48.8579;2.32618;48.8818;2.25752;48.834;2.39484;13
21:59:09.109;48.8583;2.32635;48.8822;2.25769;48.8344;2.39501;13
21:59:09.128;48.8589;2.32704;48.8828;2.25838;48.835;2.3957;13
21:59:09.134;48.8593;2.3279;48.8832;2.25924;48.8355;2.39656;13
21:59:09.151;48.8598;2.3291;48.8837;2.26044;48.8359;2.39776;13
21:59:09.170;48.86;2.33013;48.8839;2.26147;48.8361;2.39879;13
21:59:09.188;48.8602;2.33082;48.8841;2.26215;48.8364;2.39948;13
21:59:09.244;48.8602;2.33305;48.8841;2.26439;48.8364;2.40171;13
21:59:09.249;48.8602;2.33477;48.8841;2.2661;48.8364;2.40343;13
21:59:09.270;48.8601;2.33665;48.884;2.26799;48.8363;2.40531;13
21:59:09.288;48.86;2.33837;48.8839;2.26971;48.8361;2.40703;13
21:59:09.305;48.8598;2.33992;48.8837;2.27125;48.8359;2.40858;13
21:59:09.324;48.8596;2.3418;48.8834;2.27314;48.8357;2.41046;13
21:59:09.341;48.8593;2.34318;48.8832;2.27451;48.8355;2.41184;13
21:59:09.397;48.8591;2.34438;48.883;2.27571;48.8352;2.41304;13
21:59:09.403;48.8584;2.34661;48.8823;2.27795;48.8345;2.41527;13
21:59:09.420;48.8583;2.34678;48.8822;2.27812;48.8344;2.41544;13
21:59:09.439;48.8581;2.34713;48.882;2.27846;48.8342;2.41579;13
21:59:09.456;48.8579;2.3473;48.8818;2.27863;48.834;2.41596;13
21:59:09.473;48.8577;2.3473;48.8815;2.27863;48.8338;2.41596;13
21:59:09.492;48.8574;2.34747;48.8813;2.2788;48.8335;2.41613;13
21:59:09.510;48.8571;2.34747;48.881;2.2788;48.8332;2.41613;13
21:59:09.554;48.8566;2.34747;48.8805;2.2788;48.8327;2.41613;13
21:59:09.561;48.8557;2.3473;48.8796;2.27863;48.8318;2.41596;13
21:59:09.568;48.8555;2.3473;48.8794;2.27863;48.8316;2.41596;13
21:59:09.585;48.8553;2.3473;48.8792;2.27863;48.8314;2.41596;13
21:59:09.602;48.8548;2.3473;48.8787;2.27863;48.8309;2.41596;13
21:59:09.621;48.854;2.34713;48.8779;2.27846;48.8302;2.41579;13
21:59:09.639;48.8532;2.34678;48.8771;2.27812;48.8294;2.41544;13
21:59:09.656;48.8528;2.34644;48.8767;2.27777;48.8289;2.4151;13
21:59:09.712;48.8526;2.34644;48.8764;2.27777;48.8287;2.4151;13
21:59:09.720;48.852;2.3461;48.8759;2.27743;48.8281;2.41476;13
21:59:09.736;48.8519;2.34575;48.8758;2.27709;48.828;2.41441;13
21:59:09.755;48.8513;2.34489;48.8752;2.27623;48.8274;2.41355;13
21:59:09.773;48.8509;2.34421;48.8748;2.27554;48.827;2.41287;13
21:59:09.791;48.8508;2.34386;48.8746;2.2752;48.8269;2.41252;13
21:59:09.935;48.8508;2.34369;48.8746;2.27503;48.8269;2.41235;13
21:59:09.935;48.8507;2.34318;48.8745;2.27451;48.8268;2.41184;13
21:59:09.935;48.8505;2.34249;48.8744;2.27383;48.8266;2.41115;13
21:59:09.935;48.8505;2.34198;48.8744;2.27331;48.8266;2.41064;13
21:59:09.936;48.8505;2.34163;48.8744;2.27297;48.8266;2.41029;13
21:59:09.936;48.8505;2.34129;48.8744;2.27262;48.8266;2.40995;13
21:59:09.949;48.8507;2.34043;48.8745;2.27177;48.8268;2.40909;13
21:59:09.956;48.8507;2.33906;48.8745;2.27039;48.8268;2.40772;13
21:59:09.974;48.8507;2.33734;48.8745;2.26868;48.8268;2.406;13
21:59:09.991;48.8507;2.33528;48.8745;2.26662;48.8268;2.40394;13
21:59:10.010;48.8507;2.33305;48.8745;2.26439;48.8268;2.40171;13
21:59:10.028;48.8507;2.3315;48.8745;2.26284;48.8268;2.40016;13
21:59:10.046;48.8507;2.32979;48.8745;2.26112;48.8268;2.39845;13
21:59:10.054;48.8507;2.32876;48.8745;2.26009;48.8268;2.39742;13
21:59:10.095;48.8507;2.32704;48.8745;2.25838;48.8268;2.3957;13
21:59:10.176;48.8507;2.32635;48.8745;2.25769;48.8268;2.39501;13
21:59:10.177;48.8507;2.32601;48.8745;2.25735;48.8268;2.39467;13
21:59:10.177;48.8508;2.32584;48.8746;2.25718;48.8269;2.3945;13
21:59:10.177;48.8513;2.32567;48.8752;2.257;48.8274;2.39433;13
21:59:10.221;48.8519;2.32533;48.8758;2.25666;48.828;2.39398;13
21:59:10.228;48.8545;2.3243;48.8784;2.25563;48.8306;2.39295;13
21:59:10.246;48.8551;2.3243;48.8789;2.25563;48.8312;2.39295;13
21:59:10.253;48.8557;2.3243;48.8796;2.25563;48.8318;2.39295;13
21:59:10.270;48.8565;2.3243;48.8804;2.25563;48.8326;2.39295;13
21:59:10.288;48.8571;2.3243;48.881;2.25563;48.8332;2.39295;13
21:59:10.307;48.8578;2.3243;48.8816;2.25563;48.8339;2.39295;13
21:59:10.324;48.8582;2.32447;48.8821;2.2558;48.8343;2.39313;13
21:59:10.380;48.8587;2.32481;48.8825;2.25615;48.8348;2.39347;13
21:59:10.386;48.8597;2.3267;48.8836;2.25803;48.8358;2.39536;13
21:59:10.404;48.8599;2.32756;48.8838;2.25889;48.836;2.39622;13
21:59:10.421;48.8601;2.32841;48.884;2.25975;48.8363;2.39707;13
21:59:10.439;48.8602;2.32979;48.8841;2.26112;48.8364;2.39845;13
21:59:10.456;48.8604;2.33116;48.8842;2.2625;48.8365;2.39982;13
21:59:10.475;48.8604;2.33219;48.8842;2.26353;48.8365;2.40085;13
21:59:10.492;48.8604;2.33305;48.8842;2.26439;48.8365;2.40171;13
21:59:10.551;48.8604;2.33562;48.8842;2.26696;48.8365;2.40428;13
21:59:10.558;48.8604;2.33648;48.8842;2.26782;48.8365;2.40514;13
21:59:10.575;48.8604;2.33786;48.8842;2.26919;48.8365;2.40652;13
21:59:10.593;48.8604;2.33906;48.8842;2.27039;48.8365;2.40772;13
21:59:10.612;48.8604;2.34009;48.8842;2.27142;48.8365;2.40875;13
21:59:10.619;48.8601;2.34077;48.884;2.27211;48.8363;2.40943;13
21:59:10.637;48.86;2.34112;48.8839;2.27245;48.8361;2.40978;13
21:59:10.691;48.8599;2.34129;48.8838;2.27262;48.836;2.40995;13
21:59:10.701;48.8595;2.34129;48.8833;2.27262;48.8356;2.40995;13
21:59:10.707;48.8591;2.34129;48.883;2.27262;48.8352;2.40995;13
21:59:10.726;48.8587;2.34129;48.8825;2.27262;48.8348;2.40995;13
21:59:10.744;48.8583;2.34129;48.8822;2.27262;48.8344;2.40995;13
21:59:10.761;48.8579;2.34129;48.8818;2.27262;48.834;2.40995;13
21:59:10.780;48.8577;2.34129;48.8815;2.27262;48.8338;2.40995;13
21:59:10.787;48.8574;2.34129;48.8813;2.27262;48.8335;2.40995;13
21:59:10.805;48.8572;2.34129;48.8811;2.27262;48.8333;2.40995;13
21:59:10.865;48.8559;2.34129;48.8797;2.27262;48.832;2.40995;13
21:59:10.872;48.8554;2.34095;48.8793;2.27228;48.8315;2.40961;13
21:59:10.889;48.8552;2.34077;48.8791;2.27211;48.8313;2.40943;13
21:59:10.908;48.8549;2.34043;48.8788;2.27177;48.8311;2.40909;13
21:59:10.926;48.8547;2.34009;48.8786;2.27142;48.8308;2.40875;13
21:59:10.944;48.8546;2.33974;48.8785;2.27108;48.8307;2.4084;13
21:59:10.963;48.8544;2.3394;48.8783;2.27074;48.8305;2.40806;13
21:59:11.019;48.8541;2.33837;48.878;2.26971;48.8303;2.40703;13
21:59:11.025;48.8541;2.33768;48.878;2.26902;48.8303;2.40634;13
21:59:11.043;48.8541;2.33734;48.878;2.26868;48.8303;2.406;13
21:59:11.062;48.8541;2.33683;48.878;2.26816;48.8303;2.40549;13
21:59:11.080;48.8541;2.33597;48.878;2.2673;48.8303;2.40463;13
21:59:11.097;48.8541;2.33511;48.878;2.26645;48.8303;2.40377;13
21:59:11.117;48.8541;2.33425;48.878;2.26559;48.8303;2.40291;13
21:59:11.123;48.8541;2.33356;48.878;2.2649;48.8303;2.40222;13
21:59:11.180;48.8545;2.33185;48.8784;2.26318;48.8306;2.40051;13
21:59:11.199;48.8545;2.3315;48.8784;2.26284;48.8306;2.40016;13
21:59:11.206;48.8546;2.33133;48.8785;2.26267;48.8307;2.39999;13
21:59:11.225;48.8547;2.33116;48.8786;2.2625;48.8308;2.39982;13
21:59:11.245;48.8548;2.33099;48.8787;2.26233;48.8309;2.39965;13
21:59:11.262;48.8549;2.33082;48.8788;2.26215;48.8311;2.39948;13
21:59:11.280;48.8551;2.33065;48.8789;2.26198;48.8312;2.39931;13
21:59:11.338;48.8555;2.33065;48.8794;2.26198;48.8316;2.39931;13
21:59:11.346;48.8556;2.33047;48.8795;2.26181;48.8317;2.39913;13
21:59:11.384;48.8559;2.33047;48.8797;2.26181;48.832;2.39913;13
21:59:12.029;48.8568;2.33322;48.8806;2.26456;48.8329;2.40188;13
21:59:12.029;48.8577;2.33597;48.8815;2.2673;48.8338;2.40463;13
21:59:12.029;48.8582;2.33871;48.8821;2.27005;48.8343;2.40737;13
21:59:12.029;48.8588;2.34112;48.8827;2.27245;48.8349;2.40978;13
21:59:12.045;48.8591;2.34249;48.883;2.27383;48.8352;2.41115;13
21:59:12.063;48.8593;2.34369;48.8832;2.27503;48.8355;2.41235;13
21:59:12.083;48.8596;2.34438;48.8834;2.27571;48.8357;2.41304;13
21:59:12.100;48.8598;2.34489;48.8837;2.27623;48.8359;2.41355;13
21:59:12.119;48.8599;2.34507;48.8838;2.2764;48.836;2.41373;13
21:59:12.126;48.8601;2.34524;48.884;2.27657;48.8363;2.4139;13
21:59:12.145;48.8604;2.34524;48.8842;2.27657;48.8365;2.4139;13
21:59:12.205;48.8611;2.34524;48.885;2.27657;48.8373;2.4139;13
21:59:12.213;48.8617;2.34507;48.8856;2.2764;48.8378;2.41373;13
21:59:12.231;48.8625;2.34472;48.8864;2.27606;48.8386;2.41338;13
21:59:12.249;48.8631;2.34438;48.887;2.27571;48.8392;2.41304;13
21:59:12.268;48.8636;2.34404;48.8875;2.27537;48.8397;2.4127;13
21:59:12.287;48.8641;2.34369;48.888;2.27503;48.8402;2.41235;13
21:59:12.294;48.8644;2.34335;48.8883;2.27468;48.8405;2.41201;13
21:59:12.313;48.8645;2.34301;48.8884;2.27434;48.8407;2.41167;13
21:59:12.368;48.8645;2.34095;48.8884;2.27228;48.8407;2.40961;13
21:59:12.386;48.8643;2.34009;48.8882;2.27142;48.8404;2.40875;13
21:59:12.395;48.864;2.33871;48.8879;2.27005;48.8401;2.40737;13
21:59:12.414;48.8635;2.33786;48.8874;2.26919;48.8396;2.40652;13
21:59:12.434;48.863;2.33648;48.8868;2.26782;48.8391;2.40514;13
21:59:12.453;48.8622;2.33511;48.8861;2.26645;48.8383;2.40377;13
21:59:12.460;48.8616;2.33391;48.8855;2.26524;48.8377;2.40257;13
21:59:12.515;48.8611;2.33322;48.885;2.26456;48.8373;2.40188;13
21:59:12.524;48.8606;2.33236;48.8845;2.2637;48.8367;2.40102;13
21:59:12.531;48.8602;2.33202;48.8841;2.26336;48.8364;2.40068;13
21:59:12.550;48.8598;2.33168;48.8837;2.26301;48.8359;2.40034;13
21:59:12.567;48.8592;2.33133;48.8831;2.26267;48.8354;2.39999;13
21:59:12.588;48.8588;2.33133;48.8827;2.26267;48.8349;2.39999;13
21:59:12.594;48.8586;2.33133;48.8824;2.26267;48.8347;2.39999;13
21:59:12.612;48.8584;2.33116;48.8823;2.2625;48.8345;2.39982;13
21:59:12.631;48.8583;2.33116;48.8822;2.2625;48.8344;2.39982;13
21:59:12.689;48.8577;2.33116;48.8815;2.2625;48.8338;2.39982;13
21:59:12.696;48.8574;2.33116;48.8813;2.2625;48.8335;2.39982;13
21:59:12.715;48.8572;2.33116;48.8811;2.2625;48.8333;2.39982;13
21:59:12.733;48.857;2.3315;48.8809;2.26284;48.8331;2.40016;13
21:59:12.751;48.8568;2.33185;48.8806;2.26318;48.8329;2.40051;13
21:59:12.772;48.8565;2.33219;48.8804;2.26353;48.8326;2.40085;13
21:59:12.779;48.8563;2.33271;48.8802;2.26404;48.8324;2.40137;13
21:59:12.797;48.8561;2.33356;48.88;2.2649;48.8322;2.40222;13
21:59:12.868;48.8559;2.33425;48.8797;2.26559;48.832;2.40291;13
21:59:15.146;48.8557;2.33425;48.8796;2.26559;48.8318;2.40291;13
21:59:15.146;48.8556;2.33442;48.8795;2.26576;48.8317;2.40308;13
21:59:15.237;48.8556;2.33459;48.8795;2.26593;48.8317;2.40325;13
21:59:15.237;48.8555;2.33477;48.8794;2.2661;48.8316;2.40343;13
21:59:15.278;48.8555;2.33511;48.8794;2.26645;48.8316;2.40377;13
21:59:15.278;48.8554;2.33545;48.8793;2.26679;48.8315;2.40411;13
21:59:15.409;48.8552;2.33545;48.8791;2.26679;48.8313;2.40411;13
21:59:15.471;48.8551;2.33545;48.8789;2.26679;48.8312;2.40411;13
21:59:15.471;48.8548;2.33528;48.8787;2.26662;48.8309;2.40394;13
21:59:15.536;48.8547;2.33528;48.8786;2.26662;48.8308;2.40394;13
21:59:15.537;48.8546;2.33528;48.8785;2.26662;48.8307;2.40394;13
21:59:15.537;48.8545;2.33511;48.8784;2.26645;48.8306;2.40377;13
21:59:15.537;48.8544;2.33511;48.8783;2.26645;48.8305;2.40377;13
21:59:15.544;48.8543;2.33511;48.8782;2.26645;48.8304;2.40377;13
21:59:15.599;48.8541;2.33494;48.878;2.26627;48.8303;2.4036;13
21:59:15.599;48.8541;2.33477;48.878;2.2661;48.8303;2.40343;13
21:59:15.696;48.8541;2.33459;48.878;2.26593;48.8303;2.40325;13
21:59:15.727;48.8541;2.33442;48.878;2.26576;48.8303;2.40308;13
21:59:15.795;48.8541;2.33425;48.878;2.26559;48.8303;2.40291;13
21:59:15.845;48.8541;2.33408;48.878;2.26542;48.8303;2.40274;13
21:59:15.888;48.8541;2.33391;48.878;2.26524;48.8303;2.40257;13
21:59:15.945;48.8541;2.33374;48.878;2.26507;48.8303;2.4024;13
21:59:15.990;48.8543;2.33356;48.8782;2.2649;48.8304;2.40222;13
21:59:16.031;48.8543;2.33339;48.8782;2.26473;48.8304;2.40205;13
21:59:16.031;48.8545;2.33322;48.8784;2.26456;48.8306;2.40188;13
21:59:16.076;48.8547;2.33288;48.8786;2.26421;48.8308;2.40154;13
21:59:16.076;48.8549;2.33271;48.8788;2.26404;48.8311;2.40137;13
21:59:16.076;48.8552;2.33253;48.8791;2.26387;48.8313;2.40119;13
21:59:16.076;48.8553;2.33253;48.8792;2.26387;48.8314;2.40119;13
21:59:16.126;48.8559;2.33236;48.8797;2.2637;48.832;2.40102;13
21:59:16.145;48.856;2.33236;48.8798;2.2637;48.8321;2.40102;13
21:59:16.163;48.8562;2.33236;48.8801;2.2637;48.8323;2.40102;13
21:59:16.181;48.8564;2.33236;48.8803;2.2637;48.8325;2.40102;13
21:59:16.189;48.8565;2.33236;48.8804;2.2637;48.8326;2.40102;13
21:59:16.206;48.8568;2.33253;48.8806;2.26387;48.8329;2.40119;13
21:59:16.224;48.8569;2.33253;48.8807;2.26387;48.833;2.40119;13
21:59:16.281;48.8572;2.33305;48.8811;2.26439;48.8333;2.40171;13
21:59:16.288;48.8572;2.33322;48.8811;2.26456;48.8333;2.40188;13
21:59:16.306;48.8573;2.33339;48.8812;2.26473;48.8334;2.40205;13
21:59:16.325;48.8573;2.33374;48.8812;2.26507;48.8334;2.4024;13
21:59:16.342;48.8573;2.33408;48.8812;2.26542;48.8334;2.40274;13
21:59:16.360;48.8573;2.33459;48.8812;2.26593;48.8334;2.40325;13
21:59:16.377;48.8573;2.33528;48.8812;2.26662;48.8334;2.40394;13
21:59:16.433;48.8573;2.33631;48.8812;2.26765;48.8334;2.40497;13
21:59:16.440;48.8572;2.33871;48.8811;2.27005;48.8333;2.40737;13
21:59:16.458;48.8571;2.33906;48.881;2.27039;48.8332;2.40772;13
21:59:16.476;48.857;2.3394;48.8809;2.27074;48.8331;2.40806;13
21:59:16.495;48.857;2.33974;48.8809;2.27108;48.8331;2.4084;13
21:59:16.513;48.8569;2.34009;48.8807;2.27142;48.833;2.40875;13
21:59:16.597;48.8568;2.34009;48.8806;2.27142;48.8329;2.40875;13
21:59:16.624;48.8566;2.34009;48.8805;2.27142;48.8327;2.40875;13
21:59:16.624;48.8565;2.34009;48.8804;2.27142;48.8326;2.40875;13
21:59:16.642;48.8563;2.34009;48.8802;2.27142;48.8324;2.40875;13
21:59:16.659;48.8562;2.34009;48.8801;2.27142;48.8323;2.40875;13
21:59:16.678;48.856;2.33974;48.8798;2.27108;48.8321;2.4084;13
21:59:16.696;48.8557;2.3394;48.8796;2.27074;48.8318;2.40806;13
21:59:16.714;48.8554;2.33906;48.8793;2.27039;48.8315;2.40772;13
21:59:16.722;48.8549;2.3382;48.8788;2.26954;48.8311;2.40686;13
21:59:16.740;48.8546;2.33734;48.8785;2.26868;48.8307;2.406;13
21:59:16.758;48.8541;2.33614;48.878;2.26748;48.8303;2.4048;13
21:59:16.776;48.8539;2.33528;48.8778;2.26662;48.83;2.40394;13
21:59:16.794;48.8537;2.33442;48.8776;2.26576;48.8298;2.40308;13
21:59:16.811;48.8536;2.33391;48.8775;2.26524;48.8297;2.40257;13
21:59:16.830;48.8535;2.33374;48.8774;2.26507;48.8296;2.4024;13
21:59:16.867;48.8535;2.33339;48.8774;2.26473;48.8296;2.40205;13
21:59:16.875;48.8535;2.33305;48.8774;2.26439;48.8296;2.40171;13
21:59:16.892;48.8535;2.33288;48.8774;2.26421;48.8296;2.40154;13
21:59:16.910;48.8535;2.33271;48.8774;2.26404;48.8296;2.40137;13
21:59:17.056;48.8536;2.33253;48.8775;2.26387;48.8297;2.40119;13
21:59:17.056;48.8537;2.33219;48.8776;2.26353;48.8298;2.40085;13
21:59:17.056;48.8539;2.33185;48.8778;2.26318;48.83;2.40051;13
21:59:17.056;48.8541;2.33133;48.878;2.26267;48.8303;2.39999;13
21:59:17.056;48.8544;2.33099;48.8783;2.26233;48.8305;2.39965;13
21:59:17.056;48.8547;2.33065;48.8786;2.26198;48.8308;2.39931;13
21:59:17.060;48.8552;2.33047;48.8791;2.26181;48.8313;2.39913;13
21:59:17.078;48.8556;2.33013;48.8795;2.26147;48.8317;2.39879;13
21:59:17.097;48.8562;2.32979;48.8801;2.26112;48.8323;2.39845;13
21:59:17.115;48.8566;2.32944;48.8805;2.26078;48.8327;2.3981;13
21:59:17.123;48.8569;2.32927;48.8807;2.26061;48.833;2.39793;13
21:59:17.140;48.8572;2.32927;48.8811;2.26061;48.8333;2.39793;13
21:59:17.158;48.8574;2.32927;48.8813;2.26061;48.8335;2.39793;13
21:59:17.176;48.8578;2.32927;48.8816;2.26061;48.8339;2.39793;13
21:59:17.235;48.8584;2.32927;48.8823;2.26061;48.8345;2.39793;13
21:59:17.242;48.8587;2.32927;48.8825;2.26061;48.8348;2.39793;13
21:59:17.259;48.8589;2.32927;48.8828;2.26061;48.835;2.39793;13
21:59:17.278;48.859;2.32927;48.8829;2.26061;48.8351;2.39793;13
21:59:17.296;48.8592;2.32962;48.8831;2.26095;48.8354;2.39828;13
21:59:17.313;48.8593;2.32979;48.8832;2.26112;48.8355;2.39845;13
21:59:17.331;48.8595;2.33013;48.8833;2.26147;48.8356;2.39879;13
21:59:17.387;48.8596;2.33116;48.8834;2.2625;48.8357;2.39982;13
21:59:17.394;48.8596;2.33202;48.8834;2.26336;48.8357;2.40068;13
21:59:17.412;48.8597;2.33322;48.8836;2.26456;48.8358;2.40188;13
21:59:17.431;48.8597;2.33459;48.8836;2.26593;48.8358;2.40325;13
21:59:17.448;48.8597;2.33631;48.8836;2.26765;48.8358;2.40497;13
21:59:17.465;48.8597;2.33768;48.8836;2.26902;48.8358;2.40634;13
21:59:17.482;48.8597;2.33906;48.8836;2.27039;48.8358;2.40772;13
21:59:17.538;48.8595;2.34129;48.8833;2.27262;48.8356;2.40995;13
21:59:17.545;48.8593;2.34163;48.8832;2.27297;48.8355;2.41029;13
21:59:17.563;48.8592;2.3418;48.8831;2.27314;48.8354;2.41046;13
21:59:17.580;48.8591;2.3418;48.883;2.27314;48.8352;2.41046;13
21:59:17.666;48.859;2.3418;48.8829;2.27314;48.8351;2.41046;13
21:59:17.666;48.8588;2.3418;48.8827;2.27314;48.8349;2.41046;13
21:59:17.666;48.8582;2.3418;48.8821;2.27314;48.8343;2.41046;13
21:59:17.677;48.8574;2.3418;48.8813;2.27314;48.8335;2.41046;13
21:59:17.694;48.8566;2.34146;48.8805;2.2728;48.8327;2.41012;13
21:59:17.714;48.8561;2.34129;48.88;2.27262;48.8322;2.40995;13
21:59:17.731;48.8556;2.34095;48.8795;2.27228;48.8317;2.40961;13
21:59:17.749;48.8554;2.34077;48.8793;2.27211;48.8315;2.40943;13
21:59:17.767;48.8552;2.34043;48.8791;2.27177;48.8313;2.40909;13
21:59:17.774;48.8551;2.34026;48.8789;2.2716;48.8312;2.40892;13
21:59:17.805;48.8548;2.33992;48.8787;2.27125;48.8309;2.40858;13
21:59:19.656;48.8548;2.33992;48.9026;2.20259;48.807;2.47724;12
21:59:19.657;48.8548;2.33992;48.9026;2.20259;48.807;2.47724;12
21:59:20.155;48.8551;2.33992;48.9028;2.20259;48.8073;2.47724;12
21:59:20.209;48.8553;2.33957;48.903;2.20224;48.8075;2.4769;12
21:59:20.210;48.8555;2.33957;48.9033;2.20224;48.8077;2.4769;12
21:59:20.252;48.8557;2.33923;48.9035;2.2019;48.8079;2.47655;12
21:59:20.275;48.856;2.33889;48.9037;2.20156;48.8082;2.47621;12
21:59:20.281;48.8562;2.33889;48.9039;2.20156;48.8084;2.47621;12
21:59:20.298;48.8564;2.33889;48.9042;2.20156;48.8086;2.47621;12
21:59:20.673;48.8569;2.33854;48.9046;2.20121;48.8091;2.47587;12
21:59:20.716;48.8569;2.3382;48.9046;2.20087;48.8091;2.47552;12
21:59:24.571;48.8571;2.33854;48.9048;2.20121;48.8093;2.47587;12
21:59:24.571;48.8575;2.33923;48.9053;2.2019;48.8097;2.47655;12
21:59:24.613;48.8587;2.34232;48.9064;2.20499;48.8109;2.47964;12
21:59:24.637;48.8591;2.34369;48.9069;2.20636;48.8113;2.48102;12
21:59:24.644;48.8596;2.34472;48.9073;2.20739;48.8118;2.48205;12
21:59:24.786;48.8596;2.34438;48.9073;2.20705;48.8118;2.4817;12
21:59:24.809;48.8596;2.34404;48.9073;2.20671;48.8118;2.48136;12
21:59:24.842;48.8593;2.34369;48.9071;2.20636;48.8116;2.48102;12
21:59:25.902;48.755;2.34644;48.8028;2.20911;48.7071;2.48376;12
21:59:27.688;48.7575;2.32412;48.8053;2.18679;48.7096;2.46145;12
21:59:28.319;48.7602;2.32481;48.808;2.18748;48.7123;2.46213;12
21:59:28.362;48.7604;2.32481;48.8083;2.18748;48.7125;2.46213;12
21:59:28.597;48.7604;2.32515;48.8083;2.18782;48.7125;2.46248;12
21:59:28.916;48.7602;2.32515;48.808;2.18782;48.7123;2.46248;12
21:59:28.998;48.76;2.32515;48.8078;2.18782;48.7121;2.46248;12
21:59:32.105;48.7602;2.32515;48.808;2.18782;48.7123;2.46248;12
21:59:32.152;48.7609;2.32515;48.8087;2.18782;48.713;2.46248;12
21:59:32.152;48.7613;2.32515;48.8092;2.18782;48.7135;2.46248;12
21:59:32.194;48.7622;2.32481;48.8101;2.18748;48.7144;2.46213;12
21:59:32.220;48.7625;2.32447;48.8103;2.18714;48.7146;2.46179;12
21:59:32.339;48.7625;2.32412;48.8103;2.18679;48.7146;2.46145;12
21:59:32.339;48.7625;2.32378;48.8103;2.18645;48.7146;2.4611;12
21:59:32.339;48.7625;2.32344;48.8103;2.18611;48.7146;2.46076;12
21:59:32.339;48.7625;2.32275;48.8103;2.18542;48.7146;2.46007;12
21:59:32.385;48.7625;2.32241;48.8103;2.18508;48.7146;2.45973;12
21:59:32.391;48.7625;2.32103;48.8103;2.1837;48.7146;2.45836;12
21:59:32.400;48.7625;2.32;48.8103;2.18267;48.7146;2.45733;12
21:59:32.418;48.7625;2.31932;48.8103;2.18199;48.7146;2.45664;12
21:59:32.435;48.7625;2.31863;48.8103;2.1813;48.7146;2.45595;12
21:59:32.526;48.7625;2.31829;48.8103;2.18096;48.7146;2.45561;12
21:59:32.575;48.7622;2.31829;48.8101;2.18096;48.7144;2.45561;12
21:59:32.609;48.762;2.31829;48.8099;2.18096;48.7141;2.45561;12
21:59:32.668;48.7618;2.31829;48.8096;2.18096;48.7139;2.45561;12
21:59:32.668;48.7616;2.31829;48.8094;2.18096;48.7137;2.45561;12
21:59:32.710;48.7609;2.31863;48.8087;2.1813;48.713;2.45595;12
21:59:32.720;48.7607;2.31897;48.8085;2.18164;48.7128;2.4563;12
21:59:32.739;48.7604;2.31897;48.8083;2.18164;48.7125;2.4563;12
21:59:32.760;48.76;2.31897;48.8078;2.18164;48.7121;2.4563;12
21:59:32.768;48.7598;2.31897;48.8076;2.18164;48.7119;2.4563;12
21:59:32.785;48.7595;2.31932;48.8074;2.18199;48.7116;2.45664;12
21:59:32.861;48.7593;2.31966;48.8071;2.18233;48.7114;2.45698;12
21:59:32.981;48.7593;2.32035;48.8071;2.18302;48.7114;2.45767;12
21:59:32.982;48.7593;2.32069;48.8071;2.18336;48.7114;2.45801;12
21:59:32.982;48.7593;2.32138;48.8071;2.18405;48.7114;2.4587;12
21:59:32.982;48.7593;2.32206;48.8071;2.18473;48.7114;2.45939;12
21:59:32.988;48.7593;2.32275;48.8071;2.18542;48.7114;2.46007;12
21:59:32.989;48.7593;2.32344;48.8071;2.18611;48.7114;2.46076;12
21:59:33.006;48.7593;2.32481;48.8071;2.18748;48.7114;2.46213;12
21:59:33.024;48.7593;2.3255;48.8071;2.18817;48.7114;2.46282;12
21:59:33.042;48.7593;2.32584;48.8071;2.18851;48.7114;2.46316;12
21:59:33.245;48.7593;2.32618;48.8071;2.18885;48.7114;2.46351;12
21:59:33.335;48.7595;2.32618;48.8074;2.18885;48.7116;2.46351;12
21:59:33.336;48.7598;2.32618;48.8076;2.18885;48.7119;2.46351;12
21:59:33.336;48.76;2.32618;48.8078;2.18885;48.7121;2.46351;12
21:59:33.336;48.7602;2.32618;48.808;2.18885;48.7123;2.46351;12
21:59:34.535;48.9568;2.34678;49.0045;2.20945;48.9091;2.48411;12
21:59:35.184;48.9571;2.34713;49.0047;2.2098;48.9094;2.48445;12
21:59:35.232;48.9573;2.34747;49.0049;2.21014;48.9096;2.48479;12
21:59:35.313;48.9573;2.34781;49.0049;2.21048;48.9096;2.48514;12
21:59:35.313;48.9573;2.34816;49.0049;2.21083;48.9096;2.48548;12
21:59:35.314;48.9575;2.3485;49.0052;2.21117;48.9098;2.48582;12
21:59:35.347;48.9575;2.34884;49.0052;2.21151;48.9098;2.48617;12
21:59:35.347;48.9577;2.34884;49.0054;2.21151;48.91;2.48617;12
21:59:35.356;48.9577;2.34919;49.0054;2.21186;48.91;2.48651;12
21:59:35.600;48.9577;2.34987;49.0054;2.21254;48.91;2.4872;12
21:59:35.667;48.9575;2.34987;49.0052;2.21254;48.9098;2.4872;12
21:59:35.731;48.9573;2.34987;49.0049;2.21254;48.9096;2.4872;12
21:59:35.731;48.9571;2.34987;49.0047;2.21254;48.9094;2.4872;12
21:59:35.759;48.9568;2.34987;49.0045;2.21254;48.9091;2.4872;12
21:59:35.759;48.9566;2.34987;49.0043;2.21254;48.9089;2.4872;12
21:59:35.818;48.9564;2.34987;49.004;2.21254;48.9087;2.4872;12
21:59:35.886;48.9564;2.35022;49.004;2.21289;48.9087;2.48754;12
21:59:35.970;48.9562;2.35056;49.0038;2.21323;48.9085;2.48788;12
21:59:36.035;48.9559;2.35056;49.0036;2.21323;48.9082;2.48788;12
21:59:36.079;48.9559;2.3509;49.0036;2.21357;48.9082;2.48823;12
21:59:36.122;48.9559;2.35125;49.0036;2.21392;48.9082;2.48857;12
21:59:36.218;48.9559;2.35159;49.0036;2.21426;48.9082;2.48891;12
21:59:36.249;48.9557;2.35193;49.0034;2.2146;48.908;2.48926;12
21:59:36.280;48.9557;2.35228;49.0034;2.21495;48.908;2.4896;12
21:59:36.298;48.9557;2.35296;49.0034;2.21563;48.908;2.49029;12
21:59:36.317;48.9557;2.35331;49.0034;2.21598;48.908;2.49063;12
21:59:36.336;48.9557;2.35399;49.0034;2.21666;48.908;2.49132;12
21:59:36.342;48.9557;2.35434;49.0034;2.21701;48.908;2.49166;12
21:59:36.361;48.9557;2.35502;49.0034;2.21769;48.908;2.49235;12
21:59:36.417;48.9559;2.35674;49.0036;2.21941;48.9082;2.49406;12
21:59:36.438;48.9562;2.35743;49.0038;2.2201;48.9085;2.49475;12
21:59:36.446;48.9564;2.35811;49.004;2.22078;48.9087;2.49544;12
21:59:36.464;48.9568;2.35846;49.0045;2.22113;48.9091;2.49578;12
21:59:36.482;48.9571;2.35846;49.0047;2.22113;48.9094;2.49578;12
21:59:36.501;48.9571;2.3588;49.0047;2.22147;48.9094;2.49612;12
21:59:36.623;48.9573;2.3588;49.0049;2.22147;48.9096;2.49612;12
21:59:36.623;48.9573;2.35914;49.0049;2.22181;48.9096;2.49647;12
21:59:36.655;48.9577;2.35949;49.0054;2.22216;48.91;2.49681;12
21:59:36.704;48.958;2.35949;49.0056;2.22216;48.9103;2.49681;12
21:59:36.972;48.9577;2.35914;49.0054;2.22181;48.91;2.49647;12
21:59:36.972;48.9575;2.3588;49.0052;2.22147;48.9098;2.49612;12
21:59:37.014;48.9566;2.3564;49.0043;2.21907;48.9089;2.49372;12
21:59:37.034;48.9564;2.35605;49.004;2.21872;48.9087;2.49338;12
21:59:37.051;48.9562;2.35502;49.0038;2.21769;48.9085;2.49235;12
21:59:37.069;48.9562;2.35468;49.0038;2.21735;48.9085;2.492;12
21:59:37.087;48.9562;2.35399;49.0038;2.21666;48.9085;2.49132;12
21:59:37.094;48.9559;2.35365;49.0036;2.21632;48.9082;2.49097;12
21:59:37.113;48.9559;2.35296;49.0036;2.21563;48.9082;2.49029;12
21:59:37.168;48.9557;2.35262;49.0034;2.21529;48.908;2.48994;12
21:59:37.177;48.9555;2.35159;49.0031;2.21426;48.9078;2.48891;12
21:59:37.184;48.9555;2.3509;49.0031;2.21357;48.9078;2.48823;12
21:59:37.202;48.9552;2.35056;49.0029;2.21323;48.9076;2.48788;12
21:59:37.220;48.9552;2.35022;49.0029;2.21289;48.9076;2.48754;12
21:59:37.239;48.9552;2.34987;49.0029;2.21254;48.9076;2.4872;12
21:59:37.247;48.9552;2.34953;49.0029;2.2122;48.9076;2.48685;12
21:59:37.264;48.955;2.34919;49.0027;2.21186;48.9073;2.48651;12
21:59:37.283;48.955;2.34884;49.0027;2.21151;48.9073;2.48617;12
21:59:37.340;48.9546;2.34781;49.0022;2.21048;48.9069;2.48514;12
21:59:37.372;48.9543;2.34713;49.002;2.2098;48.9067;2.48445;12
21:59:37.457;48.9543;2.34678;49.002;2.20945;48.9067;2.48411;12
21:59:37.536;48.9543;2.34644;49.002;2.20911;48.9067;2.48376;12
21:59:37.590;48.9543;2.3461;49.002;2.20877;48.9067;2.48342;12
21:59:37.640;48.9543;2.34541;49.002;2.20808;48.9067;2.48273;12
21:59:37.640;48.9543;2.34507;49.002;2.20774;48.9067;2.48239;12
21:59:37.678;48.9541;2.34507;49.0018;2.20774;48.9064;2.48239;12
21:59:37.678;48.9541;2.34472;49.0018;2.20739;48.9064;2.48205;12
21:59:37.708;48.9541;2.34438;49.0018;2.20705;48.9064;2.4817;12
21:59:37.906;48.9541;2.34404;49.0018;2.20671;48.9064;2.48136;12
21:59:37.972;48.9543;2.34404;49.002;2.20671;48.9067;2.48136;12
21:59:38.936;48.7604;2.32618;48.8083;2.18885;48.7125;2.46351;12
21:59:39.628;48.7604;2.32653;48.8083;2.1892;48.7125;2.46385;12
21:59:39.628;48.7607;2.32687;48.8085;2.18954;48.7128;2.46419;12
21:59:39.628;48.7607;2.32756;48.8085;2.19023;48.7128;2.46488;12
21:59:39.675;48.7607;2.32859;48.8085;2.19126;48.7128;2.46591;12
21:59:39.750;48.7607;2.32927;48.8085;2.19194;48.7128;2.4666;12
21:59:39.750;48.7607;2.32962;48.8085;2.19229;48.7128;2.46694;12
21:59:39.750;48.7607;2.32996;48.8085;2.19263;48.7128;2.46728;12
21:59:39.785;48.7607;2.33065;48.8085;2.19332;48.7128;2.46797;12
21:59:39.962;48.7607;2.33099;48.8085;2.19366;48.7128;2.46831;12
21:59:41.589;48.7611;2.33442;48.8089;2.19709;48.7132;2.47175;12
21:59:41.666;48.7613;2.33442;48.8092;2.19709;48.7135;2.47175;12
21:59:41.718;48.7616;2.33442;48.8094;2.19709;48.7137;2.47175;12
21:59:41.757;48.7618;2.33339;48.8096;2.19606;48.7139;2.47072;12
21:59:41.779;48.7618;2.33236;48.8096;2.19503;48.7139;2.46969;12
21:59:41.797;48.7618;2.33168;48.8096;2.19435;48.7139;2.469;12
21:59:41.815;48.7618;2.33099;48.8096;2.19366;48.7139;2.46831;12
21:59:41.834;48.7618;2.32996;48.8096;2.19263;48.7139;2.46728;12
21:59:41.852;48.7618;2.32927;48.8096;2.19194;48.7139;2.4666;12
21:59:41.858;48.7618;2.32893;48.8096;2.1916;48.7139;2.46625;12
21:59:41.915;48.7618;2.32859;48.8096;2.19126;48.7139;2.46591;12
21:59:41.989;48.7618;2.3279;48.8096;2.19057;48.7139;2.46522;12
21:59:41.990;48.7618;2.32756;48.8096;2.19023;48.7139;2.46488;12
21:59:42.021;48.7616;2.32721;48.8094;2.18988;48.7137;2.46454;12
21:59:42.153;48.7613;2.32721;48.8092;2.18988;48.7135;2.46454;12
21:59:42.222;48.7613;2.32687;48.8092;2.18954;48.7135;2.46419;12
21:59:42.223;48.7611;2.32687;48.8089;2.18954;48.7132;2.46419;12
21:59:42.261;48.7609;2.32584;48.8087;2.18851;48.713;2.46316;12
21:59:42.281;48.7609;2.32515;48.8087;2.18782;48.713;2.46248;12
21:59:42.300;48.7607;2.32447;48.8085;2.18714;48.7128;2.46179;12
21:59:42.318;48.7607;2.32378;48.8085;2.18645;48.7128;2.4611;12
21:59:42.335;48.7607;2.32344;48.8085;2.18611;48.7128;2.46076;12
21:59:42.381;48.7607;2.32275;48.8085;2.18542;48.7128;2.46007;12
21:59:42.381;48.7607;2.32241;48.8085;2.18508;48.7128;2.45973;12
21:59:42.428;48.7607;2.32138;48.8085;2.18405;48.7128;2.4587;12
21:59:42.434;48.7607;2.32069;48.8085;2.18336;48.7128;2.45801;12
21:59:42.452;48.7607;2.32;48.8085;2.18267;48.7128;2.45733;12
21:59:42.458;48.7607;2.31932;48.8085;2.18199;48.7128;2.45664;12
21:59:42.478;48.7607;2.31863;48.8085;2.1813;48.7128;2.45595;12
21:59:42.495;48.7607;2.31794;48.8085;2.18061;48.7128;2.45527;12
21:59:42.513;48.7607;2.31691;48.8085;2.17958;48.7128;2.45424;12
21:59:42.530;48.7607;2.31623;48.8085;2.1789;48.7128;2.45355;12
21:59:42.646;48.7607;2.31451;48.8085;2.17718;48.7128;2.45183;12
21:59:42.646;48.7607;2.31417;48.8085;2.17684;48.7128;2.45149;12
21:59:42.646;48.7607;2.31382;48.8085;2.17649;48.7128;2.45115;12
21:59:42.647;48.7607;2.31348;48.8085;2.17615;48.7128;2.4508;12
21:59:42.753;48.7609;2.31348;48.8087;2.17615;48.713;2.4508;12
21:59:42.791;48.7611;2.31348;48.8089;2.17615;48.7132;2.4508;12
21:59:42.798;48.7618;2.31382;48.8096;2.17649;48.7139;2.45115;12
21:59:42.816;48.762;2.31417;48.8099;2.17684;48.7141;2.45149;12
21:59:42.834;48.7625;2.31485;48.8103;2.17752;48.7146;2.45218;12
21:59:42.852;48.7634;2.31623;48.8112;2.1789;48.7155;2.45355;12
21:59:42.870;48.7638;2.3176;48.8117;2.18027;48.7159;2.45492;12
21:59:42.877;48.764;2.31897;48.8119;2.18164;48.7162;2.4563;12
21:59:42.896;48.7643;2.32035;48.8121;2.18302;48.7164;2.45767;12
21:59:42.950;48.7645;2.32206;48.8123;2.18473;48.7166;2.45939;12
21:59:42.958;48.7645;2.32378;48.8123;2.18645;48.7166;2.4611;12
21:59:42.964;48.7645;2.32447;48.8123;2.18714;48.7166;2.46179;12
21:59:42.982;48.7645;2.32481;48.8123;2.18748;48.7166;2.46213;12
21:59:43.024;48.7645;2.3255;48.8123;2.18817;48.7166;2.46282;12
21:59:43.271;48.7645;2.3279;48.8123;2.19057;48.7166;2.46522;12
21:59:43.322;48.7643;2.33168;48.8121;2.19435;48.7164;2.469;12
21:59:43.323;48.764;2.33545;48.8119;2.19812;48.7162;2.47278;12
21:59:43.394;48.7638;2.34129;48.8117;2.20396;48.7159;2.47861;12
21:59:43.394;48.7636;2.34266;48.8114;2.20533;48.7157;2.47999;12
21:59:43.394;48.7636;2.34369;48.8114;2.20636;48.7157;2.48102;12
21:59:43.443;48.7631;2.34404;48.811;2.20671;48.7153;2.48136;12
21:59:45.000;48.8621;2.35022;48.9098;2.21289;48.8143;2.48754;12
21:59:45.548;48.8623;2.35056;48.91;2.21323;48.8145;2.48788;12
21:59:45.548;48.8627;2.35125;48.9105;2.21392;48.8149;2.48857;12
21:59:45.548;48.863;2.35159;48.9107;2.21426;48.8152;2.48891;12
21:59:45.549;48.8634;2.35296;48.9112;2.21563;48.8156;2.49029;12
21:59:45.549;48.8639;2.35365;48.9116;2.21632;48.8161;2.49097;12
21:59:45.549;48.8641;2.35502;48.9118;2.21769;48.8163;2.49235;12
21:59:45.595;48.8643;2.35743;48.9121;2.2201;48.8165;2.49475;12
21:59:45.602;48.8643;2.35811;48.9121;2.22078;48.8165;2.49544;12
21:59:45.620;48.8643;2.3588;48.9121;2.22147;48.8165;2.49612;12
21:59:45.784;48.8641;2.3588;48.9118;2.22147;48.8163;2.49612;12
21:59:45.842;48.8639;2.3588;48.9116;2.22147;48.8161;2.49612;12
21:59:45.842;48.8634;2.3588;48.9112;2.22147;48.8156;2.49612;12
21:59:45.842;48.8632;2.3588;48.9109;2.22147;48.8154;2.49612;12
21:59:45.842;48.8627;2.3588;48.9105;2.22147;48.8149;2.49612;12
21:59:45.896;48.8625;2.35914;48.9103;2.22181;48.8147;2.49647;12
21:59:45.896;48.8623;2.35914;48.91;2.22181;48.8145;2.49647;12
21:59:45.902;48.8618;2.35914;48.9096;2.22181;48.814;2.49647;12
21:59:45.945;48.8614;2.35914;48.9091;2.22181;48.8136;2.49647;12
21:59:45.983;48.8609;2.35914;48.9087;2.22181;48.8131;2.49647;12
21:59:45.983;48.8607;2.35914;48.9085;2.22181;48.8129;2.49647;12
21:59:46.197;48.8605;2.35914;48.9082;2.22181;48.8127;2.49647;12
21:59:46.242;48.8605;2.35846;48.9082;2.22113;48.8127;2.49578;12
21:59:46.435;48.8605;2.35811;48.9082;2.22078;48.8127;2.49544;12
21:59:46.436;48.8607;2.35777;48.9085;2.22044;48.8129;2.49509;12
21:59:46.530;48.8611;2.35743;48.9089;2.2201;48.8134;2.49475;12
21:59:46.573;48.8614;2.35708;48.9091;2.21975;48.8136;2.49441;12
21:59:46.630;48.8616;2.35708;48.9094;2.21975;48.8138;2.49441;12
21:59:46.683;48.8618;2.35708;48.9096;2.21975;48.814;2.49441;12
21:59:46.948;48.8621;2.35708;48.9098;2.21975;48.8143;2.49441;12
21:59:46.992;48.8621;2.35743;48.9098;2.2201;48.8143;2.49475;12
