22:47:02.906;48.8547;2.34798;49.0455;1.79867;48.6632;2.8973;10
22:47:02.979;48.8556;2.34798;49.0464;1.79867;48.6642;2.8973;10
22:47:02.979;48.8574;2.35073;49.0482;1.80141;48.666;2.90004;10
22:47:02.979;48.861;2.35622;49.0518;1.80691;48.6696;2.90554;10
22:47:02.979;48.8647;2.36034;49.0554;1.81103;48.6732;2.90965;10
22:47:03.068;48.8683;2.36584;49.059;1.81652;48.6768;2.91515;10
22:47:03.069;48.871;2.36858;49.0617;1.81927;48.6796;2.91789;10
22:47:03.069;48.8719;2.36996;49.0626;1.82064;48.6805;2.91927;10
22:47:03.069;48.8728;2.36996;49.0635;1.82064;48.6814;2.91927;10
22:47:03.169;48.8737;2.36996;49.0644;1.82064;48.6823;2.91927;10
22:47:03.295;48.8728;2.36996;49.0635;1.82064;48.6814;2.91927;10
22:47:03.362;48.8719;2.36996;49.0626;1.82064;48.6805;2.91927;10
22:47:03.362;48.871;2.36858;49.0617;1.81927;48.6796;2.91789;10
22:47:03.444;48.871;2.36584;49.0617;1.81652;48.6796;2.91515;10
22:47:03.444;48.8701;2.36309;49.0608;1.81377;48.6787;2.9124;10
22:47:03.444;48.8692;2.36172;49.0599;1.8124;48.6778;2.91103;10
22:47:03.507;48.8692;2.35897;49.0599;1.80965;48.6778;2.90828;10
22:47:07.573;48.8692;2.36172;49.0599;1.8124;48.6778;2.91103;10
22:47:07.573;48.8692;2.36721;49.0599;1.81789;48.6778;2.91652;10
22:47:07.573;48.8692;2.3727;49.0599;1.82339;48.6778;2.92201;10
22:47:07.573;48.8692;2.37545;49.0599;1.82613;48.6778;2.92476;10
22:47:07.573;48.8692;2.3782;49.0599;1.82888;48.6778;2.92751;10
22:47:07.682;48.8683;2.38094;49.059;1.83163;48.6768;2.93025;10
22:47:07.682;48.8683;2.38232;49.059;1.833;48.6768;2.93163;10
22:47:07.753;48.8674;2.38232;49.0581;1.833;48.6759;2.93163;10
22:47:07.909;48.8692;2.38232;49.0599;1.833;48.6778;2.93163;10
22:47:10.146;48.8665;2.38094;49.0572;1.83163;48.675;2.93025;10
22:47:10.272;48.8629;2.37957;49.0536;1.83025;48.6714;2.92888;10
22:47:10.272;48.861;2.37957;49.0518;1.83025;48.6696;2.92888;10
22:47:10.272;48.8583;2.3782;49.0491;1.82888;48.6669;2.92751;10
22:47:10.272;48.8574;2.3782;49.0482;1.82888;48.666;2.92751;10
22:47:10.272;48.8556;2.3782;49.0464;1.82888;48.6642;2.92751;10
22:47:10.272;48.8547;2.37682;49.0455;1.82751;48.6632;2.92613;10
22:47:10.273;48.8538;2.37545;49.0446;1.82613;48.6623;2.92476;10
22:47:11.111;48.8511;2.34524;49.0419;1.79592;48.6596;2.89455;10
22:47:11.111;48.8511;2.34524;49.0419;1.79592;48.6596;2.89455;10
22:47:11.111;48.8511;2.34524;49.0419;1.79592;48.6596;2.89455;10
22:47:11.111;48.8511;2.34524;49.0419;1.79592;48.6596;2.89455;10
22:47:12.737;48.8511;2.35073;49.0419;1.80141;48.6596;2.90004;10
22:47:12.737;48.8511;2.35073;49.0419;1.80141;48.6596;2.90004;10
22:47:12.737;48.8511;2.35073;49.0419;1.80141;48.6596;2.90004;10
22:47:12.737;48.852;2.35348;49.0428;1.80416;48.6605;2.90279;10
22:47:12.737;48.852;2.35348;49.0428;1.80416;48.6605;2.90279;10
22:47:12.737;48.852;2.35348;49.0428;1.80416;48.6605;2.90279;10
22:47:12.737;48.852;2.35622;49.0428;1.8069;48.6605;2.90553;10
22:47:12.737;48.852;2.35622;49.0428;1.8069;48.6605;2.90553;10
22:47:12.737;48.852;2.35622;49.0428;1.8069;48.6605;2.90553;10
22:47:12.737;48.852;2.35897;49.0428;1.80965;48.6605;2.90828;10
22:47:12.737;48.852;2.35897;49.0428;1.80965;48.6605;2.90828;10
22:47:12.738;48.852;2.35897;49.0428;1.80965;48.6605;2.90828;10
22:47:12.738;48.852;2.36034;49.0428;1.81102;48.6605;2.90965;10
22:47:12.738;48.852;2.36034;49.0428;1.81102;48.6605;2.90965;10
22:47:12.738;48.852;2.36034;49.0428;1.81102;48.6605;2.90965;10
22:47:12.738;48.8529;2.36034;49.0437;1.81102;48.6614;2.90965;10
22:47:12.738;48.8529;2.36034;49.0437;1.81102;48.6614;2.90965;10
22:47:12.738;48.8529;2.36034;49.0437;1.81102;48.6614;2.90965;10
22:47:12.738;48.8529;2.36172;49.0437;1.81241;48.6614;2.91103;10
22:47:12.738;48.8529;2.36172;49.0437;1.81241;48.6614;2.91103;10
22:47:12.738;48.8529;2.36172;49.0437;1.81241;48.6614;2.91103;10
22:47:13.172;48.8538;2.3727;49.0446;1.82338;48.6623;2.92201;10
22:47:13.172;48.8538;2.3727;49.0446;1.82338;48.6623;2.92201;10
22:47:13.172;48.8538;2.3727;49.0446;1.82338;48.6623;2.92201;10
22:47:13.172;48.8538;2.37408;49.0446;1.82477;48.6623;2.92339;10
22:47:13.172;48.8538;2.37408;49.0446;1.82477;48.6623;2.92339;10
22:47:13.172;48.8538;2.37408;49.0446;1.82477;48.6623;2.92339;10
22:47:13.172;48.8538;2.37545;49.0446;1.82613;48.6623;2.92476;10
22:47:13.172;48.8538;2.37545;49.0446;1.82613;48.6623;2.92476;10
22:47:13.172;48.8538;2.37545;49.0446;1.82613;48.6623;2.92476;10
22:47:13.172;48.8538;2.37682;49.0446;1.8275;48.6623;2.92613;10
22:47:13.173;48.8538;2.37682;49.0446;1.8275;48.6623;2.92613;10
22:47:13.173;48.8538;2.37682;49.0446;1.8275;48.6623;2.92613;10
22:47:13.173;48.8538;2.37957;49.0446;1.83025;48.6623;2.92888;10
22:47:13.173;48.8538;2.37957;49.0446;1.83025;48.6623;2.92888;10
22:47:13.173;48.8538;2.37957;49.0446;1.83025;48.6623;2.92888;10
22:47:13.173;48.8538;2.38232;49.0446;1.83301;48.6623;2.93163;10
22:47:13.173;48.8538;2.38232;49.0446;1.83301;48.6623;2.93163;10
22:47:13.173;48.8538;2.38232;49.0446;1.83301;48.6623;2.93163;10
22:47:13.173;48.8538;2.38506;49.0446;1.83574;48.6623;2.93437;10
22:47:13.173;48.8538;2.38506;49.0446;1.83574;48.6623;2.93437;10
22:47:13.174;48.8538;2.38506;49.0446;1.83574;48.6623;2.93437;10
22:47:13.174;48.8538;2.38781;49.0446;1.83849;48.6623;2.93712;10
22:47:13.174;48.8538;2.38781;49.0446;1.83849;48.6623;2.93712;10
22:47:13.174;48.8538;2.38781;49.0446;1.83849;48.6623;2.93712;10
22:47:13.174;48.8538;2.39056;49.0446;1.84125;48.6623;2.93987;10
22:47:13.174;48.8538;2.39056;49.0446;1.84125;48.6623;2.93987;10
22:47:13.174;48.8538;2.39056;49.0446;1.84125;48.6623;2.93987;10
22:47:13.174;48.8538;2.3933;49.0446;1.84398;48.6623;2.94261;10
22:47:13.174;48.8538;2.3933;49.0446;1.84398;48.6623;2.94261;10
22:47:13.174;48.8538;2.3933;49.0446;1.84398;48.6623;2.94261;10
22:47:13.174;48.8538;2.39605;49.0446;1.84673;48.6623;2.94536;10
22:47:13.175;48.8538;2.39605;49.0446;1.84673;48.6623;2.94536;10
22:47:13.175;48.8538;2.39605;49.0446;1.84673;48.6623;2.94536;10
22:47:13.175;48.8529;2.39742;49.0437;1.8481;48.6614;2.94673;10
22:47:13.175;48.8529;2.39742;49.0437;1.8481;48.6614;2.94673;10
22:47:13.175;48.8529;2.39742;49.0437;1.8481;48.6614;2.94673;10
22:47:13.175;48.8529;2.3988;49.0437;1.84949;48.6614;2.94811;10
22:47:13.175;48.8529;2.3988;49.0437;1.84949;48.6614;2.94811;10
22:47:13.175;48.8529;2.3988;49.0437;1.84949;48.6614;2.94811;10
22:47:18.012;48.8529;2.40017;49.0437;1.85085;48.6614;2.94948;10
22:47:18.013;48.8529;2.40017;49.0437;1.85085;48.6614;2.94948;10
22:47:18.013;48.8529;2.40017;49.0437;1.85085;48.6614;2.94948;10
22:47:18.146;48.8529;2.40566;49.0437;1.85635;48.6614;2.95497;10
22:47:18.146;48.8529;2.40566;49.0437;1.85635;48.6614;2.95497;10
22:47:18.146;48.8529;2.40566;49.0437;1.85635;48.6614;2.95497;10
22:47:18.146;48.8538;2.43038;49.0446;1.88107;48.6623;2.97969;10
22:47:18.146;48.8538;2.43038;49.0446;1.88107;48.6623;2.97969;10
22:47:18.146;48.8538;2.43038;49.0446;1.88107;48.6623;2.97969;10
22:47:18.227;48.8547;2.43313;49.0455;1.88381;48.6632;2.98244;10
22:47:18.227;48.8547;2.43313;49.0455;1.88381;48.6632;2.98244;10
22:47:18.227;48.8547;2.43313;49.0455;1.88381;48.6632;2.98244;10
22:47:18.227;48.8556;2.4345;49.0464;1.88519;48.6642;2.98381;10
22:47:18.227;48.8556;2.4345;49.0464;1.88519;48.6642;2.98381;10
22:47:18.227;48.8556;2.4345;49.0464;1.88519;48.6642;2.98381;10
22:47:18.298;48.8556;2.43176;49.0464;1.88244;48.6642;2.98107;10
22:47:18.298;48.8556;2.43176;49.0464;1.88244;48.6642;2.98107;10
22:47:18.300;48.8556;2.43176;49.0464;1.88244;48.6642;2.98107;10
22:47:18.426;48.8556;2.42901;49.0464;1.87969;48.6642;2.97832;10
22:47:18.426;48.8556;2.42901;49.0464;1.87969;48.6642;2.97832;10
22:47:18.426;48.8556;2.42901;49.0464;1.87969;48.6642;2.97832;10
22:47:18.426;48.8556;2.42764;49.0464;1.87832;48.6642;2.97695;10
22:47:18.427;48.8556;2.42764;49.0464;1.87832;48.6642;2.97695;10
22:47:18.427;48.8556;2.42764;49.0464;1.87832;48.6642;2.97695;10
22:47:18.427;48.8556;2.42489;49.0464;1.87557;48.6642;2.9742;10
22:47:18.427;48.8556;2.42489;49.0464;1.87557;48.6642;2.9742;10
22:47:18.427;48.8556;2.42489;49.0464;1.87557;48.6642;2.9742;10
22:47:18.554;48.8556;2.42214;49.0464;1.87283;48.6642;2.97145;10
22:47:18.554;48.8556;2.42214;49.0464;1.87283;48.6642;2.97145;10
22:47:18.554;48.8556;2.42214;49.0464;1.87283;48.6642;2.97145;10
22:47:20.057;48.8554;2.42146;49.0461;1.87214;48.6639;2.97077;10
22:47:20.057;48.8554;2.42146;49.0461;1.87214;48.6639;2.97077;10
22:47:20.057;48.8554;2.42146;49.0461;1.87214;48.6639;2.97077;10
22:47:20.342;48.8552;2.42008;49.0459;1.87077;48.6637;2.96939;10
22:47:20.342;48.8552;2.42008;49.0459;1.87077;48.6637;2.96939;10
22:47:20.342;48.8552;2.42008;49.0459;1.87077;48.6637;2.96939;10
22:47:20.342;48.8547;2.41837;49.0455;1.86905;48.6632;2.96768;10
22:47:20.342;48.8547;2.41837;49.0455;1.86905;48.6632;2.96768;10
22:47:20.342;48.8547;2.41837;49.0455;1.86905;48.6632;2.96768;10
22:47:20.342;48.8545;2.41665;49.0452;1.86733;48.663;2.96596;10
22:47:20.342;48.8545;2.41665;49.0452;1.86733;48.663;2.96596;10
22:47:20.342;48.8545;2.41665;49.0452;1.86733;48.663;2.96596;10
22:47:20.342;48.8543;2.41528;49.045;1.86596;48.6628;2.96459;10
22:47:20.342;48.8543;2.41528;48.902;2.27795;48.8065;2.5526;12
22:47:20.342;48.8543;2.41528;48.902;2.27795;48.8065;2.5526;12
22:47:20.342;48.8538;2.41322;48.9016;2.27589;48.806;2.55054;12
22:47:20.344;48.8538;2.41322;48.9016;2.27589;48.806;2.55054;12
22:47:20.344;48.8538;2.41322;48.9016;2.27589;48.806;2.55054;12
22:47:20.344;48.8536;2.41081;48.9013;2.27348;48.8058;2.54814;12
22:47:20.344;48.8536;2.41081;48.9013;2.27348;48.8058;2.54814;12
22:47:20.344;48.8536;2.41081;48.9013;2.27348;48.8058;2.54814;12
22:47:20.344;48.8534;2.40841;48.9011;2.27108;48.8056;2.54573;12
22:47:20.344;48.8534;2.40841;48.9011;2.27108;48.8056;2.54573;12
22:47:20.344;48.8534;2.40841;48.9011;2.27108;48.8056;2.54573;12
22:47:20.345;48.8531;2.4036;48.9009;2.26627;48.8053;2.54093;12
22:47:20.345;48.8531;2.4036;48.9009;2.26627;48.8053;2.54093;12
22:47:20.345;48.8531;2.4036;48.9009;2.26627;48.8053;2.54093;12
22:47:20.345;48.8531;2.40292;48.9009;2.26559;48.8053;2.54025;12
22:47:20.345;48.8531;2.40292;48.9009;2.26559;48.8053;2.54025;12
22:47:20.345;48.8531;2.40292;48.9009;2.26559;48.8053;2.54025;12
22:47:20.345;48.8531;2.40223;48.9009;2.2649;48.8053;2.53955;12
22:47:20.345;48.8531;2.40223;48.9009;2.2649;48.8053;2.53955;12
22:47:20.345;48.8531;2.40223;48.9009;2.2649;48.8053;2.53955;12
22:47:20.345;48.8531;2.40154;48.9009;2.26421;48.8053;2.53887;12
22:47:20.345;48.8531;2.40154;48.9009;2.26421;48.8053;2.53887;12
22:47:20.345;48.8531;2.40154;48.9009;2.26421;48.8053;2.53887;12
22:47:20.345;48.8531;2.40017;48.9009;2.26284;48.8053;2.53749;12
22:47:20.346;48.8531;2.40017;48.9009;2.26284;48.8053;2.53749;12
22:47:20.346;48.8531;2.40017;48.9009;2.26284;48.8053;2.53749;12
22:47:21.332;48.8531;2.39914;48.9009;2.26181;48.8053;2.53646;12
22:47:21.332;48.8531;2.39914;48.9009;2.26181;48.8053;2.53646;12
22:47:21.332;48.8531;2.39914;48.9009;2.26181;48.8053;2.53646;12
22:47:21.332;48.8531;2.39742;48.9009;2.26009;48.8053;2.53474;12
22:47:21.332;48.8531;2.39742;48.9009;2.26009;48.8053;2.53474;12
22:47:21.332;48.8531;2.39742;48.9009;2.26009;48.8053;2.53474;12
22:47:21.332;48.8531;2.39571;48.9009;2.25838;48.8053;2.53304;12
22:47:21.332;48.8531;2.39571;48.9009;2.25838;48.8053;2.53304;12
22:47:21.332;48.8531;2.39571;48.9009;2.25838;48.8053;2.53304;12
22:47:21.332;48.8531;2.39433;48.9009;2.257;48.8053;2.53165;12
22:47:21.332;48.8531;2.39433;48.9009;2.257;48.8053;2.53165;12
22:47:21.332;48.8531;2.39433;48.9009;2.257;48.8053;2.53165;12
22:47:21.332;48.8531;2.39262;48.9009;2.25529;48.8053;2.52995;12
22:47:21.332;48.8531;2.39262;48.9009;2.25529;48.8053;2.52995;12
22:47:21.332;48.8531;2.39262;48.9009;2.25529;48.8053;2.52995;12
22:47:21.333;48.8531;2.3909;48.9009;2.25357;48.8053;2.52822;12
22:47:21.333;48.8531;2.3909;48.9009;2.25357;48.8053;2.52822;12
22:47:21.333;48.8531;2.3909;48.9009;2.25357;48.8053;2.52822;12
22:47:21.333;48.8531;2.38815;48.9009;2.25082;48.8053;2.52547;12
22:47:21.333;48.8531;2.38815;48.9009;2.25082;48.8053;2.52547;12
22:47:21.333;48.8531;2.38815;48.9009;2.25082;48.8053;2.52547;12
22:47:21.333;48.8531;2.38541;48.9009;2.24808;48.8053;2.52274;12
22:47:21.333;48.8531;2.38541;48.9009;2.24808;48.8053;2.52274;12
22:47:21.333;48.8531;2.38541;48.9009;2.24808;48.8053;2.52274;12
22:47:21.333;48.8531;2.38197;48.9009;2.24464;48.8053;2.51929;12
22:47:21.333;48.8531;2.38197;48.9009;2.24464;48.8053;2.51929;12
22:47:21.333;48.8531;2.38197;48.9009;2.24464;48.8053;2.51929;12
22:47:21.334;48.8531;2.38163;48.9009;2.2443;48.8053;2.51895;12
22:47:21.334;48.8531;2.38163;48.9009;2.2443;48.8053;2.51895;12
22:47:21.334;48.8531;2.38163;48.9009;2.2443;48.8053;2.51895;12
22:47:21.334;48.8531;2.38026;48.9009;2.24293;48.8053;2.51759;12
22:47:21.334;48.8531;2.38026;48.9009;2.24293;48.8053;2.51759;12
22:47:21.334;48.8531;2.38026;48.9009;2.24293;48.8053;2.51759;12
22:47:21.334;48.8531;2.37854;48.9009;2.24121;48.8053;2.51586;12
22:47:21.334;48.8531;2.37854;48.9009;2.24121;48.8053;2.51586;12
22:47:21.334;48.8531;2.37854;48.9009;2.24121;48.8053;2.51586;12
22:47:21.334;48.8531;2.37648;48.9009;2.23915;48.8053;2.5138;12
22:47:21.334;48.8531;2.37648;48.9009;2.23915;48.8053;2.5138;12
22:47:21.334;48.8531;2.37648;48.9009;2.23915;48.8053;2.5138;12
22:47:21.335;48.8531;2.37511;48.9009;2.23778;48.8053;2.51244;12
22:47:22.376;48.8534;2.35931;48.9011;2.22198;48.8056;2.49663;12
22:47:22.376;48.8534;2.35931;48.9011;2.22198;48.8056;2.49663;12
22:47:22.376;48.8534;2.35931;48.9011;2.22198;48.8056;2.49663;12
22:47:22.749;48.8534;2.35897;48.9011;2.22164;48.8056;2.49629;12
22:47:22.749;48.8534;2.35897;48.9011;2.22164;48.8056;2.49629;12
22:47:22.749;48.8534;2.35897;48.9011;2.22164;48.8056;2.49629;12
22:47:22.749;48.8534;2.35863;48.9011;2.2213;48.8056;2.49595;12
22:47:22.749;48.8534;2.35863;48.9011;2.2213;48.8056;2.49595;12
22:47:22.749;48.8534;2.35863;48.9011;2.2213;48.8056;2.49595;12
22:47:22.749;48.8534;2.3576;48.9011;2.22027;48.8056;2.49492;12
22:47:22.749;48.8534;2.3576;48.9011;2.22027;48.8056;2.49492;12
22:47:22.749;48.8534;2.3576;48.9011;2.22027;48.8056;2.49492;12
22:47:22.749;48.8534;2.35622;48.9011;2.21889;48.8056;2.49354;12
22:47:22.749;48.8534;2.35622;48.9011;2.21889;48.8056;2.49354;12
22:47:22.749;48.8534;2.35622;48.9011;2.21889;48.8056;2.49354;12
22:47:22.749;48.8534;2.35451;48.9011;2.21718;48.8056;2.49183;12
22:47:22.749;48.8534;2.35451;48.9011;2.21718;48.8056;2.49183;12
22:47:22.749;48.8534;2.35451;48.9011;2.21718;48.8056;2.49183;12
22:47:22.750;48.8534;2.35313;48.9011;2.2158;48.8056;2.49045;12
22:47:22.750;48.8534;2.35313;48.9011;2.2158;48.8056;2.49045;12
22:47:22.750;48.8534;2.35313;48.9011;2.2158;48.8056;2.49045;12
22:47:22.750;48.8534;2.35107;48.9011;2.21374;48.8056;2.48839;12
22:47:22.750;48.8534;2.35107;48.9011;2.21374;48.8056;2.48839;12
22:47:22.750;48.8534;2.35107;48.9011;2.21374;48.8056;2.48839;12
22:47:22.750;48.8534;2.34867;48.9011;2.21134;48.8056;2.48599;12
22:47:22.750;48.8534;2.34867;48.9011;2.21134;48.8056;2.48599;12
22:47:22.750;48.8534;2.34867;48.9011;2.21134;48.8056;2.48599;12
22:47:22.750;48.8534;2.34695;48.9011;2.20962;48.8056;2.48427;12
22:47:22.750;48.8534;2.34695;48.9011;2.20962;48.8056;2.48427;12
22:47:22.750;48.8534;2.34695;48.9011;2.20962;48.8056;2.48427;12
22:47:22.752;48.8534;2.34627;48.9011;2.20894;48.8056;2.48359;12
22:47:22.752;48.8534;2.34627;48.9011;2.20894;48.8056;2.48359;12
22:47:22.752;48.8534;2.34627;48.9011;2.20894;48.8056;2.48359;12
22:47:22.752;48.8534;2.34524;48.9011;2.20791;48.8056;2.48256;12
22:47:22.752;48.8534;2.34524;48.9011;2.20791;48.8056;2.48256;12
22:47:22.752;48.8534;2.34524;48.9011;2.20791;48.8056;2.48256;12
22:47:22.752;48.8534;2.34455;48.9011;2.20722;48.8056;2.48187;12
22:47:22.752;48.8534;2.34455;48.9011;2.20722;48.8056;2.48187;12
22:47:22.752;48.8534;2.34455;48.9011;2.20722;48.8056;2.48187;12
22:47:22.752;48.8534;2.34352;48.9011;2.20619;48.8056;2.48084;12
22:47:22.752;48.8534;2.34352;48.9011;2.20619;48.8056;2.48084;12
22:47:22.752;48.8534;2.34352;48.9011;2.20619;48.8056;2.48084;12
22:47:22.752;48.8534;2.34318;48.9011;2.20585;48.8056;2.4805;12
22:47:23.255;48.8534;2.34009;48.9011;2.20276;48.8056;2.47741;12
22:47:23.255;48.8534;2.34009;48.9011;2.20276;48.8056;2.47741;12
22:47:23.255;48.8534;2.34009;48.9011;2.20276;48.8056;2.47741;12
22:47:23.255;48.8534;2.33906;48.9011;2.20173;48.8056;2.47638;12
22:47:23.255;48.8534;2.33906;48.9011;2.20173;48.8056;2.47638;12
22:47:23.255;48.8534;2.33906;48.9011;2.20173;48.8056;2.47638;12
22:47:23.255;48.8534;2.33768;48.9011;2.20035;48.8056;2.475;12
22:47:23.255;48.8534;2.33768;48.9011;2.20035;48.8056;2.475;12
22:47:23.256;48.8534;2.33768;48.9011;2.20035;48.8056;2.475;12
22:47:23.256;48.8534;2.33597;48.9011;2.19864;48.8056;2.47329;12
22:47:23.256;48.8534;2.33597;48.9011;2.19864;48.8056;2.47329;12
22:47:23.256;48.8534;2.33597;48.9011;2.19864;48.8056;2.47329;12
22:47:23.540;48.8534;2.33425;48.9011;2.19692;48.8056;2.47158;12
22:47:23.540;48.8534;2.33425;48.9011;2.19692;48.8056;2.47158;12
22:47:23.540;48.8534;2.33425;48.9011;2.19692;48.8056;2.47158;12
22:47:23.540;48.8534;2.33185;48.9011;2.19452;48.8056;2.46917;12
22:47:23.540;48.8534;2.33185;48.9011;2.19452;48.8056;2.46917;12
22:47:23.540;48.8534;2.33185;48.9011;2.19452;48.8056;2.46917;12
22:47:23.540;48.8534;2.3291;48.9011;2.19177;48.8056;2.46643;12
22:47:23.540;48.8534;2.3291;48.9011;2.19177;48.8056;2.46643;12
22:47:23.540;48.8534;2.3291;48.9011;2.19177;48.8056;2.46643;12
22:47:23.540;48.8534;2.32841;48.9011;2.19108;48.8056;2.46573;12
22:47:23.540;48.8534;2.32841;48.9011;2.19108;48.8056;2.46573;12
22:47:23.540;48.8534;2.32841;48.9011;2.19108;48.8056;2.46573;12
22:47:23.541;48.8534;2.32773;48.9011;2.1904;48.8056;2.46505;12
22:47:23.541;48.8534;2.32773;48.9011;2.1904;48.8056;2.46505;12
22:47:23.541;48.8534;2.32773;48.9011;2.1904;48.8056;2.46505;12
22:47:23.541;48.8534;2.32704;48.9011;2.18971;48.8056;2.46437;12
22:47:23.541;48.8534;2.32704;48.9011;2.18971;48.8056;2.46437;12
22:47:23.541;48.8534;2.32704;48.9011;2.18971;48.8056;2.46437;12
22:47:23.541;48.8534;2.32567;48.9011;2.18834;48.8056;2.46299;12
22:47:23.541;48.8534;2.32567;48.9011;2.18834;48.8056;2.46299;12
22:47:23.541;48.8534;2.32567;48.9011;2.18834;48.8056;2.46299;12
22:47:23.541;48.8534;2.32498;48.9011;2.18765;48.8056;2.46231;12
22:47:23.541;48.8534;2.32498;48.9011;2.18765;48.8056;2.46231;12
22:47:23.541;48.8534;2.32498;48.9011;2.18765;48.8056;2.46231;12
22:47:23.541;48.8534;2.3243;48.9011;2.18697;48.8056;2.46162;12
22:47:23.542;48.8534;2.3243;48.9011;2.18697;48.8056;2.46162;12
22:47:23.542;48.8534;2.3243;48.9011;2.18697;48.8056;2.46162;12
22:47:23.863;48.8536;2.3243;48.9013;2.18697;48.8058;2.46162;12
22:47:23.863;48.8536;2.3243;48.9013;2.18697;48.8058;2.46162;12
22:47:23.863;48.8536;2.3243;48.9013;2.18697;48.8058;2.46162;12
22:47:24.016;48.857;2.32533;48.9047;2.188;48.8092;2.46265;12
22:47:24.016;48.857;2.32533;48.9047;2.188;48.8092;2.46265;12
22:47:24.016;48.857;2.32533;48.9047;2.188;48.8092;2.46265;12
22:47:24.016;48.8574;2.32533;48.9052;2.188;48.8096;2.46265;12
22:47:24.016;48.8574;2.32533;48.9052;2.188;48.8096;2.46265;12
22:47:24.016;48.8574;2.32533;48.9052;2.188;48.8096;2.46265;12
22:47:24.016;48.8577;2.32533;48.9054;2.188;48.8099;2.46265;12
22:47:24.016;48.8577;2.32533;48.9054;2.188;48.8099;2.46265;12
22:47:24.016;48.8577;2.32533;48.9054;2.188;48.8099;2.46265;12
22:47:24.162;48.8583;2.32533;48.9061;2.188;48.8105;2.46265;12
22:47:24.162;48.8583;2.32533;48.9061;2.188;48.8105;2.46265;12
22:47:24.162;48.8583;2.32533;48.9061;2.188;48.8105;2.46265;12
22:47:24.162;48.8586;2.32567;48.9063;2.18834;48.8108;2.46299;12
22:47:24.162;48.8586;2.32567;48.9063;2.18834;48.8108;2.46299;12
22:47:24.162;48.8586;2.32567;48.9063;2.18834;48.8108;2.46299;12
22:47:24.162;48.8588;2.32601;48.9065;2.18868;48.811;2.46334;12
22:47:24.162;48.8588;2.32601;48.9065;2.18868;48.811;2.46334;12
22:47:24.162;48.8588;2.32601;48.9065;2.18868;48.811;2.46334;12
22:47:24.938;48.8588;2.32635;48.9065;2.18902;48.811;2.46367;12
22:47:24.939;48.8588;2.32635;48.9065;2.18902;48.811;2.46367;12
22:47:24.939;48.8588;2.32635;48.9065;2.18902;48.811;2.46367;12
22:47:25.308;48.8588;2.3267;48.9065;2.18937;48.811;2.46402;12
22:47:25.308;48.8588;2.3267;48.9065;2.18937;48.811;2.46402;12
22:47:25.309;48.8588;2.3267;48.9065;2.18937;48.811;2.46402;12
22:47:25.309;48.8588;2.32704;48.9065;2.18971;48.811;2.46437;12
22:47:25.309;48.8588;2.32704;48.9065;2.18971;48.811;2.46437;12
22:47:25.309;48.8588;2.32704;48.9065;2.18971;48.811;2.46437;12
22:47:25.309;48.8588;2.32738;48.9065;2.19005;48.811;2.4647;12
22:47:25.309;48.8588;2.32738;48.9065;2.19005;48.811;2.4647;12
22:47:25.309;48.8588;2.32738;48.9065;2.19005;48.811;2.4647;12
22:47:25.309;48.8588;2.32773;48.9065;2.1904;48.811;2.46505;12
22:47:25.309;48.8588;2.32773;48.9065;2.1904;48.811;2.46505;12
22:47:25.309;48.8588;2.32773;48.9065;2.1904;48.811;2.46505;12
22:47:25.310;48.8588;2.32807;48.9065;2.19074;48.811;2.4654;12
22:47:25.310;48.8588;2.32807;48.9065;2.19074;48.811;2.4654;12
22:47:25.310;48.8588;2.32807;48.9065;2.19074;48.811;2.4654;12
22:47:25.310;48.8586;2.32841;48.9063;2.19108;48.8108;2.46573;12
22:47:25.310;48.8586;2.32841;48.9063;2.19108;48.8108;2.46573;12
22:47:25.310;48.8586;2.32841;48.9063;2.19108;48.8108;2.46573;12
22:47:25.310;48.8586;2.32876;48.9063;2.19143;48.8108;2.46608;12
22:47:25.310;48.8586;2.32876;48.9063;2.19143;48.8108;2.46608;12
22:47:25.310;48.8586;2.32876;48.9063;2.19143;48.8108;2.46608;12
22:47:25.310;48.8586;2.32944;48.9063;2.19211;48.8108;2.46676;12
22:47:25.311;48.8586;2.32944;48.9063;2.19211;48.8108;2.46676;12
22:47:25.311;48.8586;2.32944;48.9063;2.19211;48.8108;2.46676;12
22:47:25.311;48.8583;2.32979;48.9061;2.19246;48.8105;2.46711;12
22:47:25.311;48.8583;2.32979;48.9061;2.19246;48.8105;2.46711;12
22:47:25.311;48.8583;2.32979;48.9061;2.19246;48.8105;2.46711;12
22:47:25.311;48.8583;2.33013;48.9061;2.1928;48.8105;2.46746;12
22:47:25.311;48.8583;2.33013;48.9061;2.1928;48.8105;2.46746;12
22:47:25.311;48.8583;2.33013;48.9061;2.1928;48.8105;2.46746;12
22:47:25.311;48.8583;2.33082;48.9061;2.19349;48.8105;2.46814;12
22:47:25.312;48.8583;2.33082;48.9061;2.19349;48.8105;2.46814;12
22:47:25.312;48.8583;2.33082;48.9061;2.19349;48.8105;2.46814;12
22:47:25.312;48.8583;2.33116;48.9061;2.19383;48.8105;2.46849;12
22:47:25.312;48.8583;2.33116;48.9061;2.19383;48.8105;2.46849;12
22:47:25.312;48.8583;2.33116;48.9061;2.19383;48.8105;2.46849;12
22:47:25.312;48.8583;2.33185;48.9061;2.19452;48.8105;2.46917;12
22:47:25.312;48.8583;2.33185;48.9061;2.19452;48.8105;2.46917;12
22:47:25.312;48.8583;2.33185;48.9061;2.19452;48.8105;2.46917;12
22:47:25.312;48.8583;2.33219;48.9061;2.19486;48.8105;2.46952;12
22:47:25.742;48.8583;2.33253;48.9061;2.1952;48.8105;2.46985;12
22:47:25.743;48.8583;2.33253;48.9061;2.1952;48.8105;2.46985;12
22:47:25.743;48.8583;2.33253;48.9061;2.1952;48.8105;2.46985;12
22:47:25.743;48.8579;2.33288;48.9056;2.19555;48.8101;2.4702;12
22:47:25.743;48.8579;2.33288;48.9056;2.19555;48.8101;2.4702;12
22:47:25.743;48.8579;2.33288;48.9056;2.19555;48.8101;2.4702;12
22:47:25.743;48.8565;2.33631;48.9043;2.19898;48.8087;2.47364;12
22:47:25.743;48.8565;2.33631;48.9043;2.19898;48.8087;2.47364;12
22:47:25.744;48.8565;2.33631;48.9043;2.19898;48.8087;2.47364;12
22:47:25.869;48.8563;2.33631;48.904;2.19898;48.8085;2.47364;12
22:47:25.870;48.8563;2.33631;48.904;2.19898;48.8085;2.47364;12
22:47:25.870;48.8563;2.33631;48.904;2.19898;48.8085;2.47364;12
22:47:26.708;48.8563;2.337;48.904;2.19967;48.8085;2.47432;12
22:47:26.708;48.8563;2.337;48.904;2.19967;48.8085;2.47432;12
22:47:26.708;48.8563;2.337;48.904;2.19967;48.8085;2.47432;12
22:47:26.999;48.8561;2.33768;48.9038;2.20035;48.8083;2.475;12
22:47:26.999;48.8561;2.33768;48.9038;2.20035;48.8083;2.475;12
22:47:26.999;48.8561;2.33768;48.9038;2.20035;48.8083;2.475;12
22:47:26.999;48.8561;2.33906;48.9038;2.20173;48.8083;2.47638;12
22:47:26.999;48.8561;2.33906;48.9038;2.20173;48.8083;2.47638;12
22:47:26.999;48.8561;2.33906;48.9038;2.20173;48.8083;2.47638;12
22:47:26.999;48.8559;2.34043;48.9036;2.2031;48.808;2.47775;12
22:47:26.999;48.8559;2.34043;48.9036;2.2031;48.808;2.47775;12
22:47:26.999;48.8559;2.34043;48.9036;2.2031;48.808;2.47775;12
22:47:26.999;48.8556;2.3418;48.9034;2.20447;48.8078;2.47912;12
22:47:26.999;48.8556;2.3418;48.9034;2.20447;48.8078;2.47912;12
22:47:26.999;48.8556;2.3418;48.9034;2.20447;48.8078;2.47912;12
22:47:26.999;48.8556;2.34318;48.9034;2.20585;48.8078;2.4805;12
22:47:26.999;48.8556;2.34318;48.9034;2.20585;48.8078;2.4805;12
22:47:26.999;48.8556;2.34318;48.9034;2.20585;48.8078;2.4805;12
22:47:26.999;48.8556;2.34455;48.9034;2.20722;48.8078;2.48187;12
22:47:27.000;48.8556;2.34455;48.9034;2.20722;48.8078;2.48187;12
22:47:27.000;48.8556;2.34455;48.9034;2.20722;48.8078;2.48187;12
22:47:27.000;48.8556;2.3473;48.9034;2.20997;48.8078;2.48462;12
22:47:27.000;48.8556;2.3473;48.9034;2.20997;48.8078;2.48462;12
22:47:27.000;48.8556;2.3473;48.9034;2.20997;48.8078;2.48462;12
22:47:27.000;48.8556;2.35073;48.9034;2.2134;48.8078;2.48805;12
22:47:27.000;48.8556;2.35073;48.9034;2.2134;48.8078;2.48805;12
22:47:27.000;48.8556;2.35073;48.9034;2.2134;48.8078;2.48805;12
22:47:27.000;48.8556;2.35416;48.9034;2.21683;48.8078;2.49148;12
22:47:27.000;48.8556;2.35416;48.9034;2.21683;48.8078;2.49148;12
22:47:27.000;48.8556;2.35416;48.9034;2.21683;48.8078;2.49148;12
22:47:27.000;48.8554;2.35554;48.9031;2.21821;48.8076;2.49286;12
22:47:27.001;48.8554;2.35554;48.9031;2.21821;48.8076;2.49286;12
22:47:27.001;48.8554;2.35554;48.9031;2.21821;48.8076;2.49286;12
22:47:27.001;48.8554;2.35657;48.9031;2.21924;48.8076;2.49389;12
22:47:27.001;48.8554;2.35657;48.9031;2.21924;48.8076;2.49389;12
22:47:27.001;48.8554;2.35657;48.9031;2.21924;48.8076;2.49389;12
22:47:27.001;48.8554;2.35691;48.9031;2.21958;48.8076;2.49423;12
22:47:27.001;48.8554;2.35691;48.9031;2.21958;48.8076;2.49423;12
22:47:27.001;48.8554;2.35691;48.9031;2.21958;48.8076;2.49423;12
22:47:27.492;48.8554;2.35657;48.9031;2.21924;48.8076;2.49389;12
22:47:27.493;48.8554;2.35657;48.9031;2.21924;48.8076;2.49389;12
22:47:27.493;48.8554;2.35657;48.9031;2.21924;48.8076;2.49389;12
22:47:27.702;48.8552;2.35588;48.9029;2.21855;48.8074;2.4932;12
22:47:27.702;48.8552;2.35588;48.9029;2.21855;48.8074;2.4932;12
22:47:27.702;48.8552;2.35588;48.9029;2.21855;48.8074;2.4932;12
22:47:27.702;48.8549;2.35451;48.9027;2.21718;48.8071;2.49183;12
22:47:27.702;48.8549;2.35451;48.9027;2.21718;48.8071;2.49183;12
22:47:27.702;48.8549;2.35451;48.9027;2.21718;48.8071;2.49183;12
22:47:27.705;48.8545;2.35382;48.9022;2.21649;48.8067;2.49114;12
22:47:27.705;48.8545;2.35382;48.9022;2.21649;48.8067;2.49114;12
22:47:27.705;48.8545;2.35382;48.9022;2.21649;48.8067;2.49114;12
22:47:27.705;48.8545;2.35348;48.9022;2.21615;48.8067;2.4908;12
22:47:27.705;48.8545;2.35348;48.9022;2.21615;48.8067;2.4908;12
22:47:27.705;48.8545;2.35348;48.9022;2.21615;48.8067;2.4908;12
22:47:27.823;48.8543;2.35142;48.902;2.21409;48.8065;2.48874;12
22:47:27.823;48.8543;2.35142;48.902;2.21409;48.8065;2.48874;12
22:47:27.823;48.8543;2.35142;48.902;2.21409;48.8065;2.48874;12
22:47:28.137;48.8543;2.35073;48.902;2.2134;48.8065;2.48805;12
22:47:28.137;48.8543;2.35073;48.902;2.2134;48.8065;2.48805;12
22:47:28.137;48.8543;2.35073;48.902;2.2134;48.8065;2.48805;12
22:47:28.299;48.8543;2.3497;48.902;2.21237;48.8065;2.48702;12
22:47:28.299;48.8543;2.3497;48.902;2.21237;48.8065;2.48702;12
22:47:28.299;48.8543;2.3497;48.902;2.21237;48.8065;2.48702;12
22:47:28.299;48.8545;2.34798;48.9022;2.21065;48.8067;2.4853;12
22:47:28.299;48.8545;2.34798;48.9022;2.21065;48.8067;2.4853;12
22:47:28.299;48.8545;2.34798;48.9022;2.21065;48.8067;2.4853;12
22:47:28.299;48.8545;2.34661;48.9022;2.20928;48.8067;2.48393;12
22:47:28.299;48.8545;2.34661;48.9022;2.20928;48.8067;2.48393;12
22:47:28.299;48.8545;2.34661;48.9022;2.20928;48.8067;2.48393;12
22:47:28.300;48.8545;2.34592;48.9022;2.20859;48.8067;2.48324;12
22:47:28.300;48.8545;2.34592;48.9022;2.20859;48.8067;2.48324;12
22:47:28.300;48.8545;2.34592;48.9022;2.20859;48.8067;2.48324;12
22:47:28.300;48.8545;2.34524;48.9022;2.20791;48.8067;2.48256;12
22:47:28.300;48.8545;2.34524;48.9022;2.20791;48.8067;2.48256;12
22:47:28.300;48.8545;2.34524;48.9022;2.20791;48.8067;2.48256;12
22:47:28.300;48.8545;2.34489;48.9022;2.20756;48.8067;2.48221;12
22:47:28.300;48.8545;2.34489;48.9022;2.20756;48.8067;2.48221;12
22:47:28.300;48.8545;2.34489;48.9022;2.20756;48.8067;2.48221;12
22:47:28.687;48.8547;2.34489;48.9025;2.20756;48.8069;2.48221;12
22:47:28.687;48.8547;2.34489;48.9025;2.20756;48.8069;2.48221;12
22:47:28.687;48.8547;2.34489;48.9025;2.20756;48.8069;2.48221;12
22:47:28.882;48.8549;2.34558;48.9027;2.20825;48.8071;2.4829;12
22:47:28.882;48.8549;2.34558;48.9027;2.20825;48.8071;2.4829;12
22:47:28.882;48.8549;2.34558;48.9027;2.20825;48.8071;2.4829;12
22:47:28.882;48.8552;2.34627;48.9029;2.20894;48.8074;2.48359;12
22:47:28.882;48.8552;2.34627;48.9029;2.20894;48.8074;2.48359;12
22:47:28.882;48.8552;2.34627;48.9029;2.20894;48.8074;2.48359;12
22:47:28.882;48.8556;2.34695;48.9034;2.20962;48.8078;2.48427;12
22:47:28.882;48.8556;2.34695;48.9034;2.20962;48.8078;2.48427;12
22:47:28.882;48.8556;2.34695;48.9034;2.20962;48.8078;2.48427;12
22:47:28.882;48.8559;2.34833;48.9036;2.211;48.808;2.48565;12
22:47:28.882;48.8559;2.34833;48.9036;2.211;48.808;2.48565;12
22:47:28.882;48.8559;2.34833;48.9036;2.211;48.808;2.48565;12
22:47:28.882;48.8561;2.34901;48.9038;2.21168;48.8083;2.48633;12
22:47:28.883;48.8561;2.34901;48.9038;2.21168;48.8083;2.48633;12
22:47:28.883;48.8561;2.34901;48.9038;2.21168;48.8083;2.48633;12
22:47:28.883;48.8561;2.34936;48.9038;2.21203;48.8083;2.48668;12
22:47:28.883;48.8561;2.34936;48.9038;2.21203;48.8083;2.48668;12
22:47:28.883;48.8561;2.34936;48.9038;2.21203;48.8083;2.48668;12
22:47:29.431;48.8561;2.3497;48.9038;2.21237;48.8083;2.48702;12
22:47:29.431;48.8561;2.3497;48.9038;2.21237;48.8083;2.48702;12
22:47:29.431;48.8561;2.3497;48.9038;2.21237;48.8083;2.48702;12
22:47:29.667;48.8561;2.35004;48.9038;2.21271;48.8083;2.48736;12
22:47:29.667;48.8561;2.35004;48.9038;2.21271;48.8083;2.48736;12
22:47:29.667;48.8561;2.35004;48.9038;2.21271;48.8083;2.48736;12
22:47:29.667;48.8559;2.35039;48.9036;2.21306;48.808;2.48771;12
22:47:29.667;48.8559;2.35039;48.9036;2.21306;48.808;2.48771;12
22:47:29.667;48.8559;2.35039;48.9036;2.21306;48.808;2.48771;12
22:47:29.667;48.8559;2.35073;48.9036;2.2134;48.808;2.48805;12
22:47:29.671;48.8559;2.35073;48.9036;2.2134;48.808;2.48805;12
22:47:29.671;48.8559;2.35073;48.9036;2.2134;48.808;2.48805;12
22:47:29.671;48.8556;2.35107;48.9034;2.21374;48.8078;2.48839;12
22:47:29.671;48.8556;2.35107;48.9034;2.21374;48.8078;2.48839;12
22:47:29.671;48.8556;2.35107;48.9034;2.21374;48.8078;2.48839;12
22:47:29.671;48.8556;2.35142;48.9034;2.21409;48.8078;2.48874;12
22:47:29.671;48.8556;2.35142;48.9034;2.21409;48.8078;2.48874;12
22:47:29.672;48.8556;2.35142;48.9034;2.21409;48.8078;2.48874;12
22:47:29.672;48.8554;2.35176;48.9031;2.21443;48.8076;2.48908;12
22:47:29.672;48.8554;2.35176;48.9031;2.21443;48.8076;2.48908;12
22:47:29.672;48.8554;2.35176;48.9031;2.21443;48.8076;2.48908;12
22:47:29.672;48.8552;2.3521;48.9029;2.21477;48.8074;2.48942;12
22:47:29.672;48.8552;2.3521;48.9029;2.21477;48.8074;2.48942;12
22:47:29.672;48.8552;2.3521;48.9029;2.21477;48.8074;2.48942;12
22:47:29.672;48.8552;2.35279;48.9029;2.21546;48.8074;2.49011;12
22:47:29.673;48.8552;2.35279;48.9029;2.21546;48.8074;2.49011;12
22:47:29.673;48.8552;2.35279;48.9029;2.21546;48.8074;2.49011;12
22:47:30.008;48.8552;2.35245;48.9029;2.21512;48.8074;2.48977;12
22:47:30.008;48.8552;2.35245;48.9029;2.21512;48.8074;2.48977;12
22:47:30.008;48.8552;2.35245;48.9029;2.21512;48.8074;2.48977;12
22:47:30.170;48.8556;2.34833;48.9034;2.211;48.8078;2.48565;12
22:47:30.170;48.8556;2.34833;48.9034;2.211;48.8078;2.48565;12
22:47:30.170;48.8556;2.34833;48.9034;2.211;48.8078;2.48565;12
22:47:30.170;48.8556;2.3473;48.9034;2.20997;48.8078;2.48462;12
22:47:30.170;48.8556;2.3473;48.9034;2.20997;48.8078;2.48462;12
22:47:30.170;48.8556;2.3473;48.9034;2.20997;48.8078;2.48462;12
22:47:30.171;48.8556;2.34695;48.9034;2.20962;48.8078;2.48427;12
22:47:30.171;48.8556;2.34695;48.9034;2.20962;48.8078;2.48427;12
22:47:30.171;48.8556;2.34695;48.9034;2.20962;48.8078;2.48427;12
22:47:30.171;48.8556;2.34661;48.9034;2.20928;48.8078;2.48393;12
22:47:30.171;48.8556;2.34661;48.9034;2.20928;48.8078;2.48393;12
22:47:30.171;48.8556;2.34661;48.9034;2.20928;48.8078;2.48393;12
22:47:30.837;48.8556;2.34592;48.9034;2.20859;48.8078;2.48324;12
22:47:30.837;48.8556;2.34592;48.9034;2.20859;48.8078;2.48324;12
22:47:30.837;48.8556;2.34592;48.9034;2.20859;48.8078;2.48324;12
22:47:31.138;48.8556;2.34558;48.9034;2.20825;48.8078;2.4829;12
22:47:31.138;48.8556;2.34558;48.9034;2.20825;48.8078;2.4829;12
22:47:31.138;48.8556;2.34558;48.9034;2.20825;48.8078;2.4829;12
22:47:31.139;48.8556;2.34489;48.9034;2.20756;48.8078;2.48221;12
22:47:31.139;48.8556;2.34489;48.9034;2.20756;48.8078;2.48221;12
22:47:31.139;48.8556;2.34489;48.9034;2.20756;48.8078;2.48221;12
22:47:31.139;48.8556;2.34421;48.9034;2.20688;48.8078;2.48153;12
22:47:31.139;48.8556;2.34421;48.9034;2.20688;48.8078;2.48153;12
22:47:31.139;48.8556;2.34421;48.9034;2.20688;48.8078;2.48153;12
22:47:31.139;48.8556;2.34318;48.9034;2.20585;48.8078;2.4805;12
22:47:31.139;48.8556;2.34318;48.9034;2.20585;48.8078;2.4805;12
22:47:31.140;48.8556;2.34318;48.9034;2.20585;48.8078;2.4805;12
22:47:31.140;48.8556;2.3418;48.9034;2.20447;48.8078;2.47912;12
22:47:31.140;48.8556;2.3418;48.9034;2.20447;48.8078;2.47912;12
22:47:31.140;48.8556;2.3418;48.9034;2.20447;48.8078;2.47912;12
22:47:31.140;48.8556;2.34112;48.9034;2.20379;48.8078;2.47844;12
22:47:31.140;48.8556;2.34112;48.9034;2.20379;48.8078;2.47844;12
22:47:31.140;48.8556;2.34112;48.9034;2.20379;48.8078;2.47844;12
22:47:31.140;48.8556;2.34043;48.9034;2.2031;48.8078;2.47775;12
22:47:31.140;48.8556;2.34043;48.9034;2.2031;48.8078;2.47775;12
22:47:31.140;48.8556;2.34043;48.9034;2.2031;48.8078;2.47775;12
22:47:31.143;48.8556;2.33906;48.9034;2.20173;48.8078;2.47638;12
22:47:31.143;48.8556;2.33906;48.9034;2.20173;48.8078;2.47638;12
22:47:31.144;48.8556;2.33906;48.9034;2.20173;48.8078;2.47638;12
22:47:31.144;48.8556;2.33837;48.9034;2.20104;48.8078;2.4757;12
22:47:31.144;48.8556;2.33837;48.9034;2.20104;48.8078;2.4757;12
22:47:31.144;48.8556;2.33837;48.9034;2.20104;48.8078;2.4757;12
22:47:31.144;48.8556;2.33768;48.9034;2.20035;48.8078;2.475;12
22:47:31.144;48.8556;2.33768;48.9034;2.20035;48.8078;2.475;12
22:47:31.144;48.8556;2.33768;48.9034;2.20035;48.8078;2.475;12
22:47:31.144;48.8556;2.33734;48.9034;2.20001;48.8078;2.47467;12
22:47:31.144;48.8556;2.33734;48.9034;2.20001;48.8078;2.47467;12
22:47:31.145;48.8556;2.33734;48.9034;2.20001;48.8078;2.47467;12
22:47:31.576;48.8559;2.33768;48.9036;2.20035;48.808;2.475;12
22:47:31.576;48.8559;2.33768;48.9036;2.20035;48.808;2.475;12
22:47:31.576;48.8559;2.33768;48.9036;2.20035;48.808;2.475;12
22:47:31.701;48.8559;2.33803;48.9036;2.2007;48.808;2.47535;12
22:47:31.701;48.8559;2.33803;48.9036;2.2007;48.808;2.47535;12
22:47:31.701;48.8559;2.33803;48.9036;2.2007;48.808;2.47535;12
22:47:31.701;48.8559;2.33871;48.9036;2.20138;48.808;2.47603;12
22:47:31.701;48.8559;2.33871;48.9036;2.20138;48.808;2.47603;12
22:47:31.701;48.8559;2.33871;48.9036;2.20138;48.808;2.47603;12
22:47:31.701;48.8559;2.33906;48.9036;2.20173;48.808;2.47638;12
22:47:31.701;48.8559;2.33906;48.9036;2.20173;48.808;2.47638;12
22:47:31.701;48.8559;2.33906;48.9036;2.20173;48.808;2.47638;12
22:47:31.702;48.8559;2.33974;48.9036;2.20241;48.808;2.47706;12
22:47:31.702;48.8559;2.33974;48.9036;2.20241;48.808;2.47706;12
22:47:31.702;48.8559;2.33974;48.9036;2.20241;48.808;2.47706;12
22:47:31.857;48.8559;2.34009;48.9036;2.20276;48.808;2.47741;12
22:47:31.857;48.8559;2.34009;48.9036;2.20276;48.808;2.47741;12
22:47:31.857;48.8559;2.34009;48.9036;2.20276;48.808;2.47741;12
22:47:31.857;48.8559;2.34077;48.9036;2.20344;48.808;2.47809;12
22:47:31.857;48.8559;2.34077;48.9036;2.20344;48.808;2.47809;12
22:47:31.857;48.8559;2.34077;48.9036;2.20344;48.808;2.47809;12
22:47:31.858;48.8559;2.34112;48.9036;2.20379;48.808;2.47844;12
22:47:31.858;48.8559;2.34112;48.9036;2.20379;48.808;2.47844;12
22:47:31.858;48.8559;2.34112;48.9036;2.20379;48.808;2.47844;12
22:47:33.046;48.8538;2.37545;48.9016;2.23812;48.806;2.51277;12
22:47:33.047;48.8538;2.37545;49.0446;1.82613;48.6623;2.92476;10
22:47:33.047;48.8538;2.37545;49.0446;1.82613;48.6623;2.92476;10
22:47:33.047;48.8538;2.37545;49.0446;1.82613;48.6623;2.92476;10
22:47:34.482;48.8559;2.34112;49.0466;1.7918;48.6644;2.89043;10
22:47:34.482;48.8559;2.34112;48.9036;2.20379;48.808;2.47844;12
22:47:34.483;48.8559;2.34112;48.9036;2.20379;48.808;2.47844;12
22:47:34.483;48.8559;2.34112;48.9036;2.20379;48.808;2.47844;12
22:47:35.948;48.8559;2.34077;48.9036;2.20345;48.808;2.4781;12
22:47:36.101;48.8559;2.34043;48.9036;2.2031;48.808;2.47775;12
22:47:36.101;48.8559;2.33974;48.9036;2.20242;48.808;2.47707;12
22:47:36.102;48.8559;2.3394;48.9036;2.20207;48.808;2.47672;12
22:47:36.102;48.8559;2.33906;48.9036;2.20173;48.808;2.47638;12
22:47:36.102;48.8559;2.33871;48.9036;2.20139;48.808;2.47604;12
22:47:36.102;48.8559;2.33803;48.9036;2.2007;48.808;2.47535;12
22:47:36.102;48.8559;2.33768;48.9036;2.20036;48.808;2.47501;12
22:47:36.102;48.8559;2.33665;48.9036;2.19933;48.808;2.47398;12
22:47:36.102;48.8559;2.33631;48.9036;2.19898;48.808;2.47364;12
22:47:36.161;48.8559;2.33562;48.9036;2.1983;48.808;2.47295;12
22:47:36.283;48.8559;2.33528;48.9036;2.19795;48.808;2.47261;12
22:47:36.332;48.8559;2.33494;48.9036;2.19761;48.808;2.47226;12
22:47:36.332;48.8559;2.33459;48.9036;2.19727;48.808;2.47192;12
22:47:36.427;48.8559;2.33425;48.9036;2.19692;48.808;2.47158;12
22:47:36.427;48.8559;2.33356;48.9036;2.19624;48.808;2.47089;12
22:47:36.427;48.8559;2.33288;48.9036;2.19555;48.808;2.4702;12
22:47:36.427;48.8559;2.33253;48.9036;2.19521;48.808;2.46986;12
22:47:37.135;48.8559;2.33288;48.9036;2.19555;48.808;2.4702;12
22:47:37.221;48.8556;2.33528;48.9034;2.19795;48.8078;2.47261;12
22:47:37.221;48.8554;2.33906;48.9031;2.20173;48.8076;2.47638;12
22:47:37.221;48.8552;2.34352;48.9029;2.20619;48.8074;2.48084;12
22:47:37.221;48.8552;2.34627;48.9029;2.20894;48.8074;2.48359;12
22:47:37.221;48.8549;2.34936;48.9027;2.21203;48.8072;2.48668;12
22:47:37.350;48.8549;2.3521;48.9027;2.21478;48.8072;2.48943;12
22:47:37.350;48.8547;2.35519;48.9025;2.21786;48.8069;2.49252;12
22:47:37.350;48.8545;2.3576;48.9022;2.22027;48.8067;2.49492;12
22:47:37.350;48.8545;2.36069;48.9022;2.22336;48.8067;2.49801;12
22:47:37.350;48.8545;2.3624;48.9022;2.22507;48.8067;2.49973;12
22:47:37.351;48.8545;2.36309;48.9022;2.22576;48.8067;2.50041;12
22:47:37.351;48.8545;2.36343;48.9022;2.2261;48.8067;2.50076;12
22:47:37.601;48.8547;2.36343;48.9025;2.2261;48.8069;2.50076;12
22:47:37.738;48.8552;2.36378;48.9029;2.22645;48.8074;2.5011;12
22:47:37.738;48.8556;2.36412;48.9034;2.22679;48.8078;2.50144;12
22:47:37.738;48.8561;2.36446;48.9038;2.22713;48.8083;2.50179;12
22:47:37.738;48.8565;2.36446;48.9043;2.22713;48.8087;2.50179;12
22:47:37.738;48.857;2.36481;48.9047;2.22748;48.8092;2.50213;12
22:47:37.738;48.8574;2.36515;48.9052;2.22782;48.8096;2.50247;12
22:47:37.808;48.8579;2.36549;48.9056;2.22816;48.8101;2.50282;12
22:47:37.808;48.8583;2.36584;48.9061;2.22851;48.8105;2.50316;12
22:47:37.808;48.8583;2.36618;48.9061;2.22885;48.8105;2.5035;12
22:47:38.002;48.859;2.36618;48.9068;2.22885;48.8112;2.5035;12
22:47:38.087;48.8595;2.36618;48.9072;2.22885;48.8117;2.5035;12
22:47:38.087;48.8597;2.36618;48.9074;2.22885;48.8119;2.5035;12
22:47:38.087;48.8601;2.36618;48.9079;2.22885;48.8124;2.5035;12
22:47:38.087;48.8606;2.36618;48.9083;2.22885;48.8128;2.5035;12
22:47:38.087;48.8608;2.36618;48.9086;2.22885;48.813;2.5035;12
22:47:38.179;48.861;2.36618;48.9088;2.22885;48.8133;2.5035;12
22:47:38.179;48.8613;2.36584;48.909;2.22851;48.8135;2.50316;12
22:47:38.269;48.8615;2.36584;48.9092;2.22851;48.8137;2.50316;12
22:47:38.304;48.8615;2.36515;48.9092;2.22782;48.8137;2.50247;12
22:47:38.407;48.8615;2.36412;48.9092;2.22679;48.8137;2.50144;12
22:47:38.407;48.8615;2.36343;48.9092;2.2261;48.8137;2.50076;12
22:47:38.408;48.8613;2.36309;48.909;2.22576;48.8135;2.50041;12
22:47:38.507;48.861;2.3624;48.9088;2.22507;48.8133;2.49973;12
22:47:38.507;48.8608;2.36206;48.9086;2.22473;48.813;2.49938;12
22:47:38.507;48.8604;2.36172;48.9081;2.22439;48.8126;2.49904;12
22:47:38.507;48.8601;2.36137;48.9079;2.22404;48.8124;2.4987;12
22:47:38.507;48.8597;2.36103;48.9074;2.2237;48.8119;2.49835;12
22:47:38.507;48.8595;2.36069;48.9072;2.22336;48.8117;2.49801;12
22:47:38.628;48.859;2.36034;48.9068;2.22301;48.8112;2.49767;12
22:47:38.628;48.8588;2.36;48.9065;2.22267;48.811;2.49732;12
22:47:38.629;48.8583;2.36;48.9061;2.22267;48.8105;2.49732;12
22:47:38.629;48.8579;2.35966;48.9056;2.22233;48.8101;2.49698;12
22:47:38.629;48.8577;2.35966;48.9054;2.22233;48.8099;2.49698;12
22:47:38.629;48.8572;2.35966;48.905;2.22233;48.8094;2.49698;12
22:47:38.629;48.857;2.35931;48.9047;2.22198;48.8092;2.49664;12
22:47:38.723;48.8565;2.35931;48.9043;2.22198;48.8087;2.49664;12
22:47:38.853;48.8565;2.35897;48.9043;2.22164;48.8087;2.49629;12
22:47:38.902;48.8563;2.35897;48.904;2.22164;48.8085;2.49629;12
22:47:38.902;48.8563;2.35863;48.904;2.2213;48.8085;2.49595;12
22:47:39.075;48.8563;2.35828;48.904;2.22095;48.8085;2.49561;12
22:47:39.075;48.8563;2.35794;48.904;2.22061;48.8085;2.49526;12
22:47:39.075;48.8563;2.35725;48.904;2.21992;48.8085;2.49458;12
22:47:39.075;48.8565;2.35691;48.9043;2.21958;48.8087;2.49423;12
22:47:39.075;48.8565;2.35622;48.9043;2.21889;48.8087;2.49355;12
22:47:39.075;48.8568;2.35485;48.9045;2.21752;48.809;2.49217;12
22:47:39.075;48.8568;2.35313;48.9045;2.21581;48.809;2.49046;12
22:47:39.075;48.8568;2.35176;48.9045;2.21443;48.809;2.48908;12
22:47:39.075;48.8568;2.35004;48.9045;2.21272;48.809;2.48737;12
22:47:39.216;48.8568;2.34833;48.9045;2.211;48.809;2.48565;12
22:47:39.216;48.8568;2.34661;48.9045;2.20928;48.809;2.48393;12
22:47:39.216;48.8568;2.34592;48.9045;2.2086;48.809;2.48325;12
22:47:39.217;48.857;2.34455;48.9047;2.20722;48.8092;2.48187;12
22:47:39.217;48.857;2.34386;48.9047;2.20654;48.8092;2.48119;12
22:47:39.217;48.857;2.34352;48.9047;2.20619;48.8092;2.48084;12
