21:26:46.942;48.8547;2.34936;49.0455;1.80004;48.6632;2.89867;10
21:26:46.961;48.8556;2.35897;49.0464;1.80965;48.6642;2.90828;10
21:26:47.012;48.8574;2.3727;49.0482;1.82339;48.666;2.92201;10
21:26:47.012;48.8574;2.3933;49.0482;1.84399;48.666;2.94261;10
21:26:47.012;48.8583;2.41253;49.0491;1.86321;48.6669;2.96184;10
21:26:47.027;48.8583;2.42214;49.0491;1.87283;48.6669;2.97145;10
21:26:47.045;48.8583;2.42352;49.0491;1.8742;48.6669;2.97283;10
21:26:47.526;48.8583;2.42489;49.0491;1.87557;48.6669;2.9742;10
21:26:47.578;48.8583;2.42901;49.0491;1.87969;48.6669;2.97832;10
21:26:47.578;48.8592;2.43862;49.05;1.88931;48.6678;2.98793;10
21:26:47.578;48.8601;2.46197;49.0509;1.91265;48.6687;3.01128;10
21:26:47.598;48.8619;2.51278;49.0527;1.96346;48.6705;3.06209;10
21:26:47.612;48.8638;2.56634;49.0545;2.01702;48.6723;3.11565;10
21:26:47.629;48.8647;2.60067;49.0554;2.05135;48.6732;3.14998;10
21:26:47.662;48.8656;2.62539;49.0563;2.07607;48.6741;3.1747;10
21:26:47.664;48.8665;2.64324;49.0572;2.09393;48.675;3.19255;10
21:26:47.676;48.8665;2.65148;49.0572;2.10217;48.675;3.20079;10
21:26:47.688;48.8665;2.65423;49.0572;2.10491;48.675;3.20354;10
21:26:47.880;48.8665;2.65697;49.0572;2.10766;48.675;3.20629;10
21:26:47.897;48.8674;2.68444;49.0581;2.13512;48.6759;3.23375;10
21:26:47.982;48.871;2.72427;49.0617;2.17495;48.6796;3.27358;10
21:26:47.982;48.8755;2.79842;49.0662;2.24911;48.6841;3.34773;10
21:26:47.983;48.8818;2.87533;49.0725;2.32601;48.6904;3.42464;10
21:26:47.983;48.8845;2.93163;49.0752;2.38232;48.6932;3.48094;10
21:26:47.983;48.8863;2.96322;49.077;2.4139;48.695;3.51253;10
21:26:48.029;48.8863;2.97421;49.077;2.42489;48.695;3.52352;10
21:26:48.195;48.8863;2.97695;49.077;2.42764;48.695;3.52626;10
21:26:48.234;48.8863;2.98656;49.077;2.43725;48.695;3.53588;10
21:26:48.234;48.8872;3.00716;49.0779;2.45785;48.6959;3.55648;10
21:26:48.248;48.889;3.04562;49.0797;2.4963;48.6977;3.59493;10
21:26:48.266;48.889;3.07995;49.0797;2.53063;48.6977;3.62926;10
21:26:48.279;48.8899;3.10604;49.0806;2.55672;48.6986;3.65535;10
21:26:48.318;48.8899;3.12939;49.0806;2.58007;48.6986;3.6787;10
21:26:48.318;48.8899;3.14449;49.0806;2.59518;48.6986;3.6938;10
21:26:48.330;48.8899;3.15685;49.0806;2.60754;48.6986;3.70616;10
21:26:48.528;48.8899;3.1596;49.0806;2.61028;48.6986;3.70891;10
21:26:48.566;48.8909;3.1802;49.0815;2.63088;48.6995;3.72951;10
21:26:48.566;48.8927;3.21041;49.0832;2.66109;48.7013;3.75972;10
21:26:48.581;48.8945;3.27084;49.085;2.72152;48.7031;3.82015;10
21:26:48.615;48.8963;3.34087;49.0868;2.79156;48.7049;3.89018;10
21:26:48.615;48.8981;3.40405;49.0886;2.85473;48.7068;3.95336;10
21:26:48.667;48.8999;3.44662;49.0905;2.8973;48.7086;3.99593;10
21:26:48.667;48.8999;3.4631;49.0905;2.91378;48.7086;4.01241;10
21:26:48.667;48.8999;3.46584;49.0905;2.91653;48.7086;4.01515;10
21:26:48.831;48.8999;3.47271;49.0905;2.92339;48.7086;4.02202;10
21:26:48.906;48.9035;3.5043;49.094;2.95498;48.7122;4.05361;10
21:26:48.906;48.9098;3.5606;49.1003;3.01128;48.7186;4.10991;10
21:26:48.906;48.9179;3.62652;49.1084;3.0772;48.7267;4.17583;10
21:26:48.932;48.9252;3.69518;49.1156;3.14587;48.734;4.24449;10
21:26:48.934;48.936;3.77758;49.1264;3.22826;48.7448;4.32689;10
21:26:48.947;48.9387;3.80505;49.1291;3.25573;48.7475;4.35436;10
21:26:48.961;48.9396;3.81603;49.13;3.26672;48.7484;4.36534;10
21:26:48.975;48.9396;3.81878;49.13;3.26946;48.7484;4.36809;10
21:26:49.199;48.9432;3.82427;49.1336;3.27496;48.7521;4.37358;10
21:26:49.258;48.9495;3.83389;49.1399;3.28457;48.7584;4.3832;10
21:26:49.259;48.9567;3.84487;49.1471;3.29556;48.7656;4.39418;10
21:26:49.796;48.963;3.85448;49.1534;3.30517;48.772;4.4038;10
21:26:49.798;48.9766;3.99868;49.1668;3.44936;48.7855;4.54799;10
21:26:49.800;48.9802;4.19231;49.1704;3.643;48.7892;4.74163;10
21:26:49.833;48.9793;4.19231;49.1695;3.643;48.7883;4.74163;10
21:26:49.852;48.9784;4.19094;49.1686;3.64162;48.7874;4.74025;10
21:26:50.202;48.9775;4.19094;49.1677;3.64162;48.7864;4.74025;10
21:26:50.303;48.9757;4.19094;49.1659;3.64162;48.7846;4.74025;10
21:26:50.303;48.9729;4.19094;49.1632;3.64162;48.7819;4.74025;10
21:26:50.303;48.9693;4.19094;49.1596;3.64162;48.7783;4.74025;10
21:26:50.303;48.9666;4.19094;49.157;3.64162;48.7756;4.74025;10
21:26:50.303;48.963;4.19094;49.1534;3.64162;48.772;4.74025;10
21:26:50.303;48.9612;4.19094;49.1516;3.64162;48.7702;4.74025;10
21:26:50.319;48.9594;4.19231;49.1498;3.643;48.7683;4.74163;10
21:26:50.339;48.9576;4.19643;49.148;3.64712;48.7665;4.74575;10
21:26:50.355;48.9558;4.20605;49.1462;3.65673;48.7647;4.75536;10
21:26:50.369;48.9531;4.22527;49.1435;3.67596;48.762;4.77458;10
21:26:50.387;48.9522;4.25137;49.1426;3.70205;48.7611;4.80068;10
21:26:50.403;48.9522;4.2802;49.1426;3.73089;48.7611;4.82952;10
21:26:50.420;48.9522;4.30218;49.1426;3.75286;48.7611;4.85149;10
21:26:50.437;48.9522;4.32415;49.1426;3.77483;48.7611;4.87346;10
21:26:50.453;48.9531;4.33788;49.1435;3.78857;48.762;4.88719;10
21:26:50.468;48.9531;4.34338;49.1435;3.79406;48.762;4.89269;10
21:26:50.487;48.9531;4.34475;49.1435;3.79543;48.762;4.89406;10
21:26:52.692;48.9531;4.34475;48.9561;4.33617;48.9501;4.35333;16
21:26:55.545;48.9531;4.34473;48.9561;4.33614;48.9501;4.35331;16
21:26:55.568;48.9531;4.34469;48.9561;4.3361;48.9501;4.35326;16
21:26:55.579;48.9531;4.34464;48.9561;4.33606;48.9501;4.35322;16
21:26:55.601;48.9531;4.34456;48.9561;4.33597;48.9501;4.35313;16
21:26:55.614;48.9531;4.34445;48.9561;4.33587;48.9501;4.35303;16
21:26:55.628;48.9531;4.34438;48.9561;4.3358;48.9501;4.35296;16
21:26:55.664;48.9531;4.3443;48.9561;4.33572;48.9501;4.35288;16
21:26:55.664;48.9531;4.34426;48.9561;4.33567;48.9501;4.35283;16
21:26:55.679;48.9531;4.34421;48.9561;4.33563;48.9501;4.35279;16
21:26:55.830;48.9531;4.34417;48.9561;4.33559;48.9501;4.35275;16
21:26:55.862;48.9531;4.34415;48.9561;4.33557;48.9501;4.35273;16
21:26:55.912;48.9531;4.34413;48.9561;4.33554;48.9501;4.3527;16
21:26:55.940;48.9531;4.34411;48.9561;4.33552;48.9501;4.35268;16
21:26:55.979;48.953;4.34408;48.956;4.3355;48.9501;4.35266;16
21:26:55.997;48.953;4.34406;48.956;4.33548;48.9501;4.35264;16
21:26:57.688;48.953;4.34402;48.956;4.33544;48.9501;4.3526;16
21:26:57.757;48.953;4.344;48.956;4.33542;48.9501;4.35258;16
21:26:57.758;48.953;4.34398;48.956;4.33539;48.9501;4.35255;16
21:26:57.758;48.953;4.34396;48.956;4.33537;48.9501;4.35253;16
21:26:57.758;48.953;4.34391;48.956;4.33533;48.9501;4.35249;16
21:26:57.774;48.953;4.34389;48.956;4.33531;48.9501;4.35247;16
21:26:57.789;48.953;4.34387;48.956;4.33529;48.9501;4.35245;16
21:26:58.539;48.953;4.34389;48.956;4.33531;48.9501;4.35247;16
21:26:58.574;48.953;4.34393;48.956;4.33535;48.9501;4.35251;16
21:26:58.689;48.953;4.34396;48.956;4.33537;48.9501;4.35253;16
21:26:58.724;48.953;4.34398;48.956;4.33539;48.9501;4.35255;16
21:27:01.325;48.8547;2.43176;48.8577;2.42318;48.8517;2.44034;16
21:27:01.325;48.8547;2.43176;49.0455;1.88244;48.6632;2.98107;10
21:27:01.325;48.8547;2.43176;49.0455;1.88244;48.6632;2.98107;10
21:27:01.325;48.8547;2.43176;49.0455;1.88244;48.6632;2.98107;10
21:27:05.978;48.8556;2.43176;49.0464;1.88244;48.6642;2.98107;10
21:27:05.997;48.8574;2.43176;49.0482;1.88244;48.666;2.98107;10
21:27:06.012;48.8583;2.43176;49.0491;1.88244;48.6669;2.98107;10
21:27:06.028;48.861;2.42489;49.0518;1.87558;48.6696;2.97421;10
21:27:06.045;48.8629;2.41528;49.0536;1.86596;48.6714;2.96459;10
21:27:06.062;48.8656;2.39605;49.0563;1.84674;48.6741;2.94537;10
21:27:06.079;48.8692;2.37683;49.0599;1.82751;48.6778;2.92614;10
21:27:06.095;48.8701;2.35486;49.0608;1.80554;48.6787;2.90417;10
21:27:06.113;48.8701;2.33563;49.0608;1.78631;48.6787;2.88494;10
21:27:06.128;48.8701;2.3219;49.0608;1.77258;48.6787;2.87121;10
21:27:06.146;48.8701;2.31091;49.0608;1.76159;48.6787;2.86022;10
21:27:06.169;48.8701;2.30679;49.0608;1.75747;48.6787;2.8561;10
21:27:06.172;48.8692;2.30542;49.0599;1.7561;48.6778;2.85473;10
21:27:06.186;48.8674;2.30267;49.0581;1.75335;48.6759;2.85198;10
21:27:06.200;48.8656;2.3013;49.0563;1.75198;48.6741;2.85061;10
21:27:06.229;48.8619;2.29992;49.0527;1.75061;48.6705;2.84924;10
21:27:06.247;48.8574;2.29855;49.0482;1.74923;48.666;2.84786;10
21:27:06.262;48.8538;2.29855;49.0446;1.74923;48.6623;2.84786;10
21:27:06.280;48.8493;2.29718;49.0401;1.74786;48.6578;2.84649;10
21:27:06.297;48.8475;2.29718;49.0383;1.74786;48.656;2.84649;10
21:27:06.314;48.843;2.29718;49.0338;1.74786;48.6515;2.84649;10
21:27:06.330;48.8385;2.29992;49.0293;1.75061;48.6469;2.84924;10
21:27:06.347;48.8339;2.31228;49.0248;1.76297;48.6424;2.8616;10
21:27:06.363;48.8276;2.33563;49.0185;1.78631;48.636;2.88494;10
21:27:06.380;48.824;2.36859;49.0149;1.81927;48.6324;2.9179;10
21:27:06.398;48.8222;2.40704;49.0131;1.85772;48.6306;2.95635;10
21:27:06.413;48.8222;2.44137;49.0131;1.89206;48.6306;2.99068;10
21:27:06.430;48.8222;2.46884;49.0131;1.91952;48.6306;3.01815;10
21:27:06.448;48.8231;2.49356;49.014;1.94424;48.6315;3.04287;10
21:27:06.464;48.8231;2.51141;49.014;1.96209;48.6315;3.06072;10
21:27:06.481;48.8249;2.53201;49.0158;1.98269;48.6333;3.08132;10
21:27:06.496;48.8267;2.54986;49.0176;2.00055;48.6351;3.09917;10
21:27:06.514;48.8276;2.56222;49.0185;2.01291;48.636;3.11153;10
21:27:06.529;48.8285;2.57321;49.0193;2.02389;48.6369;3.12252;10
21:27:06.548;48.8303;2.5787;49.0211;2.02939;48.6387;3.12801;10
21:27:06.564;48.8312;2.58145;49.022;2.03213;48.6397;3.13076;10
21:27:06.580;48.833;2.58557;49.0239;2.03625;48.6415;3.13488;10
21:27:06.597;48.8348;2.59244;49.0257;2.04312;48.6433;3.14175;10
21:27:06.613;48.8385;2.59793;49.0293;2.04861;48.6469;3.14724;10
21:27:06.630;48.8403;2.60068;49.0311;2.05136;48.6487;3.14999;10
21:27:06.648;48.8439;2.6048;49.0347;2.05548;48.6524;3.15411;10
21:27:06.664;48.8484;2.60754;49.0392;2.05823;48.6569;3.15685;10
21:27:06.680;48.8538;2.61029;49.0446;2.06097;48.6623;3.1596;10
21:27:06.698;48.861;2.61166;49.0518;2.06235;48.6696;3.16097;10
21:27:06.714;48.8665;2.61029;49.0572;2.06097;48.675;3.1596;10
21:27:06.732;48.8728;2.60891;49.0635;2.0596;48.6814;3.15823;10
21:27:06.745;48.8755;2.60617;49.0662;2.05685;48.6841;3.15548;10
21:27:06.763;48.8764;2.60342;49.0671;2.05411;48.685;3.15273;10
21:27:06.780;48.8773;2.59656;49.068;2.04724;48.6859;3.14587;10
21:27:06.797;48.8773;2.58282;49.068;2.03351;48.6859;3.13213;10
21:27:06.814;48.8773;2.56085;49.068;2.01153;48.6859;3.11016;10
21:27:06.829;48.8764;2.5375;49.0671;1.98819;48.685;3.08681;10
21:27:06.847;48.8746;2.51004;49.0653;1.96072;48.6832;3.05935;10
21:27:06.864;48.8701;2.47983;49.0608;1.93051;48.6787;3.02914;10
21:27:06.879;48.8656;2.46197;49.0563;1.91266;48.6741;3.01128;10
21:27:06.895;48.861;2.44275;49.0518;1.89343;48.6696;2.99206;10
21:27:06.912;48.8574;2.42764;49.0482;1.87832;48.666;2.97695;10
21:27:06.928;48.8529;2.41665;49.0437;1.86734;48.6614;2.96597;10
21:27:06.947;48.8466;2.40704;49.0374;1.85772;48.6551;2.95635;10
21:27:06.963;48.8421;2.40017;49.0329;1.85086;48.6506;2.94949;10
21:27:06.981;48.8385;2.39743;49.0293;1.84811;48.6469;2.94674;10
21:27:06.997;48.8357;2.39468;49.0266;1.84537;48.6442;2.94399;10
21:27:07.014;48.8339;2.39331;49.0248;1.84399;48.6424;2.94262;10
21:27:07.030;48.8303;2.39193;49.0211;1.84262;48.6387;2.94125;10
21:27:07.047;48.8267;2.39056;49.0176;1.84125;48.6351;2.93987;10
21:27:07.064;48.8213;2.38919;49.0121;1.83987;48.6297;2.9385;10
21:27:07.081;48.8149;2.38782;49.0058;1.8385;48.6233;2.93713;10
21:27:07.096;48.8104;2.38782;49.0013;1.8385;48.6188;2.93713;10
21:27:07.114;48.8086;2.38782;48.9995;1.8385;48.617;2.93713;10
21:27:07.131;48.8068;2.38782;48.9977;1.8385;48.6152;2.93713;10
21:27:07.149;48.805;2.38782;48.9959;1.8385;48.6133;2.93713;10
21:27:07.164;48.8041;2.38782;48.995;1.8385;48.6124;2.93713;10
21:27:07.180;48.8032;2.38782;48.9941;1.8385;48.6115;2.93713;10
21:27:07.231;48.8032;2.38919;48.9941;1.83987;48.6115;2.9385;10
21:27:07.248;48.8023;2.39193;48.9932;1.84262;48.6106;2.94125;10
21:27:07.263;48.8023;2.39605;48.9932;1.84674;48.6106;2.94537;10
21:27:07.281;48.8023;2.3988;48.9932;1.84949;48.6106;2.94811;10
21:27:07.297;48.8023;2.40155;48.9932;1.85223;48.6106;2.95086;10
21:27:07.315;48.8032;2.40292;48.9941;1.8536;48.6115;2.95223;10
21:27:07.332;48.8032;2.40567;48.9941;1.85635;48.6115;2.95498;10
21:27:07.347;48.805;2.40567;48.9959;1.85635;48.6133;2.95498;10
21:27:07.364;48.8059;2.40567;48.9968;1.85635;48.6143;2.95498;10
21:27:07.381;48.8068;2.40567;48.9977;1.85635;48.6152;2.95498;10
21:27:07.399;48.8086;2.40567;48.9995;1.85635;48.617;2.95498;10
21:27:07.413;48.8104;2.40567;49.0013;1.85635;48.6188;2.95498;10
21:27:07.431;48.8131;2.40292;49.004;1.8536;48.6215;2.95223;10
21:27:07.449;48.814;2.40155;49.0049;1.85223;48.6224;2.95086;10
21:27:07.464;48.8149;2.40017;49.0058;1.85086;48.6233;2.94949;10
21:27:07.482;48.8158;2.3988;49.0067;1.84949;48.6242;2.94811;10
21:27:07.500;48.8158;2.39743;49.0067;1.84811;48.6242;2.94674;10
21:27:07.516;48.8168;2.39743;49.0076;1.84811;48.6251;2.94674;10
21:27:07.530;48.8168;2.39605;49.0076;1.84674;48.6251;2.94537;10
21:27:07.548;48.8177;2.39605;49.0085;1.84674;48.626;2.94537;10
21:27:07.565;48.8177;2.39468;49.0085;1.84537;48.626;2.94399;10
21:27:07.581;48.8195;2.39468;49.0103;1.84537;48.6279;2.94399;10
21:27:07.600;48.8204;2.39331;49.0112;1.84399;48.6288;2.94262;10
21:27:07.614;48.8222;2.39331;49.0131;1.84399;48.6306;2.94262;10
21:27:07.632;48.8258;2.39331;49.0167;1.84399;48.6342;2.94262;10
21:27:07.650;48.8303;2.39331;49.0211;1.84399;48.6387;2.94262;10
21:27:07.664;48.8376;2.39605;49.0284;1.84674;48.646;2.94537;10
21:27:07.682;48.8439;2.3988;49.0347;1.84949;48.6524;2.94811;10
21:27:07.699;48.8457;2.3988;49.0365;1.84949;48.6542;2.94811;10
21:27:07.715;48.8493;2.40017;49.0401;1.85086;48.6578;2.94949;10
21:27:07.733;48.8511;2.40017;49.0419;1.85086;48.6596;2.94949;10
21:27:07.749;48.8529;2.40017;49.0437;1.85086;48.6614;2.94949;10
21:27:07.767;48.8538;2.40017;49.0446;1.85086;48.6623;2.94949;10
21:27:07.781;48.8556;2.40017;49.0464;1.85086;48.6642;2.94949;10
21:27:07.799;48.8574;2.40017;49.0482;1.85086;48.666;2.94949;10
21:27:07.817;48.8583;2.40017;49.0491;1.85086;48.6669;2.94949;10
21:27:07.832;48.8592;2.40017;49.05;1.85086;48.6678;2.94949;10
21:27:07.865;48.861;2.40155;49.0518;1.85223;48.6696;2.95086;10
21:27:07.950;48.8619;2.40155;49.0527;1.85223;48.6705;2.95086;10
21:27:07.983;48.8619;2.40429;49.0527;1.85498;48.6705;2.95361;10
21:27:08.001;48.8619;2.40567;49.0527;1.85635;48.6705;2.95498;10
21:27:08.017;48.8619;2.40841;49.0527;1.8591;48.6705;2.95773;10
21:27:08.034;48.861;2.41116;49.0518;1.86184;48.6696;2.96047;10
21:27:08.049;48.8601;2.41803;49.0509;1.86871;48.6687;2.96734;10
21:27:08.067;48.8601;2.42077;49.0509;1.87146;48.6687;2.97009;10
21:27:08.084;48.8592;2.42215;49.05;1.87283;48.6678;2.97146;10
21:27:08.117;48.8583;2.42352;49.0491;1.8742;48.6669;2.97283;10
21:27:08.133;48.8574;2.42352;49.0482;1.8742;48.666;2.97283;10
21:27:08.150;48.8574;2.42489;49.0482;1.87558;48.666;2.97421;10
21:27:08.166;48.8556;2.42627;49.0464;1.87695;48.6642;2.97558;10
21:27:08.184;48.8547;2.42764;49.0455;1.87832;48.6632;2.97695;10
21:27:08.201;48.8538;2.42901;49.0446;1.8797;48.6623;2.97832;10
21:27:10.501;48.953;4.34398;49.1434;3.79466;48.7619;4.89329;10
21:27:10.501;48.953;4.34398;48.956;4.33539;48.9501;4.35255;16
21:27:10.501;48.953;4.34398;48.956;4.33539;48.9501;4.35255;16
21:27:10.501;48.953;4.34398;48.956;4.33539;48.9501;4.35255;16
21:27:12.075;48.953;4.34404;48.956;4.33546;48.9501;4.35262;16
21:27:12.113;48.953;4.34417;48.956;4.33559;48.9501;4.35275;16
21:27:12.113;48.953;4.34438;48.956;4.3358;48.9501;4.35296;16
21:27:12.125;48.953;4.34464;48.956;4.33606;48.9501;4.35322;16
21:27:12.144;48.953;4.34507;48.956;4.33649;48.9501;4.35365;16
21:27:12.195;48.953;4.3455;48.956;4.33692;48.95;4.35408;16
21:27:12.195;48.9529;4.34599;48.9559;4.33741;48.9499;4.35457;16
21:27:12.195;48.9529;4.34636;48.9558;4.33778;48.9499;4.35494;16
21:27:12.211;48.9528;4.34659;48.9558;4.33801;48.9498;4.35517;16
21:27:12.226;48.9528;4.34677;48.9557;4.33818;48.9498;4.35534;16
21:27:12.244;48.9528;4.34681;48.9557;4.33823;48.9498;4.35539;16
21:27:12.260;48.9527;4.34683;48.9557;4.33825;48.9498;4.35541;16
21:27:12.276;48.9527;4.34685;48.9557;4.33827;48.9497;4.35543;16
21:27:12.327;48.9527;4.34685;48.9557;4.33827;48.9497;4.35543;16
21:27:12.354;48.9527;4.34687;48.9557;4.33829;48.9497;4.35545;16
21:27:12.410;48.9527;4.34687;48.9557;4.33829;48.9497;4.35545;16
21:27:12.447;48.9527;4.34683;48.9557;4.33825;48.9497;4.35541;16
21:27:12.447;48.9527;4.34675;48.9557;4.33816;48.9497;4.35532;16
21:27:12.462;48.9527;4.34657;48.9557;4.33799;48.9497;4.35515;16
21:27:12.478;48.9527;4.34627;48.9557;4.33769;48.9497;4.35485;16
21:27:12.530;48.9527;4.34597;48.9557;4.33739;48.9497;4.35455;16
21:27:12.530;48.9527;4.34556;48.9557;4.33698;48.9497;4.35414;16
21:27:12.530;48.9527;4.34516;48.9557;4.33657;48.9497;4.35373;16
21:27:12.545;48.9527;4.34481;48.9557;4.33623;48.9498;4.35339;16
21:27:12.561;48.9527;4.34464;48.9557;4.33606;48.9498;4.35322;16
21:27:12.578;48.9527;4.34453;48.9557;4.33595;48.9498;4.35311;16
21:27:12.596;48.9527;4.34445;48.9557;4.33587;48.9498;4.35303;16
21:27:12.611;48.9527;4.34441;48.9557;4.33582;48.9497;4.35298;16
21:27:12.628;48.9527;4.34434;48.9557;4.33576;48.9497;4.35292;16
21:27:12.645;48.9527;4.34432;48.9557;4.33574;48.9497;4.3529;16
21:27:12.662;48.9527;4.34428;48.9557;4.33569;48.9497;4.35286;16
21:27:12.679;48.9527;4.34423;48.9557;4.33565;48.9497;4.35281;16
21:27:12.695;48.9527;4.34421;48.9556;4.33563;48.9497;4.35279;16
21:27:12.710;48.9527;4.34417;48.9556;4.33559;48.9497;4.35275;16
21:27:12.726;48.9527;4.34413;48.9556;4.33554;48.9497;4.3527;16
21:27:12.744;48.9527;4.34411;48.9556;4.33552;48.9497;4.35268;16
21:27:12.813;48.9527;4.34411;48.9557;4.33552;48.9497;4.35268;16
21:27:12.830;48.9527;4.34408;48.9557;4.3355;48.9497;4.35266;16
21:27:12.847;48.9527;4.34408;48.9557;4.3355;48.9497;4.35266;16
21:27:12.863;48.9527;4.34408;48.9557;4.3355;48.9497;4.35266;16
21:27:12.879;48.9528;4.34408;48.9557;4.3355;48.9498;4.35266;16
21:27:12.897;48.9528;4.34408;48.9557;4.3355;48.9498;4.35266;16
21:27:12.914;48.9528;4.34411;48.9558;4.33552;48.9498;4.35268;16
21:27:12.931;48.9529;4.34415;48.9558;4.33557;48.9499;4.35273;16
21:27:12.947;48.9529;4.34423;48.9559;4.33565;48.9499;4.35281;16
21:27:12.963;48.9529;4.34428;48.9559;4.33569;48.9499;4.35286;16
21:27:12.981;48.9529;4.34432;48.9559;4.33574;48.95;4.3529;16
21:27:12.997;48.9529;4.34434;48.9559;4.33576;48.95;4.35292;16
21:27:13.030;48.953;4.34438;48.9559;4.3358;48.95;4.35296;16
21:27:13.113;48.953;4.34438;48.956;4.3358;48.95;4.35296;16
21:27:13.147;48.953;4.34443;48.956;4.33584;48.95;4.35301;16
21:27:13.194;48.953;4.34445;48.956;4.33587;48.95;4.35303;16
21:27:13.345;48.953;4.34445;48.956;4.33587;48.95;4.35303;16
21:27:13.462;48.953;4.34449;48.956;4.33591;48.95;4.35307;16
21:27:13.499;48.953;4.34451;48.956;4.33593;48.95;4.35309;16
21:27:13.499;48.953;4.34453;48.956;4.33595;48.95;4.35311;16
21:27:13.515;48.953;4.34453;48.956;4.33595;48.95;4.35311;16
21:27:13.532;48.953;4.34456;48.956;4.33597;48.95;4.35313;16
21:27:14.918;48.8547;2.43176;48.8577;2.42318;48.8517;2.44034;16
21:27:14.918;48.8547;2.43176;49.0455;1.88244;48.6632;2.98107;10
21:27:14.918;48.8547;2.43176;49.0455;1.88244;48.6632;2.98107;10
21:27:14.918;48.8547;2.43176;49.0455;1.88244;48.6632;2.98107;10
21:27:23.008;48.8556;2.42901;49.0464;1.8797;48.6642;2.97832;10
21:27:23.024;48.8556;2.42215;49.0464;1.87283;48.6642;2.97146;10
21:27:23.127;48.8556;2.40704;49.0464;1.85772;48.6642;2.95635;10
21:27:23.128;48.8556;2.39056;49.0464;1.84125;48.6642;2.93987;10
21:27:23.128;48.8556;2.37134;49.0464;1.82202;48.6642;2.92065;10
21:27:23.128;48.8556;2.35211;49.0464;1.80279;48.6642;2.90142;10
21:27:23.128;48.8538;2.33288;49.0446;1.78357;48.6623;2.88219;10
21:27:23.128;48.8529;2.3219;49.0437;1.77258;48.6614;2.87121;10
21:27:23.160;48.852;2.32602;49.0428;1.7767;48.6605;2.87533;10
21:27:23.176;48.852;2.34799;49.0428;1.79867;48.6605;2.8973;10
21:27:23.209;48.852;2.37546;49.0428;1.82614;48.6605;2.92477;10
21:27:23.209;48.852;2.4194;49.0428;1.87008;48.6605;2.96871;10
21:27:23.225;48.852;2.45923;49.0428;1.90991;48.6605;3.00854;10
21:27:23.242;48.852;2.48944;49.0428;1.94012;48.6605;3.03875;10
21:27:23.260;48.8529;2.50729;49.0437;1.95798;48.6614;3.0566;10
21:27:23.325;48.8529;2.50592;49.0437;1.9566;48.6614;3.05523;10
21:27:23.343;48.8529;2.49905;49.0437;1.94974;48.6614;3.04836;10
21:27:23.360;48.8529;2.49219;49.0437;1.94287;48.6614;3.0415;10
21:27:23.375;48.8529;2.48807;49.0437;1.93875;48.6614;3.03738;10
21:27:23.409;48.8529;2.49081;49.0437;1.9415;48.6614;3.04012;10
21:27:23.425;48.8538;2.49631;49.0446;1.94699;48.6623;3.04562;10
21:27:23.443;48.8556;2.50866;49.0464;1.95935;48.6642;3.05798;10
21:27:23.460;48.8601;2.52377;49.0509;1.97445;48.6687;3.07308;10
21:27:23.477;48.8619;2.53064;49.0527;1.98132;48.6705;3.07995;10
21:27:23.491;48.8638;2.53338;49.0545;1.98407;48.6723;3.0827;10
21:27:23.544;48.8647;2.53338;49.0554;1.98407;48.6732;3.0827;10
21:27:23.592;48.8647;2.53201;49.0554;1.98269;48.6732;3.08132;10
21:27:23.679;48.8656;2.53064;49.0563;1.98132;48.6741;3.07995;10
21:27:23.679;48.8674;2.52789;49.0581;1.97857;48.6759;3.0772;10
21:27:23.679;48.8692;2.52514;49.0599;1.97583;48.6778;3.07446;10
21:27:23.679;48.8692;2.5224;49.0599;1.97308;48.6778;3.07171;10
21:27:23.679;48.8701;2.5224;49.0608;1.97308;48.6787;3.07171;10
21:27:23.924;48.8701;2.5169;49.0608;1.96759;48.6787;3.06622;10
21:27:23.976;48.8701;2.51416;49.0608;1.96484;48.6787;3.06347;10
21:27:23.976;48.8701;2.50866;49.0608;1.95935;48.6787;3.05798;10
21:27:23.976;48.8701;2.50729;49.0608;1.95798;48.6787;3.0566;10
21:27:23.992;48.8701;2.50592;49.0608;1.9566;48.6787;3.05523;10
21:27:24.010;48.8692;2.50454;49.0599;1.95523;48.6778;3.05386;10
21:27:24.027;48.8674;2.50454;49.0581;1.95523;48.6759;3.05386;10
21:27:24.077;48.8665;2.50317;49.0572;1.95386;48.675;3.05248;10
21:27:24.077;48.8656;2.50317;49.0563;1.95386;48.6741;3.05248;10
21:27:24.077;48.8647;2.50317;49.0554;1.95386;48.6732;3.05248;10
21:27:24.092;48.8638;2.50317;49.0545;1.95386;48.6723;3.05248;10
21:27:24.110;48.8629;2.50317;49.0536;1.95386;48.6714;3.05248;10
21:27:24.125;48.8619;2.50317;49.0527;1.95386;48.6705;3.05248;10
21:27:24.695;48.8619;2.50317;48.9574;2.22851;48.7663;2.77782;11
21:27:24.695;48.8619;2.50317;48.9574;2.22851;48.7663;2.77782;11
21:27:25.649;48.8619;2.50317;49.0527;1.95386;48.6705;3.05248;10
21:27:25.650;48.8619;2.50317;49.0527;1.95386;48.6705;3.05248;10
21:27:28.426;48.953;4.34456;49.1434;3.79524;48.7619;4.89387;10
21:27:28.426;48.953;4.34456;48.956;4.33597;48.95;4.35313;16
21:27:28.427;48.953;4.34456;48.956;4.33597;48.95;4.35313;16
21:27:28.427;48.953;4.34456;48.956;4.33597;48.95;4.35313;16
21:27:29.455;48.953;4.34447;48.956;4.33589;48.95;4.35305;16
21:27:29.492;48.953;4.34441;48.956;4.33582;48.95;4.35298;16
21:27:29.492;48.953;4.3443;48.956;4.33572;48.95;4.35288;16
21:27:29.507;48.953;4.34413;48.956;4.33554;48.95;4.3527;16
21:27:29.525;48.953;4.34396;48.956;4.33537;48.95;4.35253;16
21:27:29.575;48.953;4.34383;48.956;4.33524;48.95;4.3524;16
21:27:29.575;48.953;4.34374;48.9559;4.33516;48.95;4.35232;16
21:27:29.575;48.9529;4.34366;48.9559;4.33507;48.95;4.35223;16
21:27:29.591;48.9529;4.34357;48.9559;4.33499;48.9499;4.35215;16
21:27:29.606;48.9529;4.34353;48.9558;4.33494;48.9499;4.3521;16
21:27:29.624;48.9528;4.3435;48.9558;4.33492;48.9499;4.35208;16
21:27:29.640;48.9528;4.3435;48.9558;4.33492;48.9498;4.35208;16
21:27:29.658;48.9528;4.34348;48.9558;4.3349;48.9498;4.35206;16
21:27:29.675;48.9528;4.34348;48.9557;4.3349;48.9498;4.35206;16
21:27:29.808;48.9528;4.34348;48.9557;4.3349;48.9498;4.35206;16
21:27:29.836;48.9527;4.34348;48.9557;4.3349;48.9498;4.35206;16
21:27:29.863;48.9527;4.34348;48.9557;4.3349;48.9497;4.35206;16
21:27:29.907;48.9527;4.34353;48.9557;4.33494;48.9497;4.3521;16
21:27:29.945;48.9527;4.34357;48.9557;4.33499;48.9497;4.35215;16
21:27:29.958;48.9527;4.3437;48.9557;4.33511;48.9497;4.35228;16
21:27:29.958;48.9527;4.34381;48.9557;4.33522;48.9497;4.35238;16
21:27:29.977;48.9528;4.34402;48.9557;4.33544;48.9498;4.3526;16
21:27:29.993;48.9528;4.34426;48.9558;4.33567;48.9498;4.35283;16
21:27:30.044;48.9529;4.34453;48.9558;4.33595;48.9499;4.35311;16
21:27:30.044;48.9529;4.34471;48.9559;4.33612;48.95;4.35328;16
21:27:30.044;48.953;4.34475;48.9559;4.33617;48.95;4.35333;16
21:27:30.058;48.953;4.34479;48.956;4.33621;48.95;4.35337;16
21:27:30.075;48.953;4.34484;48.956;4.33625;48.95;4.35341;16
21:27:30.093;48.953;4.34488;48.956;4.3363;48.9501;4.35346;16
21:27:30.108;48.9531;4.34492;48.9561;4.33634;48.9501;4.3535;16
21:27:30.126;48.9531;4.34496;48.9561;4.33638;48.9501;4.35354;16
21:27:30.141;48.9532;4.34499;48.9562;4.3364;48.9502;4.35356;16
21:27:30.158;48.9533;4.34503;48.9563;4.33645;48.9503;4.35361;16
21:27:30.175;48.9534;4.34505;48.9563;4.33647;48.9504;4.35363;16
21:27:30.190;48.9535;4.34511;48.9565;4.33653;48.9505;4.35369;16
21:27:30.209;48.9535;4.34516;48.9565;4.33657;48.9506;4.35373;16
21:27:30.225;48.9537;4.3452;48.9566;4.33662;48.9507;4.35378;16
21:27:30.242;48.9538;4.34524;48.9567;4.33666;48.9508;4.35382;16
21:27:30.260;48.9539;4.34526;48.9568;4.33668;48.9509;4.35384;16
21:27:30.277;48.9539;4.34526;48.9569;4.33668;48.951;4.35384;16
21:27:30.291;48.954;4.34526;48.957;4.33668;48.951;4.35384;16
21:27:30.307;48.954;4.34526;48.957;4.33668;48.951;4.35384;16
21:27:30.325;48.954;4.34526;48.957;4.33668;48.951;4.35384;16
21:27:30.443;48.954;4.34522;48.957;4.33664;48.951;4.3538;16
21:27:30.512;48.9539;4.34522;48.9569;4.33664;48.951;4.3538;16
21:27:30.512;48.9539;4.34522;48.9569;4.33664;48.9509;4.3538;16
21:27:30.512;48.9538;4.34522;48.9568;4.33664;48.9509;4.3538;16
21:27:30.512;48.9537;4.34522;48.9567;4.33664;48.9508;4.3538;16
21:27:30.529;48.9536;4.34522;48.9566;4.33664;48.9506;4.3538;16
21:27:30.562;48.9535;4.34522;48.9565;4.33664;48.9505;4.3538;16
21:27:30.562;48.9534;4.34522;48.9564;4.33664;48.9504;4.3538;16
21:27:30.577;48.9534;4.34524;48.9563;4.33666;48.9504;4.35382;16
21:27:30.595;48.9533;4.34524;48.9563;4.33666;48.9503;4.35382;16
21:27:30.614;48.9533;4.34526;48.9562;4.33668;48.9503;4.35384;16
21:27:30.629;48.9532;4.34529;48.9562;4.3367;48.9502;4.35386;16
21:27:30.643;48.9532;4.34531;48.9562;4.33672;48.9502;4.35389;16
21:27:30.661;48.9532;4.34531;48.9561;4.33672;48.9502;4.35389;16
21:27:30.677;48.9531;4.34531;48.9561;4.33672;48.9502;4.35389;16
21:27:30.694;48.9531;4.34531;48.9561;4.33672;48.9501;4.35389;16
21:27:30.729;48.9531;4.34531;48.9561;4.33672;48.9501;4.35389;16
21:27:30.745;48.9531;4.34529;48.9561;4.3367;48.9501;4.35386;16
21:27:30.762;48.9531;4.34524;48.9561;4.33666;48.9501;4.35382;16
21:27:30.779;48.953;4.34514;48.956;4.33655;48.9501;4.35371;16
21:27:30.795;48.953;4.34499;48.956;4.3364;48.95;4.35356;16
21:27:30.812;48.953;4.34481;48.956;4.33623;48.95;4.35339;16
21:27:30.827;48.953;4.34464;48.9559;4.33606;48.95;4.35322;16
21:27:30.843;48.9529;4.34445;48.9559;4.33587;48.95;4.35303;16
21:27:30.861;48.9529;4.34423;48.9559;4.33565;48.9499;4.35281;16
21:27:30.878;48.9529;4.34404;48.9558;4.33546;48.9499;4.35262;16
21:27:30.894;48.9529;4.34389;48.9558;4.33531;48.9499;4.35247;16
21:27:30.910;48.9528;4.34378;48.9558;4.3352;48.9498;4.35236;16
21:27:30.927;48.9528;4.3437;48.9558;4.33511;48.9498;4.35228;16
21:27:30.943;48.9528;4.34363;48.9558;4.33505;48.9498;4.35221;16
21:27:30.959;48.9528;4.34359;48.9558;4.33501;48.9498;4.35217;16
21:27:30.976;48.9528;4.34357;48.9558;4.33499;48.9498;4.35215;16
21:27:30.991;48.9528;4.34355;48.9558;4.33496;48.9498;4.35213;16
21:27:31.128;48.9528;4.34346;48.9558;4.33488;48.9499;4.35204;16
21:27:31.197;48.9529;4.34338;48.9558;4.33479;48.9499;4.35195;16
21:27:31.198;48.9529;4.34327;48.9559;4.33469;48.9499;4.35185;16
21:27:31.198;48.9529;4.34316;48.9559;4.33458;48.9499;4.35174;16
21:27:31.198;48.9529;4.34308;48.9559;4.33449;48.95;4.35165;16
21:27:31.212;48.953;4.34303;48.9559;4.33445;48.95;4.35161;16
21:27:31.247;48.953;4.34299;48.9559;4.33441;48.95;4.35157;16
21:27:31.247;48.953;4.34299;48.956;4.33441;48.95;4.35157;16
21:27:31.280;48.953;4.34297;48.956;4.33439;48.95;4.35155;16
21:27:31.330;48.953;4.34297;48.956;4.33439;48.95;4.35155;16
21:27:31.345;48.953;4.34297;48.956;4.33439;48.9501;4.35155;16
21:27:31.363;48.953;4.34297;48.956;4.33439;48.9501;4.35155;16
21:27:31.378;48.9531;4.34297;48.9561;4.33439;48.9501;4.35155;16
21:27:31.398;48.9531;4.34297;48.9561;4.33439;48.9501;4.35155;16
21:27:31.413;48.9532;4.34297;48.9562;4.33439;48.9502;4.35155;16
21:27:31.430;48.9532;4.34299;48.9562;4.33441;48.9502;4.35157;16
21:27:31.447;48.9533;4.34301;48.9562;4.33443;48.9503;4.35159;16
21:27:31.464;48.9533;4.34303;48.9563;4.33445;48.9503;4.35161;16
21:27:31.479;48.9533;4.34305;48.9563;4.33447;48.9503;4.35163;16
21:27:31.496;48.9534;4.3431;48.9563;4.33451;48.9504;4.35167;16
21:27:31.513;48.9534;4.34318;48.9564;4.3346;48.9504;4.35176;16
21:27:31.530;48.9534;4.34323;48.9564;4.33464;48.9504;4.3518;16
21:27:31.548;48.9534;4.34327;48.9564;4.33469;48.9504;4.35185;16
21:27:31.563;48.9534;4.34331;48.9564;4.33473;48.9505;4.35189;16
21:27:31.580;48.9534;4.34335;48.9564;4.33477;48.9505;4.35193;16
21:27:31.596;48.9535;4.34344;48.9564;4.33486;48.9505;4.35202;16
21:27:31.615;48.9535;4.34348;48.9565;4.3349;48.9505;4.35206;16
21:27:31.629;48.9535;4.34355;48.9565;4.33496;48.9505;4.35213;16
21:27:31.647;48.9535;4.34359;48.9565;4.33501;48.9505;4.35217;16
21:27:31.663;48.9535;4.34368;48.9565;4.33509;48.9505;4.35225;16
21:27:31.679;48.9535;4.34376;48.9565;4.33518;48.9505;4.35234;16
21:27:31.698;48.9535;4.34381;48.9565;4.33522;48.9505;4.35238;16
21:27:31.714;48.9535;4.34383;48.9565;4.33524;48.9505;4.3524;16
21:27:35.639;48.9534;4.34376;48.9564;4.33518;48.9505;4.35234;16
21:27:35.678;48.9534;4.34359;48.9564;4.33501;48.9504;4.35217;16
21:27:35.679;48.9534;4.34329;48.9563;4.33471;48.9504;4.35187;16
21:27:35.682;48.9533;4.34288;48.9563;4.3343;48.9504;4.35146;16
21:27:35.710;48.9533;4.34252;48.9563;4.33393;48.9503;4.3511;16
21:27:35.723;48.9533;4.34217;48.9563;4.33359;48.9503;4.35075;16
21:27:35.761;48.9533;4.34194;48.9563;4.33336;48.9503;4.35052;16
21:27:35.761;48.9533;4.34179;48.9562;4.33321;48.9503;4.35037;16
21:27:35.775;48.9532;4.34172;48.9562;4.33314;48.9503;4.3503;16
21:27:35.791;48.9532;4.34172;48.9562;4.33314;48.9502;4.3503;16
21:27:35.806;48.9532;4.34172;48.9562;4.33314;48.9502;4.3503;16
21:27:35.823;48.9531;4.34172;48.9561;4.33314;48.9501;4.3503;16
21:27:35.840;48.953;4.34177;48.956;4.33318;48.9501;4.35034;16
21:27:35.857;48.9529;4.34185;48.9559;4.33327;48.95;4.35043;16
21:27:35.875;48.9529;4.34192;48.9558;4.33333;48.9499;4.35049;16
21:27:35.890;48.9528;4.34196;48.9558;4.33338;48.9498;4.35054;16
21:27:35.905;48.9528;4.34196;48.9558;4.33338;48.9498;4.35054;16
21:27:35.925;48.9528;4.34198;48.9558;4.3334;48.9498;4.35056;16
21:27:35.942;48.9528;4.342;48.9557;4.33342;48.9498;4.35058;16
21:27:35.959;48.9527;4.342;48.9557;4.33342;48.9497;4.35058;16
21:27:35.989;48.9527;4.342;48.9557;4.33342;48.9497;4.35058;16
21:27:36.055;48.9527;4.342;48.9557;4.33342;48.9497;4.35058;16
21:27:36.124;48.9527;4.34202;48.9557;4.33344;48.9497;4.3506;16
21:27:36.194;48.9527;4.3422;48.9557;4.33361;48.9497;4.35077;16
21:27:36.194;48.9527;4.34247;48.9557;4.33389;48.9497;4.35105;16
21:27:36.194;48.9528;4.34288;48.9557;4.3343;48.9498;4.35146;16
21:27:36.195;48.9529;4.34335;48.9558;4.33477;48.9499;4.35193;16
21:27:36.210;48.953;4.34383;48.956;4.33524;48.95;4.3524;16
21:27:36.226;48.953;4.34406;48.956;4.33548;48.9501;4.35264;16
21:27:36.259;48.9532;4.34436;48.9562;4.33578;48.9502;4.35294;16
21:27:36.259;48.9533;4.34464;48.9563;4.33606;48.9503;4.35322;16
21:27:36.278;48.9534;4.34486;48.9564;4.33627;48.9504;4.35343;16
21:27:36.292;48.9534;4.34496;48.9564;4.33638;48.9505;4.35354;16
21:27:36.311;48.9535;4.34505;48.9565;4.33647;48.9506;4.35363;16
21:27:36.326;48.9536;4.34511;48.9566;4.33653;48.9506;4.35369;16
21:27:36.345;48.9537;4.34516;48.9566;4.33657;48.9507;4.35373;16
21:27:36.360;48.9537;4.34522;48.9567;4.33664;48.9507;4.3538;16
21:27:36.377;48.9537;4.34524;48.9567;4.33666;48.9508;4.35382;16
21:27:36.394;48.9538;4.34524;48.9567;4.33666;48.9508;4.35382;16
21:27:36.424;48.9538;4.3452;48.9567;4.33662;48.9508;4.35378;16
21:27:36.462;48.9538;4.34499;48.9567;4.3364;48.9508;4.35356;16
21:27:36.462;48.9537;4.34451;48.9567;4.33593;48.9507;4.35309;16
21:27:36.477;48.9536;4.34357;48.9566;4.33499;48.9506;4.35215;16
21:27:36.494;48.9534;4.34228;48.9564;4.3337;48.9505;4.35086;16
21:27:36.510;48.9532;4.34057;48.9562;4.33198;48.9502;4.34914;16
21:27:36.526;48.953;4.33928;48.956;4.33069;48.95;4.34786;16
21:27:36.544;48.9529;4.33848;48.9558;4.3299;48.9499;4.34706;16
21:27:36.560;48.9528;4.33775;48.9557;4.32917;48.9498;4.34633;16
21:27:36.576;48.9528;4.3376;48.9557;4.32902;48.9498;4.34618;16
21:27:36.610;48.9528;4.33767;48.9557;4.32909;48.9498;4.34625;16
21:27:36.925;48.9528;4.33765;48.9557;4.32906;48.9498;4.34622;16
21:27:36.965;48.9527;4.3373;48.9557;4.32872;48.9498;4.34588;16
21:27:36.965;48.9527;4.3367;48.9557;4.32812;48.9497;4.34528;16
21:27:36.978;48.9526;4.33597;48.9556;4.32739;48.9497;4.34455;16
21:27:36.994;48.9526;4.33535;48.9556;4.32677;48.9496;4.34393;16
21:27:37.039;48.9525;4.33486;48.9555;4.32627;48.9496;4.34344;16
21:27:37.040;48.9525;4.33443;48.9555;4.32585;48.9496;4.34301;16
21:27:37.040;48.9525;4.33417;48.9555;4.32559;48.9496;4.34275;16
21:27:37.059;48.9525;4.33413;48.9555;4.32554;48.9496;4.34271;16
21:27:37.376;48.9525;4.33415;48.9555;4.32557;48.9495;4.34273;16
21:27:37.413;48.9525;4.33424;48.9555;4.32565;48.9495;4.34281;16
21:27:37.414;48.9525;4.33449;48.9555;4.32591;48.9495;4.34307;16
21:27:37.428;48.9525;4.33492;48.9555;4.32634;48.9495;4.3435;16
21:27:37.445;48.9525;4.33552;48.9555;4.32694;48.9495;4.3441;16
21:27:37.496;48.9525;4.33619;48.9555;4.3276;48.9495;4.34477;16
21:27:37.496;48.9525;4.33681;48.9555;4.32823;48.9496;4.34539;16
21:27:37.496;48.9525;4.33724;48.9555;4.32866;48.9496;4.34582;16
21:27:37.512;48.9525;4.33754;48.9555;4.32896;48.9496;4.34612;16
21:27:37.528;48.9525;4.33758;48.9555;4.329;48.9496;4.34616;16
21:27:37.761;48.9526;4.3378;48.9555;4.32921;48.9496;4.34637;16
21:27:37.800;48.9526;4.33829;48.9556;4.32971;48.9496;4.34687;16
21:27:37.800;48.9527;4.33885;48.9556;4.33027;48.9497;4.34743;16
21:27:37.813;48.9527;4.33958;48.9557;4.331;48.9497;4.34816;16
21:27:37.831;48.9528;4.3402;48.9558;4.33162;48.9498;4.34878;16
21:27:37.848;48.9528;4.34069;48.9558;4.33211;48.9498;4.34927;16
21:27:37.897;48.9529;4.34095;48.9558;4.33237;48.9499;4.34953;16
21:27:37.897;48.9529;4.34104;48.9558;4.33245;48.9499;4.34961;16
21:27:37.897;48.9529;4.34108;48.9558;4.3325;48.9499;4.34966;16
21:27:37.915;48.9529;4.34112;48.9558;4.33254;48.9499;4.3497;16
21:27:38.927;48.9529;4.34112;48.9588;4.32396;48.9469;4.35828;15
21:27:38.927;48.9529;4.34112;48.9588;4.32396;48.9469;4.35828;15
21:27:39.077;48.9529;4.34112;48.9648;4.30679;48.9409;4.37545;14
21:27:39.077;48.9529;4.34112;48.9648;4.30679;48.9409;4.37545;14
21:27:39.226;48.9529;4.34112;48.9767;4.27246;48.929;4.40978;13
21:27:39.226;48.9529;4.34112;48.9767;4.27246;48.929;4.40978;13
21:27:39.858;48.9529;4.34112;49.0005;4.20379;48.9052;4.47845;12
21:27:39.859;48.9529;4.34112;49.0005;4.20379;48.9052;4.47845;12
21:27:40.009;48.9529;4.34112;49.0481;4.06646;48.8574;4.61578;11
21:27:40.009;48.9529;4.34112;49.0481;4.06646;48.8574;4.61578;11
21:27:40.612;48.9529;4.34112;49.1432;3.79181;48.7618;4.89043;10
21:27:40.612;48.9529;4.34112;49.1432;3.79181;48.7618;4.89043;10
21:27:40.987;48.9493;4.34112;49.1396;3.79181;48.7582;4.89043;10
21:27:41.026;48.9448;4.3425;49.1352;3.79318;48.7536;4.89181;10
21:27:41.026;48.9384;4.3425;49.1289;3.79318;48.7473;4.89181;10
21:27:41.040;48.9312;4.3425;49.1217;3.79318;48.7401;4.89181;10
21:27:41.058;48.9249;4.3425;49.1154;3.79318;48.7337;4.89181;10
21:27:41.072;48.9213;4.3425;49.1118;3.79318;48.7301;4.89181;10
21:27:41.089;48.9195;4.3425;49.11;3.79318;48.7283;4.89181;10
21:27:41.128;48.9177;4.3425;49.1082;3.79318;48.7265;4.89181;10
21:27:41.128;48.9168;4.3425;49.1073;3.79318;48.7256;4.89181;10
21:27:41.420;48.9159;4.3425;49.1064;3.79318;48.7247;4.89181;10
21:27:41.459;48.9141;4.34112;49.1046;3.79181;48.7228;4.89043;10
21:27:41.459;48.9105;4.33975;49.101;3.79043;48.7192;4.88906;10
21:27:41.474;48.9069;4.33838;49.0974;3.78906;48.7156;4.88769;10
21:27:41.491;48.9023;4.33563;49.0929;3.78631;48.7111;4.88494;10
21:27:41.543;48.8987;4.33426;49.0893;3.78494;48.7074;4.88357;10
21:27:41.543;48.896;4.33426;49.0866;3.78494;48.7047;4.88357;10
21:27:41.543;48.8951;4.33426;49.0857;3.78494;48.7038;4.88357;10
21:27:41.557;48.8933;4.33426;49.0839;3.78494;48.702;4.88357;10
21:27:41.574;48.8924;4.33426;49.083;3.78494;48.7011;4.88357;10
21:27:41.606;48.8906;4.33426;49.0812;3.78494;48.6993;4.88357;10
21:27:41.638;48.8897;4.33426;49.0803;3.78494;48.6984;4.88357;10
21:27:41.789;48.8915;4.33426;49.0821;3.78494;48.7002;4.88357;10
21:27:41.876;48.8933;4.33426;49.0839;3.78494;48.702;4.88357;10
21:27:41.876;48.8978;4.33426;49.0884;3.78494;48.7065;4.88357;10
21:27:41.876;48.9041;4.33426;49.0947;3.78494;48.7129;4.88357;10
21:27:41.877;48.9096;4.33426;49.1001;3.78494;48.7183;4.88357;10
21:27:41.877;48.9159;4.33426;49.1064;3.78494;48.7247;4.88357;10
21:27:41.894;48.9204;4.33426;49.1109;3.78494;48.7292;4.88357;10
21:27:41.909;48.924;4.33426;49.1145;3.78494;48.7328;4.88357;10
21:27:41.943;48.9258;4.33426;49.1163;3.78494;48.7346;4.88357;10
21:27:41.943;48.9267;4.33426;49.1172;3.78494;48.7355;4.88357;10
21:27:41.957;48.9276;4.33426;49.1181;3.78494;48.7364;4.88357;10
21:27:41.976;48.9285;4.33426;49.119;3.78494;48.7373;4.88357;10
21:27:41.995;48.9303;4.33426;49.1208;3.78494;48.7391;4.88357;10
21:27:42.010;48.9321;4.33426;49.1226;3.78494;48.741;4.88357;10
21:27:42.026;48.933;4.33426;49.1235;3.78494;48.7419;4.88357;10
21:27:42.044;48.9339;4.33426;49.1244;3.78494;48.7428;4.88357;10
21:27:42.058;48.9357;4.33426;49.1262;3.78494;48.7446;4.88357;10
21:27:42.074;48.9375;4.33563;49.128;3.78631;48.7464;4.88494;10
21:27:42.092;48.9384;4.33563;49.1289;3.78631;48.7473;4.88494;10
21:27:42.107;48.9393;4.33563;49.1298;3.78631;48.7482;4.88494;10
21:27:42.899;48.8685;2.39242;49.0592;1.84311;48.6771;2.94173;10
21:27:44.798;48.9402;4.33563;49.1307;3.78631;48.7491;4.88494;10
