12:18:40.411;48.8538;2.35897;49.0446;1.80965;48.6623;2.90828;10
12:18:40.412;48.852;2.3727;49.0428;1.82339;48.6605;2.92201;10
12:18:40.412;48.852;2.37682;49.0428;1.82751;48.6605;2.92613;10
12:18:40.412;48.852;2.37957;49.0428;1.83025;48.6605;2.92888;10
12:18:40.558;48.8511;2.38232;49.0419;1.833;48.6596;2.93163;10
12:18:40.558;48.8511;2.38781;49.0419;1.83849;48.6596;2.93712;10
12:18:40.662;48.852;2.38781;49.0428;1.83849;48.6605;2.93712;10
12:18:40.784;48.8529;2.38644;49.0437;1.83712;48.6614;2.93575;10
12:18:40.784;48.8529;2.38369;49.0437;1.83437;48.6614;2.933;10
12:18:40.784;48.8529;2.3782;49.0437;1.82888;48.6614;2.92751;10
12:18:40.784;48.8529;2.3727;49.0437;1.82339;48.6614;2.92201;10
12:18:40.784;48.8529;2.36721;49.0437;1.81789;48.6614;2.91652;10
12:18:40.784;48.8529;2.36446;49.0437;1.81515;48.6614;2.91377;10
12:27:22.297;48.8511;2.35485;49.0419;1.80553;48.6596;2.90416;10
12:27:22.447;48.8366;2.29305;49.0275;1.74374;48.6451;2.84236;10
12:27:22.447;48.8348;2.29305;49.0257;1.74374;48.6433;2.84236;10
12:27:22.447;48.8339;2.29305;49.0247;1.74374;48.6424;2.84236;10
12:27:22.447;48.8321;2.29305;49.0229;1.74374;48.6406;2.84236;10
12:27:23.213;48.8321;2.29305;48.9276;2.01839;48.7364;2.56771;11
12:27:23.213;48.8321;2.29305;48.9276;2.01839;48.7364;2.56771;11
12:27:23.408;48.8321;2.29305;48.8799;2.15572;48.7843;2.43038;12
12:27:23.408;48.8321;2.29305;48.8799;2.15572;48.7843;2.43038;12
12:27:23.526;48.8321;2.29305;48.856;2.22439;48.8082;2.36171;13
12:27:23.526;48.8321;2.29305;48.856;2.22439;48.8082;2.36171;13
12:27:24.086;48.8322;2.2934;48.8561;2.22473;48.8083;2.36206;13
12:27:24.086;48.8324;2.29408;48.8562;2.22542;48.8084;2.36274;13
12:27:24.087;48.8325;2.29494;48.8563;2.22628;48.8086;2.3636;13
12:27:24.087;48.8326;2.2958;48.8565;2.22713;48.8087;2.36446;13
12:27:24.087;48.8326;2.29631;48.8565;2.22765;48.8087;2.36497;13
12:27:24.087;48.8327;2.29717;48.8566;2.22851;48.8088;2.36583;13
12:27:24.282;48.8385;2.31812;48.8623;2.24945;48.8145;2.38677;13
12:27:24.282;48.84;2.32189;48.8639;2.25323;48.8161;2.39055;13
12:27:24.282;48.8423;2.32464;48.8662;2.25597;48.8184;2.3933;13
12:27:24.282;48.8434;2.32447;48.8673;2.2558;48.8195;2.39313;13
12:27:24.862;48.8437;2.32498;48.8675;2.25632;48.8198;2.39364;13
12:27:24.862;48.8442;2.32635;48.8681;2.25769;48.8203;2.39501;13
12:27:24.862;48.8448;2.32756;48.8687;2.25889;48.8209;2.39622;13
12:27:24.862;48.8457;2.32893;48.8696;2.26027;48.8218;2.39759;13
12:27:24.862;48.8471;2.3303;48.871;2.26164;48.8232;2.39896;13
12:27:24.862;48.8482;2.33133;48.8721;2.26267;48.8243;2.39999;13
12:27:24.977;48.8493;2.33202;48.8732;2.26336;48.8254;2.40068;13
12:27:26.056;48.8493;2.33202;48.8612;2.29769;48.8373;2.36635;14
12:27:26.057;48.8493;2.33202;48.8612;2.29769;48.8373;2.36635;14
12:27:26.423;48.8495;2.33202;48.8615;2.29769;48.8376;2.36635;14
12:27:26.597;48.8511;2.33202;48.863;2.29769;48.8391;2.36635;14
12:27:26.598;48.8514;2.33193;48.8634;2.2976;48.8395;2.36626;14
12:27:26.598;48.8517;2.33193;48.8637;2.2976;48.8398;2.36626;14
12:27:26.598;48.852;2.33176;48.8639;2.29743;48.8401;2.36609;14
12:27:26.598;48.8522;2.33168;48.8642;2.29734;48.8403;2.366;14
12:27:26.598;48.8525;2.3315;48.8644;2.29717;48.8405;2.36583;14
12:27:26.688;48.8526;2.33116;48.8646;2.29683;48.8407;2.36549;14
12:27:26.961;48.8526;2.33108;48.8645;2.29674;48.8406;2.3654;14
12:27:26.961;48.8525;2.33099;48.8644;2.29666;48.8405;2.36532;14
12:27:26.961;48.8523;2.3309;48.8643;2.29657;48.8404;2.36523;14
12:27:26.961;48.8521;2.33073;48.8641;2.2964;48.8402;2.36506;14
12:27:26.961;48.8519;2.33073;48.8638;2.2964;48.84;2.36506;14
12:27:26.961;48.8516;2.33073;48.8635;2.2964;48.8397;2.36506;14
12:27:26.962;48.8512;2.33108;48.8631;2.29674;48.8392;2.3654;14
12:27:26.962;48.8507;2.3315;48.8627;2.29717;48.8388;2.36583;14
12:27:26.962;48.8504;2.33168;48.8624;2.29734;48.8385;2.366;14
12:27:26.962;48.8501;2.33202;48.862;2.29769;48.8381;2.36635;14
12:27:26.962;48.8499;2.33219;48.8618;2.29786;48.8379;2.36652;14
12:27:26.962;48.8497;2.33236;48.8616;2.29803;48.8377;2.36669;14
12:27:27.188;48.849;2.33322;48.861;2.29889;48.8371;2.36755;14
12:27:27.188;48.8489;2.33339;48.8608;2.29906;48.837;2.36772;14
12:27:27.188;48.8488;2.33356;48.8608;2.29923;48.8369;2.36789;14
12:27:27.189;48.8488;2.33365;48.8608;2.29932;48.8369;2.36798;14
12:27:27.189;48.8488;2.33374;48.8607;2.2994;48.8368;2.36806;14
12:27:27.189;48.8487;2.33391;48.8607;2.29958;48.8368;2.36823;14
12:27:27.275;48.8487;2.33399;48.8606;2.29966;48.8367;2.36832;14
12:27:27.275;48.8487;2.33408;48.8606;2.29975;48.8367;2.36841;14
12:27:27.875;48.8486;2.33425;48.8606;2.29992;48.8367;2.36858;14
12:27:27.875;48.8485;2.33468;48.8605;2.30035;48.8366;2.36901;14
12:27:27.876;48.8484;2.33502;48.8603;2.30069;48.8364;2.36935;14
12:27:27.876;48.8483;2.33537;48.8602;2.30103;48.8363;2.36969;14
12:27:27.876;48.8482;2.33562;48.8601;2.30129;48.8362;2.36995;14
12:27:27.876;48.8481;2.33597;48.8601;2.30164;48.8362;2.37029;14
12:27:28.033;48.8473;2.33734;48.8593;2.30301;48.8354;2.37167;14
12:27:28.034;48.8468;2.3382;48.8587;2.30387;48.8349;2.37253;14
12:27:28.034;48.8466;2.33863;48.8585;2.3043;48.8346;2.37296;14
12:27:28.034;48.8464;2.33923;48.8583;2.3049;48.8344;2.37356;14
12:27:28.034;48.8461;2.33974;48.8581;2.30541;48.8342;2.37407;14
12:27:28.169;48.8459;2.34026;48.8578;2.30593;48.834;2.37459;14
12:27:28.433;48.8459;2.34043;48.8578;2.3061;48.834;2.37476;14
12:27:28.675;48.8455;2.34138;48.8575;2.30704;48.8336;2.3757;14
12:27:28.675;48.8452;2.34215;48.8571;2.30782;48.8332;2.37647;14
12:27:28.675;48.8448;2.34283;48.8567;2.3085;48.8328;2.37716;14
12:27:28.675;48.8445;2.34344;48.8564;2.3091;48.8326;2.37776;14
12:27:28.675;48.8442;2.34404;48.8562;2.3097;48.8323;2.37836;14
12:27:28.675;48.8436;2.34481;48.8555;2.31048;48.8316;2.37914;14
12:27:28.675;48.8435;2.34489;48.8554;2.31056;48.8315;2.37922;14
12:27:28.675;48.8434;2.34489;48.8554;2.31056;48.8315;2.37922;14
12:27:28.675;48.8433;2.34489;48.8553;2.31056;48.8314;2.37922;14
12:27:28.675;48.8433;2.34489;48.8552;2.31056;48.8313;2.37922;14
12:27:29.001;48.8433;2.3455;48.8552;2.31116;48.8313;2.37982;14
12:27:29.183;48.8433;2.34773;48.8552;2.31339;48.8313;2.38205;14
12:27:29.184;48.8432;2.34807;48.8551;2.31374;48.8312;2.3824;14
12:27:29.184;48.8431;2.34841;48.8551;2.31408;48.8312;2.38274;14
12:27:29.184;48.843;2.34876;48.855;2.31442;48.8311;2.38308;14
12:27:29.184;48.8428;2.34936;48.8547;2.31503;48.8308;2.38368;14
12:27:29.184;48.8426;2.34996;48.8545;2.31563;48.8306;2.38429;14
12:27:29.352;48.8399;2.35511;48.8519;2.32078;48.828;2.38944;14
12:27:29.352;48.8397;2.35545;48.8516;2.32112;48.8278;2.38978;14
12:27:29.352;48.8396;2.35562;48.8515;2.32129;48.8276;2.38995;14
12:27:29.352;48.8396;2.35571;48.8515;2.32138;48.8276;2.39004;14
12:27:29.751;48.8395;2.35562;48.8514;2.32129;48.8275;2.38995;14
12:27:29.859;48.8394;2.35545;48.8513;2.32112;48.8274;2.38978;14
12:27:29.992;48.8391;2.35502;48.851;2.32069;48.8271;2.38935;14
12:27:29.992;48.8388;2.35459;48.8507;2.32026;48.8268;2.38892;14
12:27:29.992;48.8383;2.35391;48.8503;2.31957;48.8264;2.38823;14
12:27:29.992;48.8379;2.35331;48.8499;2.31897;48.826;2.38763;14
12:27:29.992;48.837;2.35202;48.849;2.31769;48.8251;2.38635;14
12:27:29.992;48.8369;2.35185;48.8488;2.31751;48.8249;2.38617;14
12:27:29.992;48.8368;2.35176;48.8488;2.31743;48.8249;2.38609;14
12:27:29.992;48.8367;2.35168;48.8487;2.31734;48.8247;2.386;14
12:27:29.992;48.8366;2.35168;48.8485;2.31734;48.8246;2.386;14
12:27:30.335;48.8367;2.35159;48.8487;2.31726;48.8247;2.38592;14
12:27:30.335;48.8368;2.3515;48.8487;2.31717;48.8248;2.38583;14
12:27:30.446;48.8368;2.35133;48.8487;2.317;48.8248;2.38566;14
12:27:30.446;48.8368;2.35116;48.8488;2.31683;48.8249;2.38549;14
12:27:30.446;48.8369;2.35099;48.8488;2.31666;48.8249;2.38532;14
12:27:30.446;48.8369;2.35082;48.8489;2.31648;48.825;2.38514;14
12:27:30.612;48.837;2.35065;48.8489;2.31631;48.825;2.38497;14
12:27:30.612;48.837;2.35047;48.849;2.31614;48.8251;2.3848;14
12:27:30.612;48.8372;2.34927;48.8492;2.31494;48.8253;2.3836;14
12:27:30.612;48.8373;2.34919;48.8492;2.31485;48.8253;2.38351;14
12:27:30.612;48.8373;2.3491;48.8492;2.31477;48.8253;2.38343;14
12:27:30.738;48.8373;2.34901;48.8493;2.31468;48.8254;2.38334;14
12:27:30.739;48.8374;2.34884;48.8493;2.31451;48.8254;2.38317;14
12:27:30.739;48.8374;2.34867;48.8494;2.31434;48.8255;2.383;14
12:27:30.739;48.8376;2.34841;48.8495;2.31408;48.8256;2.38274;14
12:27:30.739;48.8378;2.34764;48.8497;2.31331;48.8258;2.38197;14
12:27:30.739;48.8378;2.34756;48.8498;2.31322;48.8259;2.38188;14
12:27:30.739;48.8378;2.34747;48.8498;2.31314;48.8259;2.3818;14
12:27:30.739;48.8378;2.34738;48.8498;2.31305;48.8259;2.38171;14
12:27:30.873;48.8379;2.34738;48.8498;2.31305;48.8259;2.38171;14
12:27:30.924;48.8379;2.34721;48.8498;2.31288;48.8259;2.38154;14
12:27:31.052;48.8379;2.34713;48.8498;2.31279;48.8259;2.38145;14
12:27:31.052;48.8379;2.34704;48.8498;2.31271;48.8259;2.38137;14
12:27:31.052;48.8379;2.34695;48.8498;2.31262;48.8259;2.38128;14
12:27:31.273;48.8379;2.34687;48.8498;2.31254;48.8259;2.3812;14
12:27:31.359;48.8379;2.3467;48.8498;2.31236;48.8259;2.38102;14
12:27:31.623;48.8379;2.34653;48.8499;2.31219;48.826;2.38085;14
12:27:31.623;48.8379;2.34644;48.8499;2.31211;48.826;2.38077;14
12:27:32.977;48.8379;2.34635;48.8499;2.31202;48.826;2.38068;14
12:27:33.099;48.8379;2.34618;48.8499;2.31185;48.826;2.38051;14
12:27:33.099;48.8379;2.34575;48.8498;2.31142;48.8259;2.38008;14
12:27:33.251;48.8378;2.34541;48.8498;2.31108;48.8259;2.37974;14
12:27:33.251;48.8378;2.34507;48.8498;2.31073;48.8259;2.37939;14
12:27:33.251;48.8378;2.34438;48.8497;2.31005;48.8258;2.37871;14
12:27:33.251;48.8378;2.34421;48.8497;2.30988;48.8258;2.37853;14
12:27:33.251;48.8378;2.34404;48.8497;2.3097;48.8258;2.37836;14
12:27:33.251;48.8378;2.34386;48.8497;2.30953;48.8258;2.37819;14
12:27:33.251;48.8378;2.34369;48.8497;2.30936;48.8258;2.37802;14
12:27:33.251;48.8378;2.34352;48.8497;2.30919;48.8258;2.37785;14
12:27:33.251;48.8378;2.34335;48.8497;2.30902;48.8258;2.37768;14
12:27:33.354;48.8378;2.34318;48.8497;2.30885;48.8258;2.3775;14
12:27:35.172;48.8378;2.34301;48.8497;2.30867;48.8258;2.37733;14
12:27:35.172;48.8378;2.34258;48.8497;2.30824;48.8258;2.3769;14
12:27:35.172;48.8378;2.34189;48.8497;2.30756;48.8258;2.37622;14
12:27:35.173;48.8378;2.34129;48.8497;2.30696;48.8258;2.37562;14
12:27:35.173;48.8378;2.34052;48.8497;2.30618;48.8258;2.37484;14
12:27:35.173;48.8378;2.33992;48.8497;2.30558;48.8258;2.37424;14
12:27:35.290;48.8378;2.33837;48.8498;2.30404;48.8259;2.3727;14
12:27:35.735;48.8379;2.3382;48.8498;2.30387;48.8259;2.37253;14
12:27:35.735;48.8379;2.33811;48.8498;2.30378;48.8259;2.37244;14
12:27:35.736;48.8379;2.33803;48.8499;2.3037;48.826;2.37235;14
12:27:35.904;48.8379;2.33786;48.8499;2.30352;48.826;2.37218;14
12:27:35.904;48.838;2.33777;48.8499;2.30344;48.826;2.3721;14
12:27:35.904;48.838;2.3376;48.8499;2.30327;48.826;2.37193;14
12:27:35.905;48.8381;2.3364;48.8501;2.30206;48.8262;2.37072;14
12:27:35.905;48.8381;2.33605;48.8501;2.30172;48.8262;2.37038;14
12:27:35.905;48.8381;2.33571;48.8501;2.30138;48.8262;2.37004;14
12:27:35.905;48.8381;2.33545;48.8501;2.30112;48.8262;2.36978;14
12:27:35.905;48.8381;2.33537;48.8501;2.30103;48.8262;2.36969;14
12:27:35.905;48.8381;2.3352;48.8501;2.30086;48.8262;2.36952;14
12:27:36.045;48.8381;2.33425;48.8501;2.29992;48.8262;2.36858;14
12:27:36.045;48.8381;2.33417;48.8501;2.29983;48.8262;2.36849;14
12:27:36.045;48.8381;2.33408;48.8501;2.29975;48.8262;2.36841;14
12:27:36.046;48.8381;2.33391;48.8501;2.29958;48.8262;2.36823;14
12:27:36.212;48.8381;2.33382;48.8501;2.29949;48.8262;2.36815;14
12:27:36.212;48.8381;2.33365;48.8501;2.29932;48.8262;2.36798;14
12:27:36.212;48.8381;2.33348;48.8501;2.29915;48.8262;2.36781;14
12:27:36.332;48.8381;2.33339;48.8501;2.29906;48.8262;2.36772;14
12:27:36.333;48.8382;2.33305;48.8501;2.29872;48.8262;2.36738;14
12:27:36.333;48.8382;2.33296;48.8502;2.29863;48.8263;2.36729;14
12:27:36.384;48.8383;2.33245;48.8502;2.29812;48.8263;2.36678;14
12:27:36.535;48.8383;2.33236;48.8502;2.29803;48.8263;2.36669;14
12:27:36.625;48.8383;2.33228;48.8503;2.29795;48.8264;2.3666;14
12:27:36.664;48.8383;2.33219;48.8503;2.29786;48.8264;2.36652;14
12:27:36.731;48.8383;2.33211;48.8503;2.29777;48.8264;2.36643;14
12:27:36.832;48.8383;2.33193;48.8503;2.2976;48.8264;2.36626;14
12:27:36.832;48.8383;2.33185;48.8503;2.29752;48.8264;2.36618;14
12:27:36.832;48.8383;2.33176;48.8503;2.29743;48.8264;2.36609;14
12:27:36.879;48.8384;2.33168;48.8503;2.29734;48.8265;2.366;14
12:27:36.918;48.8384;2.33159;48.8503;2.29726;48.8265;2.36592;14
12:27:37.101;48.8384;2.3315;48.8503;2.29717;48.8265;2.36583;14
12:27:37.101;48.8384;2.33133;48.8503;2.297;48.8265;2.36566;14
12:27:37.101;48.8384;2.33125;48.8503;2.29692;48.8265;2.36557;14
12:27:37.101;48.8384;2.33116;48.8503;2.29683;48.8265;2.36549;14
12:27:37.102;48.8384;2.33108;48.8503;2.29674;48.8265;2.3654;14
12:27:37.102;48.8385;2.33099;48.8504;2.29666;48.8265;2.36532;14
12:27:37.102;48.8385;2.3309;48.8504;2.29657;48.8265;2.36523;14
12:27:37.102;48.8385;2.33082;48.8504;2.29649;48.8265;2.36515;14
12:27:37.170;48.8385;2.33073;48.8504;2.2964;48.8265;2.36506;14
12:27:37.225;48.8385;2.33073;48.8504;2.2964;48.8266;2.36506;14
12:27:37.225;48.8385;2.33065;48.8504;2.29631;48.8266;2.36497;14
12:27:37.398;48.8386;2.33065;48.8505;2.29631;48.8266;2.36497;14
12:27:37.399;48.8386;2.33056;48.8505;2.29623;48.8266;2.36489;14
12:27:37.399;48.8386;2.33056;48.8506;2.29623;48.8267;2.36489;14
12:27:37.399;48.8386;2.33047;48.8506;2.29614;48.8267;2.3648;14
12:27:37.399;48.8387;2.33047;48.8506;2.29614;48.8267;2.3648;14
12:27:37.399;48.8387;2.33039;48.8507;2.29606;48.8268;2.36472;14
12:27:37.400;48.8388;2.3303;48.8507;2.29597;48.8268;2.36463;14
12:27:37.400;48.8388;2.33022;48.8508;2.29589;48.8269;2.36454;14
12:27:37.400;48.8389;2.33013;48.8508;2.2958;48.827;2.36446;14
12:27:37.400;48.839;2.32996;48.851;2.29563;48.8271;2.36429;14
12:27:37.507;48.8392;2.32953;48.8512;2.2952;48.8273;2.36386;14
12:33:39.902;48.8396;2.32953;48.8515;2.2952;48.8276;2.36386;14
12:33:39.902;48.84;2.32953;48.8519;2.2952;48.828;2.36386;14
12:33:39.902;48.8404;2.32936;48.8524;2.29503;48.8285;2.36369;14
12:33:39.902;48.841;2.32902;48.8529;2.29468;48.829;2.36334;14
12:33:39.902;48.8415;2.32841;48.8535;2.29408;48.8296;2.36274;14
12:33:39.902;48.8422;2.32747;48.8542;2.29314;48.8303;2.3618;14
12:33:39.902;48.8429;2.32644;48.8548;2.29211;48.8309;2.36077;14
12:33:40.098;48.844;2.32464;48.856;2.29031;48.8321;2.35897;14
12:33:40.098;48.8447;2.32369;48.8566;2.28936;48.8327;2.35802;14
12:33:40.099;48.8453;2.32275;48.8573;2.28842;48.8334;2.35708;14
12:33:40.099;48.846;2.32189;48.8579;2.28756;48.834;2.35622;14
12:33:40.099;48.8464;2.32138;48.8583;2.28704;48.8344;2.3557;14
12:33:40.099;48.8465;2.32121;48.8584;2.28687;48.8345;2.35553;14
12:33:40.184;48.8465;2.32121;48.8585;2.28687;48.8346;2.35553;14
12:33:40.534;48.8466;2.32103;48.8585;2.2867;48.8346;2.35536;14
12:33:40.534;48.8466;2.32069;48.8586;2.28636;48.8347;2.35502;14
12:33:40.534;48.8467;2.32018;48.8587;2.28584;48.8348;2.3545;14
12:33:40.534;48.8469;2.31957;48.8588;2.28524;48.8349;2.3539;14
12:33:40.534;48.847;2.31889;48.8589;2.28456;48.835;2.35321;14
12:33:40.718;48.8486;2.31202;48.8606;2.27769;48.8367;2.34635;14
12:33:40.718;48.8489;2.31013;48.8608;2.2758;48.837;2.34446;14
12:33:40.718;48.8491;2.30824;48.8611;2.27391;48.8372;2.34257;14
12:33:40.718;48.8492;2.30696;48.8612;2.27262;48.8373;2.34128;14
12:33:40.718;48.8493;2.30601;48.8613;2.27168;48.8374;2.34034;14
12:33:40.718;48.8494;2.30515;48.8614;2.27082;48.8375;2.33948;14
12:33:40.803;48.8495;2.30455;48.8615;2.27022;48.8376;2.33888;14
12:33:41.233;48.8496;2.30473;48.8615;2.27039;48.8376;2.33905;14
12:33:41.233;48.8497;2.30455;48.8616;2.27022;48.8377;2.33888;14
12:33:41.233;48.8498;2.30447;48.8618;2.27014;48.8379;2.3388;14
12:33:41.233;48.85;2.3043;48.8619;2.26996;48.838;2.33862;14
12:33:41.233;48.8501;2.30395;48.862;2.26962;48.8381;2.33828;14
12:33:41.417;48.8509;2.30215;48.8628;2.26782;48.8389;2.33648;14
12:33:41.417;48.851;2.30198;48.8629;2.26765;48.8391;2.33631;14
12:33:41.417;48.851;2.30181;48.8629;2.26748;48.8391;2.33613;14
12:33:41.418;48.8511;2.30172;48.863;2.26739;48.8391;2.33605;14
12:33:41.418;48.8511;2.30155;48.863;2.26722;48.8391;2.33588;14
12:33:41.418;48.8511;2.30146;48.863;2.26713;48.8391;2.33579;14
12:33:41.912;48.8511;2.30129;48.863;2.26696;48.8391;2.33562;14
12:33:41.912;48.8511;2.30121;48.863;2.26687;48.8391;2.33553;14
12:33:41.912;48.8511;2.30112;48.863;2.26679;48.8391;2.33545;14
12:33:41.912;48.8511;2.30095;48.863;2.26662;48.8391;2.33528;14
12:33:41.913;48.8511;2.30078;48.863;2.26645;48.8391;2.3351;14
12:33:41.913;48.8511;2.30069;48.863;2.26636;48.8391;2.33502;14
12:33:41.913;48.8511;2.30052;48.863;2.26619;48.8391;2.33485;14
12:33:41.913;48.8511;2.30035;48.863;2.26602;48.8392;2.33468;14
12:33:41.913;48.8512;2.3;48.8631;2.26567;48.8392;2.33433;14
12:33:41.913;48.8513;2.29975;48.8632;2.26542;48.8393;2.33407;14
12:33:41.913;48.8514;2.29958;48.8633;2.26524;48.8394;2.3339;14
12:33:41.913;48.8516;2.29932;48.8635;2.26499;48.8396;2.33365;14
12:33:41.913;48.8518;2.29915;48.8637;2.26481;48.8398;2.33347;14
12:33:41.913;48.8519;2.29897;48.8638;2.26464;48.84;2.3333;14
12:33:41.914;48.852;2.2988;48.8639;2.26447;48.8401;2.33313;14
12:33:41.914;48.8521;2.29863;48.8641;2.2643;48.8402;2.33296;14
12:33:41.914;48.8522;2.29855;48.8641;2.26421;48.8402;2.33287;14
12:33:41.914;48.8523;2.29829;48.8642;2.26396;48.8404;2.33262;14
12:33:41.914;48.8523;2.29812;48.8643;2.26378;48.8404;2.33244;14
12:33:41.914;48.8523;2.29795;48.8643;2.26361;48.8404;2.33227;14
12:33:41.914;48.8523;2.29786;48.8643;2.26353;48.8404;2.33219;14
12:33:41.914;48.8524;2.29777;48.8643;2.26344;48.8405;2.3321;14
12:33:41.914;48.8524;2.2976;48.8643;2.26327;48.8405;2.33193;14
12:33:41.915;48.8524;2.29743;48.8643;2.2631;48.8405;2.33176;14
12:33:41.915;48.8524;2.29734;48.8643;2.26301;48.8405;2.33167;14
12:33:41.915;48.8524;2.29726;48.8643;2.26293;48.8405;2.33159;14
12:33:41.995;48.8525;2.297;48.8644;2.26267;48.8405;2.33133;14
12:33:44.171;48.8525;2.297;48.8645;2.26267;48.8406;2.33133;14
12:33:44.214;48.8526;2.297;48.8645;2.26267;48.8406;2.33133;14
12:33:44.313;48.8527;2.29692;48.8646;2.26258;48.8407;2.33124;14
12:33:44.454;48.8528;2.29683;48.8647;2.2625;48.8409;2.33116;14
12:33:44.455;48.8529;2.29666;48.8648;2.26233;48.841;2.33098;14
12:33:44.455;48.8535;2.2958;48.8655;2.26147;48.8416;2.33013;14
12:33:44.455;48.8536;2.29563;48.8655;2.2613;48.8416;2.32995;14
12:33:44.455;48.8536;2.29554;48.8656;2.26121;48.8417;2.32987;14
12:33:44.457;48.8537;2.29546;48.8656;2.26112;48.8418;2.32978;14
12:33:44.457;48.8538;2.29537;48.8657;2.26104;48.8418;2.3297;14
12:33:44.534;48.8538;2.29528;48.8658;2.26095;48.8419;2.32961;14
12:33:44.705;48.8539;2.29528;48.8659;2.26095;48.842;2.32961;14
12:33:44.750;48.854;2.29528;48.8659;2.26095;48.842;2.32961;14
12:33:44.822;48.854;2.29528;48.866;2.26095;48.8421;2.32961;14
12:33:44.892;48.8541;2.29528;48.866;2.26095;48.8422;2.32961;14
12:33:45.000;48.8541;2.29528;48.8661;2.26095;48.8422;2.32961;14
12:33:45.000;48.8543;2.29528;48.8662;2.26095;48.8423;2.32961;14
12:33:45.000;48.8544;2.29528;48.8664;2.26095;48.8425;2.32961;14
12:33:45.000;48.8545;2.29528;48.8665;2.26095;48.8426;2.32961;14
12:33:45.000;48.8546;2.29528;48.8666;2.26095;48.8427;2.32961;14
12:33:45.000;48.8547;2.29528;48.8667;2.26095;48.8428;2.32961;14
12:33:45.074;48.8548;2.29528;48.8668;2.26095;48.8429;2.32961;14
12:33:45.191;48.8549;2.29528;48.8668;2.26095;48.8429;2.32961;14
12:33:45.234;48.8549;2.2952;48.8669;2.26087;48.843;2.32953;14
12:33:45.304;48.8551;2.2952;48.867;2.26087;48.8431;2.32953;14
12:33:45.371;48.8552;2.2952;48.8671;2.26087;48.8432;2.32953;14
12:33:45.433;48.8552;2.2952;48.8672;2.26087;48.8433;2.32953;14
12:33:45.495;48.8553;2.2952;48.8672;2.26087;48.8433;2.32953;14
12:33:45.625;48.8553;2.2952;48.8673;2.26087;48.8434;2.32953;14
12:33:45.842;48.8553;2.29511;48.8673;2.26078;48.8434;2.32944;14
12:33:45.943;48.8553;2.29503;48.8673;2.26069;48.8434;2.32935;14
12:33:46.051;48.8553;2.29494;48.8673;2.26061;48.8434;2.32927;14
12:33:46.051;48.8553;2.29486;48.8673;2.26052;48.8434;2.32918;14
12:33:46.158;48.8553;2.29468;48.8673;2.26035;48.8434;2.32901;14
12:33:46.408;48.8553;2.2946;48.8673;2.26027;48.8434;2.32892;14
12:33:46.575;48.8553;2.29451;48.8673;2.26018;48.8434;2.32884;14
12:33:46.810;48.8553;2.29443;48.8673;2.26009;48.8434;2.32875;14
12:33:46.852;48.8553;2.29434;48.8673;2.26001;48.8434;2.32867;14
12:33:46.919;48.8553;2.29425;48.8673;2.25992;48.8434;2.32858;14
12:33:51.390;48.8554;2.29425;48.8673;2.25992;48.8434;2.32858;14
12:33:51.560;48.8554;2.29434;48.8674;2.26001;48.8435;2.32867;14
12:33:51.649;48.8555;2.29451;48.8675;2.26018;48.8436;2.32884;14
12:33:51.824;48.8555;2.2946;48.8675;2.26027;48.8436;2.32892;14
12:33:52.045;48.8556;2.2946;48.8675;2.26027;48.8436;2.32892;14
13:30:23.087;48.8556;2.29451;48.8675;2.26018;48.8436;2.32884;14
13:30:23.088;48.8556;2.29443;48.8675;2.26009;48.8436;2.32875;14
13:30:23.088;48.8556;2.29434;48.8675;2.26001;48.8436;2.32867;14
13:30:23.200;48.8556;2.29417;48.8675;2.25984;48.8436;2.3285;14
13:30:23.290;48.8556;2.29408;48.8675;2.25975;48.8436;2.32841;14
13:30:23.356;48.8556;2.294;48.8675;2.25966;48.8436;2.32832;14
13:30:23.437;48.8556;2.29383;48.8675;2.25949;48.8436;2.32815;14
13:30:23.437;48.8556;2.29374;48.8675;2.25941;48.8436;2.32807;14
13:30:23.481;48.8556;2.29365;48.8675;2.25932;48.8436;2.32798;14
13:30:23.571;48.8556;2.29357;48.8675;2.25924;48.8436;2.32789;14
13:30:23.664;48.8556;2.29357;48.8676;2.25924;48.8437;2.32789;14
13:30:33.038;48.8557;2.29365;48.8676;2.25932;48.8437;2.32798;14
13:30:33.039;48.8557;2.29391;48.8676;2.25958;48.8437;2.32824;14
13:30:33.039;48.8557;2.29425;48.8676;2.25992;48.8437;2.32858;14
13:30:33.203;48.8557;2.29451;48.8676;2.26018;48.8437;2.32884;14
13:30:33.203;48.8557;2.29468;48.8676;2.26035;48.8437;2.32901;14
13:30:33.203;48.8557;2.29486;48.8676;2.26052;48.8437;2.32918;14
13:30:33.203;48.8557;2.29537;48.8676;2.26104;48.8437;2.3297;14
13:30:33.203;48.8557;2.29546;48.8676;2.26112;48.8437;2.32978;14
13:30:33.254;48.8557;2.29554;48.8676;2.26121;48.8437;2.32987;14
13:30:33.371;48.8557;2.29571;48.8676;2.26138;48.8437;2.33004;14
13:30:33.506;48.8557;2.2958;48.8676;2.26147;48.8437;2.33013;14
13:30:33.580;48.8557;2.29589;48.8676;2.26155;48.8437;2.33021;14
13:30:33.580;48.8557;2.29597;48.8676;2.26164;48.8437;2.3303;14
13:30:33.580;48.8557;2.29614;48.8676;2.26181;48.8437;2.33047;14
13:30:33.708;48.8557;2.29623;48.8677;2.2619;48.8438;2.33056;14
13:30:33.708;48.8557;2.29631;48.8677;2.26198;48.8438;2.33064;14
13:30:33.708;48.8557;2.29649;48.8677;2.26215;48.8438;2.33081;14
13:30:33.808;48.8557;2.29666;48.8677;2.26233;48.8438;2.33098;14
13:30:33.808;48.8557;2.29674;48.8677;2.26241;48.8438;2.33107;14
13:30:33.808;48.8557;2.29692;48.8677;2.26258;48.8438;2.33124;14
13:30:33.808;48.8557;2.297;48.8677;2.26267;48.8438;2.33133;14
13:30:33.922;48.8557;2.29717;48.8677;2.26284;48.8438;2.3315;14
13:30:33.922;48.8557;2.29726;48.8677;2.26293;48.8438;2.33159;14
13:30:33.922;48.8557;2.29734;48.8677;2.26301;48.8438;2.33167;14
13:30:33.922;48.8557;2.29743;48.8677;2.2631;48.8438;2.33176;14
13:30:33.922;48.8557;2.29752;48.8677;2.26318;48.8438;2.33184;14
13:30:34.031;48.8557;2.2976;48.8677;2.26327;48.8438;2.33193;14
13:30:34.141;48.8557;2.29769;48.8677;2.26336;48.8438;2.33201;14
13:30:34.274;48.8557;2.29777;48.8677;2.26344;48.8438;2.3321;14
13:30:34.359;48.8557;2.29786;48.8677;2.26353;48.8438;2.33219;14
13:30:34.457;48.8557;2.29795;48.8677;2.26361;48.8438;2.33227;14
13:30:34.518;48.8557;2.29803;48.8677;2.2637;48.8438;2.33236;14
13:30:34.585;48.8557;2.29812;48.8677;2.26378;48.8438;2.33244;14
13:30:34.585;48.8557;2.29829;48.8677;2.26396;48.8438;2.33262;14
13:30:34.665;48.8557;2.29837;48.8677;2.26404;48.8438;2.3327;14
13:30:34.665;48.8557;2.29855;48.8677;2.26421;48.8438;2.33287;14
13:30:34.776;48.8557;2.29863;48.8677;2.2643;48.8438;2.33296;14
13:30:34.776;48.8557;2.29872;48.8677;2.26439;48.8438;2.33304;14
13:30:34.900;48.8557;2.2988;48.8677;2.26447;48.8438;2.33313;14
13:30:34.900;48.8557;2.29889;48.8677;2.26456;48.8438;2.33322;14
13:30:34.900;48.8557;2.29897;48.8677;2.26464;48.8438;2.3333;14
13:30:34.961;48.8557;2.29906;48.8677;2.26473;48.8438;2.33339;14
13:30:34.961;48.8557;2.29923;48.8677;2.2649;48.8438;2.33356;14
13:30:34.997;48.8557;2.29932;48.8677;2.26499;48.8438;2.33365;14
13:30:34.997;48.8557;2.2994;48.8677;2.26507;48.8438;2.33373;14
13:30:35.210;48.8557;2.29949;48.8677;2.26516;48.8438;2.33382;14
13:30:35.314;48.8557;2.29966;48.8677;2.26533;48.8438;2.33399;14
13:30:35.513;48.8557;2.29975;48.8677;2.26542;48.8438;2.33407;14
13:30:35.633;48.8557;2.29983;48.8677;2.2655;48.8438;2.33416;14
13:30:35.633;48.8557;2.29992;48.8677;2.26559;48.8438;2.33425;14
13:30:36.013;48.8557;2.3;48.8677;2.26567;48.8438;2.33433;14
13:30:36.013;48.8557;2.30009;48.8677;2.26576;48.8438;2.33442;14
13:30:36.013;48.8557;2.30018;48.8677;2.26584;48.8438;2.3345;14
13:30:36.013;48.8557;2.30035;48.8677;2.26602;48.8438;2.33468;14
13:30:36.013;48.8557;2.30043;48.8677;2.2661;48.8438;2.33476;14
13:30:36.014;48.8557;2.30061;48.8677;2.26627;48.8438;2.33493;14
13:30:36.014;48.8557;2.30069;48.8677;2.26636;48.8438;2.33502;14
13:30:36.014;48.8557;2.30086;48.8677;2.26653;48.8438;2.33519;14
13:30:36.014;48.8557;2.30095;48.8677;2.26662;48.8438;2.33528;14
13:30:36.014;48.8557;2.30129;48.8677;2.26696;48.8438;2.33562;14
13:30:36.014;48.8557;2.30138;48.8677;2.26705;48.8438;2.33571;14
13:30:36.014;48.8557;2.30146;48.8677;2.26713;48.8438;2.33579;14
13:30:36.014;48.8557;2.30155;48.8677;2.26722;48.8438;2.33588;14
13:30:36.014;48.8557;2.30164;48.8677;2.2673;48.8438;2.33596;14
13:30:36.015;48.8557;2.30181;48.8677;2.26748;48.8438;2.33613;14
13:30:36.015;48.8557;2.30189;48.8677;2.26756;48.8438;2.33622;14
13:30:36.016;48.8557;2.30198;48.8677;2.26765;48.8438;2.33631;14
13:30:39.035;48.8557;2.30232;48.8677;2.26799;48.8438;2.33665;14
13:30:39.035;48.8557;2.30267;48.8677;2.26833;48.8438;2.33699;14
13:30:39.035;48.8557;2.30284;48.8677;2.26851;48.8438;2.33716;14
13:30:39.241;48.8557;2.30378;48.8677;2.26945;48.8438;2.33811;14
13:30:39.242;48.8557;2.30404;48.8677;2.26971;48.8438;2.33837;14
13:30:39.242;48.8557;2.30438;48.8677;2.27005;48.8438;2.33871;14
13:30:39.242;48.8557;2.30473;48.8677;2.27039;48.8438;2.33905;14
13:30:39.242;48.8557;2.30507;48.8677;2.27074;48.8438;2.3394;14
13:30:39.242;48.8557;2.30524;48.8677;2.27091;48.8438;2.33957;14
13:30:39.242;48.8558;2.30558;48.8677;2.27125;48.8438;2.33991;14
13:30:39.407;48.8558;2.30704;48.8677;2.27271;48.8438;2.34137;14
13:30:39.407;48.8558;2.30721;48.8677;2.27288;48.8438;2.34154;14
13:30:39.407;48.8558;2.30764;48.8677;2.27331;48.8438;2.34197;14
13:30:39.408;48.8558;2.30799;48.8677;2.27365;48.8438;2.34231;14
13:30:39.408;48.8558;2.30816;48.8677;2.27383;48.8438;2.34249;14
13:30:39.408;48.8558;2.30824;48.8677;2.27391;48.8438;2.34257;14
13:30:39.543;48.8558;2.30876;48.8677;2.27443;48.8438;2.34309;14
13:30:39.543;48.8558;2.30885;48.8677;2.27451;48.8438;2.34317;14
13:30:39.543;48.8558;2.30893;48.8677;2.2746;48.8438;2.34326;14
13:30:39.543;48.8558;2.30902;48.8677;2.27468;48.8438;2.34334;14
13:30:39.676;48.8558;2.3091;48.8677;2.27477;48.8438;2.34343;14
13:30:39.676;48.8558;2.30919;48.8677;2.27486;48.8438;2.34352;14
13:30:39.676;48.8558;2.30927;48.8677;2.27494;48.8438;2.3436;14
13:30:39.676;48.8558;2.30936;48.8677;2.27503;48.8438;2.34369;14
13:30:40.094;48.8558;2.30953;48.8677;2.2752;48.8438;2.34386;14
13:30:40.248;48.8558;2.31091;48.8677;2.27657;48.8438;2.34523;14
13:30:40.249;48.8559;2.31151;48.8678;2.27717;48.8439;2.34583;14
13:30:40.249;48.8559;2.31219;48.8678;2.27786;48.8439;2.34652;14
13:30:40.249;48.8559;2.31279;48.8678;2.27846;48.8439;2.34712;14
13:30:40.249;48.8559;2.31339;48.8678;2.27906;48.8439;2.34772;14
13:30:40.249;48.8559;2.31374;48.8678;2.27941;48.8439;2.34806;14
13:30:40.314;48.8559;2.31408;48.8678;2.27975;48.8439;2.34841;14
13:30:40.314;48.8559;2.31434;48.8678;2.28001;48.8439;2.34867;14
13:30:40.314;48.8559;2.31442;48.8678;2.28009;48.8439;2.34875;14
13:30:40.831;48.8559;2.31451;48.8678;2.28018;48.8439;2.34884;14
13:30:40.831;48.8559;2.31477;48.8678;2.28044;48.8439;2.34909;14
13:30:40.831;48.8559;2.3152;48.8678;2.28086;48.8439;2.34952;14
13:30:40.832;48.8559;2.31563;48.8678;2.28129;48.8439;2.34995;14
13:30:40.832;48.8559;2.31623;48.8678;2.28189;48.8439;2.35055;14
13:30:40.832;48.8559;2.31666;48.8678;2.28232;48.8439;2.35098;14
13:30:40.984;48.8559;2.31786;48.8678;2.28353;48.8439;2.35218;14
13:30:40.984;48.8559;2.31803;48.8678;2.2837;48.8439;2.35236;14
13:30:40.984;48.8559;2.3182;48.8678;2.28387;48.8439;2.35253;14
13:30:40.987;48.8559;2.31837;48.8678;2.28404;48.8439;2.3527;14
13:30:40.987;48.8559;2.31872;48.8678;2.28438;48.8439;2.35304;14
13:30:40.987;48.8559;2.31889;48.8678;2.28456;48.8439;2.35321;14
13:30:41.049;48.8559;2.31897;48.8678;2.28464;48.8439;2.3533;14
13:30:42.001;48.8559;2.31906;48.8678;2.28473;48.8439;2.35339;14
13:30:42.001;48.8559;2.31923;48.8678;2.2849;48.8439;2.35356;14
13:30:42.001;48.8559;2.31957;48.8678;2.28524;48.8439;2.3539;14
13:30:42.001;48.8559;2.32035;48.8678;2.28601;48.8439;2.35467;14
13:30:42.001;48.8559;2.32155;48.8678;2.28722;48.844;2.35588;14
13:30:42.001;48.856;2.32318;48.8679;2.28885;48.844;2.35751;14
13:30:42.158;48.8561;2.32764;48.868;2.29331;48.8441;2.36197;14
13:30:42.158;48.8561;2.3291;48.868;2.29477;48.8441;2.36343;14
13:30:42.158;48.8561;2.3303;48.8681;2.29597;48.8442;2.36463;14
13:30:42.158;48.8561;2.33125;48.8681;2.29692;48.8442;2.36557;14
13:30:42.159;48.8561;2.33159;48.8681;2.29726;48.8442;2.36592;14
13:30:42.159;48.8561;2.33176;48.8681;2.29743;48.8442;2.36609;14
13:30:42.159;48.8561;2.33185;48.8681;2.29752;48.8442;2.36618;14
13:30:43.603;48.8562;2.33777;48.8682;2.30344;48.8443;2.3721;14
13:30:43.603;48.8563;2.33923;48.8682;2.3049;48.8444;2.37356;14
13:30:43.605;48.8563;2.34077;48.8682;2.30644;48.8444;2.3751;14
13:30:43.605;48.8563;2.34172;48.8682;2.30739;48.8444;2.37605;14
13:30:43.682;48.8563;2.34258;48.8682;2.30824;48.8444;2.3769;14
13:30:43.683;48.8563;2.34318;48.8682;2.30885;48.8444;2.3775;14
13:30:44.707;48.8563;2.34326;48.8682;2.30893;48.8444;2.37759;14
13:30:44.708;48.8563;2.34335;48.8682;2.30902;48.8444;2.37768;14
13:30:44.708;48.8563;2.34369;48.8682;2.30936;48.8444;2.37802;14
13:30:44.894;48.8564;2.34859;48.8684;2.31425;48.8445;2.38291;14
13:30:44.894;48.8564;2.35082;48.8684;2.31648;48.8445;2.38514;14
13:30:44.894;48.8564;2.35288;48.8684;2.31854;48.8445;2.3872;14
13:30:44.894;48.8564;2.35459;48.8684;2.32026;48.8445;2.38892;14
13:30:44.894;48.8564;2.35554;48.8684;2.32121;48.8445;2.38986;14
13:30:44.975;48.8564;2.35614;48.8684;2.32181;48.8445;2.39047;14
13:30:44.975;48.8564;2.35657;48.8684;2.32224;48.8445;2.39089;14
13:30:45.523;48.8565;2.35743;48.8685;2.32309;48.8446;2.39175;14
13:30:45.523;48.8566;2.35888;48.8686;2.32455;48.8447;2.39321;14
13:30:45.523;48.8567;2.36052;48.8686;2.32618;48.8447;2.39484;14
13:30:45.523;48.8568;2.36206;48.8687;2.32773;48.8448;2.39639;14
13:30:45.596;48.8569;2.36721;48.8689;2.33288;48.845;2.40154;14
13:30:45.596;48.857;2.36858;48.8689;2.33425;48.845;2.40291;14
13:30:45.596;48.857;2.36979;48.8689;2.33545;48.845;2.40411;14
13:30:45.596;48.857;2.37133;48.8689;2.337;48.845;2.40566;14
13:30:45.974;48.8574;2.3715;48.8694;2.33717;48.8455;2.40583;14
13:30:46.119;48.8581;2.37185;48.87;2.33751;48.8462;2.40617;14
13:30:46.120;48.859;2.37219;48.8709;2.33786;48.8471;2.40652;14
13:30:46.120;48.86;2.3727;48.8719;2.33837;48.848;2.40703;14
13:30:46.120;48.8606;2.37313;48.8725;2.3388;48.8487;2.40746;14
13:30:46.120;48.8614;2.37339;48.8733;2.33906;48.8494;2.40772;14
13:30:46.120;48.8619;2.37373;48.8739;2.3394;48.85;2.40806;14
13:30:46.120;48.8622;2.37382;48.8742;2.33949;48.8503;2.40815;14
13:30:46.120;48.8623;2.37391;48.8743;2.33957;48.8504;2.40823;14
13:30:46.533;48.8674;2.38249;48.8794;2.34816;48.8555;2.41682;14
13:30:46.591;48.8683;2.38369;48.8802;2.34936;48.8563;2.41802;14
13:30:46.702;48.8683;2.38378;48.8803;2.34944;48.8564;2.4181;14
13:30:46.973;48.8689;2.38446;48.8808;2.35013;48.8569;2.41879;14
13:30:47.075;48.8695;2.38541;48.8815;2.35107;48.8576;2.41973;14
13:30:47.075;48.8702;2.38661;48.8822;2.35228;48.8583;2.42094;14
13:30:47.075;48.8709;2.38755;48.8829;2.35322;48.859;2.42188;14
13:30:47.075;48.8715;2.3885;48.8835;2.35416;48.8596;2.42282;14
13:30:47.076;48.8722;2.38918;48.8841;2.35485;48.8602;2.42351;14
13:30:47.076;48.8726;2.38961;48.8845;2.35528;48.8606;2.42394;14
13:30:47.139;48.873;2.39004;48.8849;2.35571;48.861;2.42437;14
13:30:47.139;48.8731;2.39013;48.885;2.35579;48.8611;2.42445;14
13:30:47.139;48.8731;2.39013;48.8851;2.35579;48.8612;2.42445;14
13:30:48.694;48.8732;2.39013;48.8851;2.35579;48.8612;2.42445;14
13:30:48.830;48.8732;2.39021;48.8852;2.35588;48.8613;2.42454;14
13:30:48.830;48.8733;2.3903;48.8852;2.35597;48.8614;2.42463;14
13:30:48.830;48.8734;2.39038;48.8853;2.35605;48.8615;2.42471;14
13:30:48.830;48.8735;2.39056;48.8855;2.35622;48.8616;2.42488;14
13:30:49.009;48.8736;2.39064;48.8856;2.35631;48.8617;2.42497;14
13:30:49.009;48.8737;2.39073;48.8856;2.3564;48.8618;2.42505;14
13:30:49.009;48.8738;2.39081;48.8857;2.35648;48.8619;2.42514;14
13:30:49.010;48.8739;2.39099;48.8858;2.35665;48.862;2.42531;14
13:30:49.010;48.8741;2.39116;48.8861;2.35682;48.8622;2.42548;14
13:30:49.010;48.8744;2.39133;48.8863;2.357;48.8624;2.42566;14
13:30:49.010;48.8745;2.39141;48.8864;2.35708;48.8625;2.42574;14
13:30:49.010;48.8745;2.3915;48.8865;2.35717;48.8626;2.42583;14
13:30:49.010;48.8746;2.39159;48.8866;2.35725;48.8627;2.42591;14
13:30:49.550;48.8749;2.39176;48.8869;2.35743;48.863;2.42608;14
13:30:49.636;48.8754;2.39227;48.8873;2.35794;48.8634;2.4266;14
13:30:49.648;48.876;2.39296;48.8879;2.35863;48.8641;2.42729;14
13:30:49.648;48.877;2.39399;48.8889;2.35966;48.865;2.42832;14
13:30:49.648;48.8779;2.39493;48.8899;2.3606;48.866;2.42926;14
13:30:49.648;48.8791;2.39614;48.891;2.3618;48.8672;2.43046;14
13:30:49.648;48.8801;2.39699;48.892;2.36266;48.8681;2.43132;14
13:30:49.724;48.8806;2.39734;48.8926;2.363;48.8687;2.43166;14
13:30:49.724;48.881;2.39751;48.893;2.36318;48.8691;2.43184;14
13:30:49.724;48.8812;2.39751;48.8931;2.36318;48.8693;2.43184;14
13:30:49.724;48.8812;2.39751;48.8932;2.36318;48.8693;2.43184;14
13:30:50.151;48.8818;2.39794;48.8937;2.36361;48.8699;2.43226;14
13:30:50.236;48.8824;2.39854;48.8943;2.36421;48.8704;2.43287;14
13:30:50.236;48.883;2.39923;48.8949;2.36489;48.8711;2.43355;14
13:30:50.236;48.8838;2.40008;48.8957;2.36575;48.8719;2.43441;14
13:30:50.236;48.8846;2.40086;48.8966;2.36652;48.8727;2.43518;14
13:30:50.236;48.8855;2.40154;48.8975;2.36721;48.8736;2.43587;14
13:30:50.315;48.8864;2.40232;48.8983;2.36798;48.8745;2.43664;14
13:30:50.315;48.8872;2.40292;48.8991;2.36858;48.8752;2.43724;14
13:30:50.315;48.8877;2.40309;48.8996;2.36876;48.8758;2.43741;14
13:30:50.316;48.8878;2.40309;48.8997;2.36876;48.8759;2.43741;14
13:30:50.316;48.8879;2.40309;48.8998;2.36876;48.8759;2.43741;14
13:30:50.667;48.8881;2.40309;48.9001;2.36876;48.8762;2.43741;14
13:30:50.733;48.8884;2.40309;48.9003;2.36876;48.8764;2.43741;14
13:30:50.733;48.8886;2.40309;48.9006;2.36876;48.8767;2.43741;14
13:30:50.733;48.8889;2.40309;48.9008;2.36876;48.8769;2.43741;14
13:30:50.733;48.8891;2.40309;48.9011;2.36876;48.8772;2.43741;14
13:30:50.800;48.8896;2.40309;48.9015;2.36876;48.8777;2.43741;14
13:30:50.800;48.8901;2.403;48.902;2.36867;48.8781;2.43733;14
13:30:50.800;48.8903;2.40283;48.9022;2.3685;48.8783;2.43716;14
13:30:50.800;48.8904;2.40266;48.9023;2.36833;48.8785;2.43699;14
13:30:50.885;48.8904;2.40249;48.9024;2.36815;48.8785;2.43681;14
13:30:50.885;48.8906;2.40214;48.9025;2.36781;48.8786;2.43647;14
13:30:50.885;48.8907;2.40171;48.9026;2.36738;48.8787;2.43604;14
13:30:50.885;48.8908;2.40129;48.9027;2.36695;48.8789;2.43561;14
13:30:50.885;48.8909;2.40086;48.9028;2.36652;48.879;2.43518;14
13:30:51.018;48.8911;2.40043;48.903;2.36609;48.8791;2.43475;14
13:30:51.018;48.8912;2.4;48.9031;2.36567;48.8792;2.43432;14
13:30:51.019;48.8914;2.39965;48.9034;2.36532;48.8795;2.43398;14
13:30:51.019;48.8917;2.39923;48.9036;2.36489;48.8798;2.43355;14
13:30:51.019;48.8921;2.39888;48.904;2.36455;48.8802;2.43321;14
13:30:51.020;48.8925;2.39871;48.9044;2.36438;48.8806;2.43304;14
13:30:51.020;48.8929;2.39854;48.9048;2.36421;48.881;2.43287;14
13:30:51.020;48.8932;2.39845;48.9051;2.36412;48.8812;2.43278;14
13:30:51.350;48.8936;2.39854;48.9055;2.36421;48.8817;2.43287;14
13:30:51.403;48.8942;2.39854;48.9061;2.36421;48.8822;2.43287;14
13:30:51.403;48.8949;2.39854;48.9068;2.36421;48.8829;2.43287;14
13:30:51.403;48.8958;2.39854;48.9077;2.36421;48.8838;2.43287;14
13:30:51.555;48.8967;2.39854;48.9086;2.36421;48.8847;2.43287;14
13:30:51.555;48.9012;2.39897;48.9131;2.36464;48.8892;2.43329;14
13:30:51.848;48.9012;2.39897;48.9132;2.36464;48.8893;2.43329;14
13:30:51.890;48.9016;2.39897;48.9135;2.36464;48.8896;2.43329;14
13:30:51.890;48.902;2.39905;48.9139;2.36472;48.89;2.43338;14
13:30:51.939;48.9026;2.39914;48.9145;2.36481;48.8907;2.43347;14
13:30:51.939;48.9034;2.39931;48.9153;2.36498;48.8914;2.43364;14
13:30:51.939;48.9042;2.39948;48.9161;2.36515;48.8922;2.43381;14
13:30:52.041;48.9051;2.39957;48.917;2.36524;48.8932;2.4339;14
13:30:52.041;48.906;2.39957;48.9179;2.36524;48.894;2.4339;14
13:30:52.041;48.9067;2.39957;48.9186;2.36524;48.8948;2.4339;14
13:30:52.042;48.9072;2.3994;48.9191;2.36506;48.8952;2.43372;14
13:30:52.042;48.9072;2.39931;48.9191;2.36498;48.8953;2.43364;14
13:30:52.042;48.9073;2.39931;48.9193;2.36498;48.8954;2.43364;14
13:30:52.517;48.9073;2.3994;48.9193;2.36506;48.8954;2.43372;14
13:30:52.555;48.9076;2.39948;48.9195;2.36515;48.8957;2.43381;14
13:30:52.558;48.9083;2.39983;48.9203;2.36549;48.8964;2.43415;14
13:30:52.605;48.9093;2.4;48.9212;2.36567;48.8974;2.43432;14
13:30:52.605;48.91;2.40017;48.9219;2.36584;48.898;2.4345;14
13:30:52.605;48.9105;2.40017;48.9225;2.36584;48.8986;2.4345;14
13:30:52.690;48.9109;2.40017;48.9228;2.36584;48.8989;2.4345;14
13:30:52.690;48.9111;2.40017;48.923;2.36584;48.8992;2.4345;14
13:30:52.690;48.9113;2.40017;48.9233;2.36584;48.8994;2.4345;14
13:30:52.690;48.9114;2.40017;48.9234;2.36584;48.8995;2.4345;14
13:30:53.772;48.9167;2.39845;48.9286;2.36412;48.9048;2.43278;14
13:30:53.829;48.9175;2.3982;48.9295;2.36386;48.9056;2.43252;14
13:30:54.492;48.9238;2.40068;48.9357;2.36635;48.9119;2.43501;14
13:30:54.931;48.9239;2.40086;48.9358;2.36652;48.912;2.43518;14
13:30:54.931;48.9242;2.40103;48.9361;2.3667;48.9123;2.43535;14
13:30:54.931;48.9245;2.4012;48.9364;2.36687;48.9125;2.43553;14
13:30:55.098;48.925;2.40154;48.937;2.36721;48.9131;2.43587;14
13:30:55.098;48.9256;2.40189;48.9375;2.36755;48.9137;2.43621;14
13:30:55.098;48.9261;2.40214;48.938;2.36781;48.9142;2.43647;14
13:30:55.098;48.9266;2.40223;48.9385;2.3679;48.9146;2.43656;14
13:30:55.098;48.9269;2.40232;48.9388;2.36798;48.915;2.43664;14
13:30:55.098;48.9272;2.4024;48.9391;2.36807;48.9152;2.43673;14
13:30:55.098;48.9274;2.4024;48.9393;2.36807;48.9155;2.43673;14
13:30:55.098;48.9276;2.4024;48.9395;2.36807;48.9157;2.43673;14
13:30:55.098;48.9277;2.4024;48.9397;2.36807;48.9158;2.43673;14
13:30:55.445;48.9278;2.40249;48.9398;2.36815;48.9159;2.43681;14
13:30:55.517;48.9283;2.40266;48.9402;2.36833;48.9164;2.43699;14
13:30:55.517;48.9289;2.40283;48.9408;2.3685;48.9169;2.43716;14
13:30:55.517;48.9293;2.403;48.9412;2.36867;48.9174;2.43733;14
13:30:55.517;48.9298;2.40309;48.9417;2.36876;48.9179;2.43741;14
13:30:55.601;48.93;2.40317;48.942;2.36884;48.9181;2.4375;14
13:30:55.601;48.9303;2.40326;48.9423;2.36893;48.9184;2.43759;14
13:30:55.601;48.9307;2.40326;48.9426;2.36893;48.9188;2.43759;14
13:30:55.601;48.931;2.40335;48.9429;2.36901;48.9191;2.43767;14
13:30:55.601;48.9313;2.40335;48.9432;2.36901;48.9194;2.43767;14
13:30:55.698;48.9315;2.40335;48.9434;2.36901;48.9196;2.43767;14
13:30:55.698;48.9318;2.40335;48.9437;2.36901;48.9199;2.43767;14
13:30:55.698;48.9321;2.40343;48.944;2.3691;48.9202;2.43776;14
13:30:55.698;48.9322;2.40343;48.9441;2.3691;48.9203;2.43776;14
13:30:56.302;48.9323;2.40352;48.9442;2.36918;48.9204;2.43784;14
13:30:56.435;48.9326;2.40369;48.9445;2.36936;48.9207;2.43802;14
13:30:56.435;48.9332;2.40386;48.9451;2.36953;48.9212;2.43819;14
13:30:56.435;48.9338;2.40403;48.9458;2.3697;48.9219;2.43836;14
13:30:56.435;48.9346;2.4042;48.9465;2.36987;48.9226;2.43853;14
13:30:56.436;48.9351;2.40438;48.947;2.37004;48.9232;2.4387;14
13:30:56.436;48.9356;2.40455;48.9475;2.37021;48.9237;2.43887;14
13:30:56.436;48.9362;2.40472;48.9481;2.37039;48.9243;2.43905;14
13:30:56.436;48.9368;2.40489;48.9487;2.37056;48.9249;2.43922;14
13:30:56.486;48.9373;2.40489;48.9492;2.37056;48.9254;2.43922;14
13:30:56.487;48.9374;2.40489;48.9493;2.37056;48.9255;2.43922;14
13:30:56.531;48.9375;2.40489;48.9495;2.37056;48.9256;2.43922;14
13:30:57.485;48.9376;2.40498;48.9495;2.37064;48.9257;2.4393;14
13:30:57.637;48.9384;2.40532;48.9504;2.37099;48.9265;2.43965;14
13:30:57.637;48.9394;2.40549;48.9513;2.37116;48.9274;2.43982;14
13:30:57.637;48.9406;2.40583;48.9525;2.3715;48.9287;2.44016;14
13:30:57.637;48.9421;2.40644;48.954;2.3721;48.9301;2.44076;14
13:30:57.637;48.9433;2.40695;48.9552;2.37262;48.9314;2.44128;14
13:30:57.637;48.9445;2.40729;48.9565;2.37296;48.9326;2.44162;14
13:30:57.638;48.9453;2.40746;48.9572;2.37313;48.9334;2.44179;14
13:30:57.638;48.9457;2.40746;48.9576;2.37313;48.9338;2.44179;14
13:30:57.690;48.9458;2.40746;48.9578;2.37313;48.9339;2.44179;14
13:30:57.970;48.9462;2.40781;48.9581;2.37348;48.9343;2.44214;14
13:30:58.025;48.9468;2.40798;48.9587;2.37365;48.9349;2.44231;14
13:30:58.025;48.9474;2.40832;48.9593;2.37399;48.9354;2.44265;14
13:30:58.025;48.9481;2.40867;48.96;2.37433;48.9362;2.44299;14
13:30:58.088;48.9489;2.40892;48.9608;2.37459;48.937;2.44325;14
13:30:58.088;48.9496;2.4091;48.9615;2.37476;48.9377;2.44342;14
13:30:58.088;48.9505;2.40935;48.9624;2.37502;48.9386;2.44368;14
13:30:58.088;48.9515;2.40952;48.9634;2.37519;48.9396;2.44385;14
13:30:58.146;48.9524;2.40961;48.9643;2.37528;48.9405;2.44394;14
13:30:58.146;48.9532;2.4097;48.9651;2.37536;48.9412;2.44402;14
13:30:58.146;48.9537;2.4097;48.9656;2.37536;48.9418;2.44402;14
13:30:58.524;48.9588;2.41176;48.9707;2.37742;48.9469;2.44608;14
13:30:58.524;48.9602;2.41219;48.9721;2.37785;48.9483;2.44651;14
13:30:58.589;48.9617;2.41261;48.9736;2.37828;48.9498;2.44694;14
13:30:58.589;48.9628;2.41279;48.9747;2.37845;48.9509;2.44711;14
13:30:58.589;48.9635;2.41279;48.9754;2.37845;48.9516;2.44711;14
13:30:58.589;48.964;2.41279;48.9759;2.37845;48.9521;2.44711;14
13:30:58.663;48.9641;2.41279;48.976;2.37845;48.9522;2.44711;14
13:30:58.903;48.9648;2.41279;48.9767;2.37845;48.9529;2.44711;14
13:30:58.957;48.9659;2.41304;48.9778;2.37871;48.954;2.44737;14
13:30:58.957;48.967;2.41322;48.979;2.37888;48.9551;2.44754;14
13:30:58.957;48.9682;2.41347;48.9801;2.37914;48.9562;2.4478;14
13:30:59.020;48.9696;2.41382;48.9815;2.37948;48.9577;2.44814;14
13:30:59.021;48.9708;2.41399;48.9827;2.37966;48.9589;2.44832;14
13:30:59.021;48.9715;2.41399;48.9835;2.37966;48.9596;2.44832;14
13:30:59.021;48.9718;2.41399;48.9837;2.37966;48.9599;2.44832;14
13:30:59.100;48.9719;2.41399;48.9838;2.37966;48.96;2.44832;14
13:30:59.101;48.972;2.41399;48.9839;2.37966;48.9601;2.44832;14
13:30:59.511;48.9811;2.4151;48.993;2.38077;48.9692;2.44943;14
13:30:59.569;48.9816;2.4151;48.9935;2.38077;48.9697;2.44943;14
13:30:59.889;48.9817;2.4151;48.9936;2.38077;48.9698;2.44943;14
13:30:59.944;48.9819;2.4151;48.9938;2.38077;48.97;2.44943;14
13:30:59.944;48.9822;2.41528;48.9941;2.38094;48.9703;2.4496;14
13:30:59.944;48.9828;2.41545;48.9947;2.38111;48.9709;2.44977;14
13:31:00.006;48.9835;2.4157;48.9954;2.38137;48.9716;2.45003;14
13:31:00.006;48.9846;2.41613;48.9965;2.3818;48.9726;2.45046;14
13:31:00.006;48.9859;2.41656;48.9978;2.38223;48.9739;2.45089;14
13:31:00.006;48.9873;2.41691;48.9992;2.38257;48.9753;2.45123;14
13:31:00.077;48.9884;2.41708;49.0003;2.38275;48.9765;2.4514;14
13:31:00.078;48.9893;2.41708;49.0012;2.38275;48.9774;2.4514;14
13:31:00.078;48.9897;2.41708;49.0016;2.38275;48.9778;2.4514;14
13:31:00.078;48.9901;2.41708;49.002;2.38275;48.9782;2.4514;14
13:31:00.845;48.9976;2.41879;49.0095;2.38446;48.9856;2.45312;14
13:31:02.984;48.9976;2.41862;49.0095;2.38429;48.9856;2.45295;14
13:31:03.209;48.9976;2.41673;49.0095;2.3824;48.9857;2.45106;14
13:31:03.210;48.9976;2.41553;49.0095;2.3812;48.9857;2.44986;14
13:31:03.210;48.9977;2.41442;49.0096;2.38008;48.9858;2.44874;14
13:31:03.210;48.9977;2.41339;49.0096;2.37906;48.9858;2.44771;14
13:31:03.210;48.9978;2.41253;49.0097;2.3782;48.9859;2.44686;14
13:31:03.210;48.9978;2.41184;49.0097;2.37751;48.9859;2.44617;14
13:31:03.210;48.9978;2.41124;49.0097;2.37691;48.9859;2.44557;14
13:31:03.211;48.9978;2.41081;49.0097;2.37648;48.9859;2.44514;14
13:31:03.211;48.9978;2.41064;49.0097;2.37631;48.9859;2.44497;14
13:31:03.211;48.9978;2.41047;49.0097;2.37614;48.9859;2.4448;14
13:31:03.322;48.9978;2.41038;49.0097;2.37605;48.9859;2.44471;14
13:31:03.322;48.9978;2.41021;49.0097;2.37588;48.9859;2.44454;14
13:31:03.322;48.9978;2.41004;49.0097;2.37571;48.9859;2.44437;14
13:31:03.393;48.9978;2.40987;49.0097;2.37554;48.9859;2.4442;14
13:31:03.855;48.9979;2.40978;49.0098;2.37545;48.986;2.44411;14
13:31:04.035;48.9981;2.40935;49.01;2.37502;48.9862;2.44368;14
13:31:04.035;48.9984;2.40841;49.0103;2.37408;48.9865;2.44274;14
13:31:04.035;48.9987;2.40695;49.0106;2.37262;48.9868;2.44128;14
13:31:04.035;48.999;2.40549;49.0109;2.37116;48.9871;2.43982;14
13:31:04.036;48.9992;2.40377;49.0111;2.36944;48.9873;2.4381;14
13:31:04.036;48.9993;2.40206;49.0112;2.36773;48.9874;2.43638;14
13:31:04.036;48.9993;2.40034;49.0112;2.36601;48.9874;2.43467;14
13:31:04.036;48.9993;2.3994;49.0112;2.36506;48.9874;2.43372;14
13:31:04.036;48.9993;2.3988;49.0112;2.36446;48.9874;2.43312;14
13:31:04.036;48.9993;2.39854;49.0112;2.36421;48.9874;2.43287;14
13:31:04.340;48.9993;2.39811;49.0112;2.36378;48.9874;2.43244;14
13:31:04.422;48.9993;2.39751;49.0112;2.36318;48.9874;2.43184;14
13:31:04.422;48.9993;2.39682;49.0112;2.36249;48.9874;2.43115;14
13:31:04.569;48.9993;2.39614;49.0112;2.3618;48.9874;2.43046;14
13:31:04.569;48.9993;2.39528;49.0112;2.36094;48.9874;2.4296;14
13:31:04.569;48.9992;2.39279;49.0111;2.35846;48.9873;2.42711;14
13:31:04.570;48.9991;2.39141;49.0111;2.35708;48.9872;2.42574;14
13:31:04.570;48.999;2.39021;49.0109;2.35588;48.9871;2.42454;14
13:31:04.570;48.999;2.38927;49.0109;2.35494;48.9871;2.4236;14
13:31:04.570;48.999;2.38875;49.0109;2.35442;48.9871;2.42308;14
13:31:04.627;48.999;2.38832;49.0109;2.35399;48.9871;2.42265;14
13:31:04.627;48.999;2.38798;49.0109;2.35365;48.9871;2.42231;14
13:31:04.627;48.999;2.38781;49.0109;2.35348;48.9871;2.42214;14
13:31:04.627;48.999;2.38772;49.0109;2.35339;48.9871;2.42205;14
13:31:05.059;48.9986;2.38738;49.0105;2.35305;48.9867;2.42171;14
13:31:05.177;48.9982;2.38695;49.0102;2.35262;48.9863;2.42128;14
13:31:05.177;48.998;2.38652;49.0099;2.35219;48.9861;2.42085;14
13:31:05.177;48.9978;2.38609;49.0097;2.35176;48.9859;2.42042;14
13:31:05.177;48.9976;2.38575;49.0095;2.35142;48.9857;2.42008;14
13:31:05.177;48.9976;2.38541;49.0095;2.35107;48.9856;2.41973;14
13:31:05.379;48.9975;2.38523;49.0094;2.3509;48.9856;2.41956;14
13:31:05.379;48.9975;2.38489;49.0094;2.35056;48.9856;2.41922;14
13:31:05.379;48.9975;2.38446;49.0094;2.35013;48.9856;2.41879;14
13:31:05.379;48.9975;2.38386;49.0094;2.34953;48.9856;2.41819;14
13:31:05.379;48.9975;2.38326;49.0094;2.34893;48.9856;2.41759;14
13:31:05.379;48.9975;2.38257;49.0094;2.34824;48.9856;2.4169;14
13:31:05.379;48.9975;2.38206;49.0094;2.34773;48.9856;2.41639;14
13:31:05.394;48.9975;2.38146;49.0094;2.34713;48.9856;2.41579;14
13:31:05.394;48.9975;2.38094;49.0094;2.34661;48.9856;2.41527;14
13:31:05.394;48.9975;2.38051;49.0094;2.34618;48.9856;2.41484;14
13:31:05.394;48.9975;2.37991;49.0094;2.34558;48.9856;2.41424;14
13:31:05.394;48.9975;2.37948;49.0094;2.34515;48.9856;2.41381;14
13:31:05.394;48.9975;2.37914;49.0094;2.34481;48.9856;2.41347;14
13:31:05.394;48.9975;2.37871;49.0094;2.34438;48.9856;2.41304;14
13:31:05.395;48.9976;2.37837;49.0095;2.34404;48.9856;2.4127;14
13:31:05.529;48.9976;2.37794;49.0095;2.34361;48.9857;2.41227;14
13:31:05.529;48.9977;2.3776;49.0096;2.34326;48.9858;2.41192;14
13:31:05.529;48.9977;2.37717;49.0096;2.34283;48.9858;2.41149;14
13:31:05.529;48.9977;2.37674;49.0096;2.34241;48.9858;2.41106;14
13:31:05.529;48.9977;2.37605;49.0096;2.34172;48.9858;2.41038;14
13:31:05.530;48.9977;2.37562;49.0096;2.34129;48.9858;2.40995;14
13:31:05.530;48.9977;2.37511;49.0096;2.34077;48.9858;2.40943;14
13:31:05.530;48.9977;2.37476;49.0096;2.34043;48.9858;2.40909;14
13:31:05.543;48.9977;2.37433;49.0096;2.34;48.9858;2.40866;14
13:31:05.630;48.9977;2.37416;49.0096;2.33983;48.9858;2.40849;14
13:31:05.630;48.9977;2.37408;49.0096;2.33974;48.9858;2.4084;14
13:31:05.981;48.9977;2.37004;49.0096;2.33571;48.9858;2.40437;14
13:31:05.981;48.9977;2.36944;49.0096;2.33511;48.9858;2.40377;14
13:31:05.981;48.9977;2.36901;49.0096;2.33468;48.9858;2.40334;14
13:31:06.098;48.9977;2.36876;49.0096;2.33442;48.9858;2.40308;14
13:31:06.098;48.9977;2.36867;49.0096;2.33434;48.9858;2.403;14
13:31:06.098;48.9977;2.3685;49.0096;2.33417;48.9858;2.40282;14
13:31:06.098;48.9977;2.36841;49.0096;2.33408;48.9858;2.40274;14
13:31:06.430;48.9977;2.36798;49.0096;2.33365;48.9858;2.40231;14
13:31:06.495;48.9976;2.36755;49.0095;2.33322;48.9857;2.40188;14
13:31:06.658;48.9976;2.36678;49.0095;2.33245;48.9857;2.40111;14
13:31:06.658;48.9976;2.36541;49.0095;2.33108;48.9857;2.39973;14
13:31:06.658;48.9976;2.36403;49.0095;2.3297;48.9857;2.39836;14
13:31:06.658;48.9976;2.3624;49.0095;2.32807;48.9857;2.39673;14
13:31:06.658;48.9976;2.36103;49.0095;2.3267;48.9857;2.39536;14
13:31:06.660;48.9976;2.35957;49.0095;2.32524;48.9857;2.3939;14
13:31:06.660;48.9977;2.35785;49.0096;2.32352;48.9858;2.39218;14
13:31:06.660;48.9978;2.35622;49.0097;2.32189;48.9859;2.39055;14
13:31:06.660;48.9978;2.35485;49.0098;2.32052;48.9859;2.38918;14
13:31:06.661;48.9979;2.35365;49.0098;2.31932;48.986;2.38798;14
13:31:06.798;48.998;2.35296;49.0099;2.31863;48.986;2.38729;14
13:31:06.799;48.998;2.35219;49.0099;2.31786;48.986;2.38652;14
13:31:06.799;48.998;2.35107;49.0099;2.31674;48.986;2.3854;14
13:31:06.799;48.998;2.35065;49.0099;2.31631;48.986;2.38497;14
13:31:06.799;48.998;2.3503;49.0099;2.31597;48.986;2.38463;14
13:31:06.799;48.998;2.34996;49.0099;2.31563;48.986;2.38429;14
13:31:06.799;48.998;2.34979;49.0099;2.31545;48.986;2.38411;14
13:31:06.800;48.998;2.3497;49.0099;2.31537;48.986;2.38403;14
13:31:07.081;48.998;2.34953;49.0099;2.3152;48.9861;2.38386;14
13:31:07.206;48.998;2.3491;49.0099;2.31477;48.9861;2.38343;14
13:31:07.208;48.998;2.34824;49.0099;2.31391;48.9861;2.38257;14
13:31:07.208;48.998;2.3473;49.0099;2.31297;48.9861;2.38162;14
13:31:07.209;48.998;2.34635;49.0099;2.31202;48.9861;2.38068;14
13:31:07.318;48.998;2.34541;49.0099;2.31108;48.9861;2.37974;14
13:31:07.318;48.998;2.34429;49.0099;2.30996;48.9861;2.37862;14
13:31:07.318;48.998;2.33983;49.0099;2.3055;48.986;2.37416;14
13:31:07.318;48.998;2.33923;49.0099;2.3049;48.986;2.37356;14
13:31:07.318;48.998;2.3388;49.0099;2.30447;48.986;2.37313;14
13:31:07.319;48.998;2.33829;49.0099;2.30395;48.986;2.37261;14
13:31:07.319;48.998;2.33811;49.0099;2.30378;48.986;2.37244;14
13:31:07.575;48.998;2.33768;49.0099;2.30335;48.986;2.37201;14
13:31:07.576;48.9979;2.33726;49.0098;2.30292;48.986;2.37158;14
13:31:07.576;48.9979;2.33683;49.0098;2.30249;48.986;2.37115;14
13:31:07.576;48.9979;2.33665;49.0098;2.30232;48.986;2.37098;14
13:31:07.576;48.9979;2.33648;49.0098;2.30215;48.986;2.37081;14
13:31:07.576;48.9979;2.33605;49.0098;2.30172;48.986;2.37038;14
13:31:07.576;48.9979;2.33554;49.0098;2.30121;48.986;2.36987;14
13:31:07.577;48.9978;2.33485;49.0098;2.30052;48.9859;2.36918;14
13:31:07.577;48.9978;2.33442;49.0098;2.30009;48.9859;2.36875;14
13:31:07.577;48.9978;2.33408;49.0098;2.29975;48.9859;2.36841;14
13:31:07.577;48.9978;2.33382;49.0098;2.29949;48.9859;2.36815;14
13:31:07.577;48.9978;2.33365;49.0098;2.29932;48.9859;2.36798;14
13:31:07.577;48.9978;2.33339;49.0098;2.29906;48.9859;2.36772;14
13:31:07.577;48.9978;2.33322;49.0098;2.29889;48.9859;2.36755;14
13:31:08.450;48.9978;2.33305;49.0098;2.29872;48.9859;2.36738;14
13:31:08.639;48.9979;2.33236;49.0098;2.29803;48.986;2.36669;14
13:31:08.639;48.998;2.33185;49.0099;2.29752;48.986;2.36618;14
13:31:08.639;48.998;2.33125;49.0099;2.29692;48.9861;2.36557;14
13:31:08.639;48.9981;2.33056;49.01;2.29623;48.9862;2.36489;14
13:31:08.639;48.9981;2.32944;49.01;2.29511;48.9862;2.36377;14
13:31:08.639;48.9981;2.32824;49.01;2.29391;48.9862;2.36257;14
13:31:08.639;48.9981;2.32687;49.01;2.29254;48.9862;2.3612;14
13:31:08.639;48.9981;2.32558;49.01;2.29125;48.9862;2.35991;14
13:31:08.639;48.9981;2.32464;49.01;2.29031;48.9862;2.35897;14
13:31:08.655;48.9981;2.32318;49.01;2.28885;48.9862;2.35751;14
13:31:08.655;48.9981;2.32181;49.01;2.28747;48.9862;2.35613;14
13:31:08.669;48.9981;2.32069;49.01;2.28636;48.9862;2.35502;14
13:31:08.903;48.998;2.31975;49.0099;2.28541;48.9861;2.35407;14
13:31:08.903;48.998;2.31897;49.0099;2.28464;48.9861;2.3533;14
13:31:08.903;48.998;2.31829;49.0099;2.28395;48.986;2.35261;14
13:31:08.904;48.998;2.31769;49.0099;2.28335;48.986;2.35201;14
13:31:08.904;48.9979;2.31726;49.0098;2.28292;48.986;2.35158;14
13:31:08.904;48.9979;2.31674;49.0098;2.28241;48.986;2.35107;14
13:31:08.904;48.9979;2.3164;49.0098;2.28207;48.986;2.35073;14
13:31:08.904;48.9978;2.31597;49.0098;2.28164;48.9859;2.3503;14
13:31:08.904;48.9978;2.31537;49.0098;2.28104;48.9859;2.3497;14
13:31:08.904;48.9978;2.31468;49.0097;2.28035;48.9859;2.34901;14
13:31:08.905;48.9977;2.31374;49.0096;2.27941;48.9858;2.34806;14
13:31:08.905;48.9977;2.31305;49.0096;2.27872;48.9858;2.34738;14
13:31:08.905;48.9977;2.31211;49.0096;2.27777;48.9858;2.34643;14
13:31:08.905;48.9976;2.31116;49.0095;2.27683;48.9857;2.34549;14
13:31:09.061;48.9976;2.31022;49.0095;2.27589;48.9856;2.34455;14
13:31:09.061;48.9976;2.30936;49.0095;2.27503;48.9856;2.34369;14
13:31:09.061;48.9976;2.30867;49.0095;2.27434;48.9856;2.343;14
13:31:09.061;48.9975;2.30799;49.0094;2.27365;48.9856;2.34231;14
13:31:09.061;48.9975;2.30756;49.0094;2.27323;48.9856;2.34188;14
13:31:09.061;48.9975;2.30739;49.0094;2.27305;48.9856;2.34171;14
13:31:09.061;48.9975;2.3073;49.0094;2.27297;48.9856;2.34163;14
13:31:09.373;48.9975;2.30704;49.0094;2.27271;48.9856;2.34137;14
13:31:09.542;48.9975;2.30661;49.0094;2.27228;48.9856;2.34094;14
13:31:09.542;48.9975;2.30533;49.0094;2.27099;48.9855;2.33965;14
13:31:09.542;48.9974;2.30412;49.0093;2.26979;48.9855;2.33845;14
13:31:09.542;48.9973;2.30284;49.0092;2.26851;48.9854;2.33716;14
13:31:09.542;48.9973;2.30146;49.0092;2.26713;48.9854;2.33579;14
13:31:09.556;48.9973;2.30026;49.0092;2.26593;48.9854;2.33459;14
13:31:09.557;48.9973;2.29863;49.0092;2.2643;48.9854;2.33296;14
13:31:09.557;48.9973;2.29717;49.0092;2.26284;48.9854;2.3315;14
13:31:09.557;48.9972;2.2958;49.0091;2.26147;48.9853;2.33013;14
13:31:09.557;48.9972;2.29477;49.0091;2.26044;48.9853;2.3291;14
13:31:09.557;48.9972;2.29434;49.0091;2.26001;48.9853;2.32867;14
13:31:09.617;48.9972;2.29391;49.0091;2.25958;48.9853;2.32824;14
13:31:09.617;48.9972;2.29374;49.0091;2.25941;48.9853;2.32807;14
13:31:09.938;48.9972;2.29357;49.0091;2.25924;48.9853;2.32789;14
13:31:10.072;48.9972;2.29331;49.0091;2.25898;48.9853;2.32764;14
13:31:10.072;48.9972;2.29288;49.0091;2.25855;48.9853;2.32721;14
13:31:10.072;48.9972;2.29211;49.0091;2.25778;48.9853;2.32644;14
13:31:10.072;48.9972;2.29099;49.0091;2.25666;48.9853;2.32532;14
13:31:10.072;48.9972;2.29005;49.0091;2.25572;48.9853;2.32438;14
13:31:10.072;48.9972;2.28893;49.0091;2.2546;48.9853;2.32326;14
13:31:10.072;48.9972;2.28799;49.0091;2.25366;48.9853;2.32232;14
13:31:10.073;48.9972;2.28687;49.0091;2.25254;48.9853;2.3212;14
13:31:10.199;48.9972;2.28593;49.0091;2.2516;48.9853;2.32026;14
13:31:10.199;48.9972;2.28498;49.0091;2.25065;48.9853;2.31931;14
13:31:10.199;48.9972;2.28404;49.0091;2.24971;48.9853;2.31837;14
13:31:10.199;48.9972;2.28318;49.0091;2.24885;48.9853;2.31751;14
13:31:10.199;48.9972;2.28241;49.0091;2.24808;48.9853;2.31674;14
13:31:10.331;48.9971;2.28172;49.009;2.24739;48.9852;2.31605;14
13:31:10.332;48.9971;2.28112;49.009;2.24679;48.9852;2.31545;14
13:31:10.332;48.9971;2.28069;49.009;2.24636;48.9852;2.31502;14
13:31:10.332;48.9971;2.28026;49.009;2.24593;48.9852;2.31459;14
13:31:10.332;48.9971;2.27966;49.009;2.24533;48.9851;2.31399;14
13:31:10.332;48.9971;2.27923;49.009;2.2449;48.9851;2.31356;14
13:31:10.332;48.9971;2.27906;49.009;2.24473;48.9851;2.31339;14
13:31:10.332;48.9971;2.27898;49.009;2.24464;48.9851;2.3133;14
13:31:10.692;48.9971;2.27889;49.009;2.24456;48.9851;2.31322;14
13:31:10.928;48.9971;2.2788;49.009;2.24447;48.9851;2.31313;14
13:31:10.928;48.9971;2.27863;49.009;2.2443;48.9851;2.31296;14
13:31:10.928;48.9971;2.27674;49.009;2.24241;48.9851;2.31107;14
13:31:10.928;48.997;2.2752;49.0089;2.24087;48.9851;2.30953;14
13:31:10.928;48.9969;2.27357;49.0089;2.23924;48.985;2.3079;14
13:31:10.928;48.9969;2.27177;49.0089;2.23743;48.985;2.30609;14
13:31:10.941;48.9969;2.27039;49.0089;2.23606;48.985;2.30472;14
13:31:10.941;48.9969;2.26851;49.0089;2.23417;48.985;2.30283;14
13:31:10.941;48.9969;2.26662;49.0089;2.23228;48.985;2.30094;14
13:31:10.942;48.9969;2.26516;49.0089;2.23083;48.985;2.29948;14
13:31:10.942;48.9969;2.26421;49.0089;2.22988;48.985;2.29854;14
13:31:10.942;48.9969;2.26378;49.0089;2.22945;48.985;2.29811;14
13:31:10.942;48.9969;2.26336;49.0089;2.22902;48.985;2.29768;14
13:31:10.942;48.9969;2.26318;49.0089;2.22885;48.985;2.29751;14
13:31:10.984;48.9969;2.2631;49.0089;2.22877;48.985;2.29742;14
13:31:11.343;48.9969;2.26293;49.0089;2.22859;48.985;2.29725;14
13:31:11.444;48.9969;2.26258;49.0089;2.22825;48.985;2.29691;14
13:31:11.444;48.9969;2.26198;49.0089;2.22765;48.985;2.29631;14
13:31:11.446;48.9969;2.2613;49.0089;2.22696;48.985;2.29562;14
13:31:11.446;48.9969;2.26044;49.0089;2.2261;48.985;2.29476;14
13:31:11.447;48.9969;2.25958;49.0089;2.22525;48.985;2.29391;14
13:31:11.447;48.9969;2.25821;49.0088;2.22387;48.985;2.29253;14
13:31:11.596;48.9968;2.25649;49.0087;2.22216;48.9849;2.29082;14
13:31:11.596;48.9968;2.25477;49.0087;2.22044;48.9849;2.2891;14
13:31:11.596;48.9968;2.25314;49.0087;2.21881;48.9849;2.28747;14
13:31:11.596;48.9967;2.25228;49.0086;2.21795;48.9848;2.28661;14
13:31:11.596;48.9967;2.25125;49.0086;2.21692;48.9848;2.28558;14
13:31:11.596;48.9967;2.25057;49.0086;2.21623;48.9848;2.28489;14
13:31:11.610;48.9967;2.25014;49.0086;2.21581;48.9848;2.28446;14
13:31:11.610;48.9967;2.24979;49.0086;2.21546;48.9848;2.28412;14
13:31:11.610;48.9967;2.24962;49.0086;2.21529;48.9848;2.28395;14
13:31:11.611;48.9967;2.24954;49.0086;2.2152;48.9848;2.28386;14
13:31:11.927;48.9967;2.24936;49.0086;2.21503;48.9848;2.28369;14
13:31:12.097;48.9967;2.24851;49.0086;2.21417;48.9848;2.28283;14
13:31:12.097;48.9967;2.24773;49.0086;2.2134;48.9848;2.28206;14
13:31:12.097;48.9967;2.24653;49.0086;2.2122;48.9848;2.28086;14
13:31:12.097;48.9967;2.24507;49.0086;2.21074;48.9848;2.2794;14
13:31:12.098;48.9967;2.24336;49.0086;2.20902;48.9848;2.27768;14
13:31:12.098;48.9967;2.24164;49.0086;2.20731;48.9848;2.27597;14
13:31:12.098;48.9967;2.24018;49.0086;2.20585;48.9848;2.27451;14
13:31:12.098;48.9967;2.23889;49.0086;2.20456;48.9848;2.27322;14
13:31:12.098;48.9967;2.23769;49.0086;2.20336;48.9848;2.27202;14
13:31:12.112;48.9967;2.23701;49.0086;2.20267;48.9848;2.27133;14
13:31:12.194;48.9967;2.23658;49.0086;2.20224;48.9848;2.2709;14
13:31:12.194;48.9967;2.23632;49.0086;2.20199;48.9848;2.27065;14
13:31:12.194;48.9967;2.23623;49.0086;2.2019;48.9848;2.27056;14
13:31:12.194;48.9967;2.23606;49.0086;2.20173;48.9848;2.27039;14
13:31:12.512;48.9967;2.23598;49.0086;2.20164;48.9848;2.2703;14
13:31:12.647;48.9967;2.23469;49.0086;2.20036;48.9848;2.26901;14
13:31:12.647;48.9967;2.23357;49.0086;2.19924;48.9848;2.2679;14
13:31:12.647;48.9967;2.2322;49.0086;2.19787;48.9847;2.26653;14
13:31:12.647;48.9966;2.2304;49.0085;2.19606;48.9847;2.26472;14
13:31:12.647;48.9966;2.22877;49.0085;2.19443;48.9846;2.26309;14
13:31:12.648;48.9964;2.22662;49.0083;2.19229;48.9845;2.26095;14
13:31:12.648;48.9964;2.2249;49.0083;2.19057;48.9845;2.25923;14
13:31:12.717;48.9964;2.22396;49.0083;2.18963;48.9845;2.25829;14
13:31:12.718;48.9964;2.22353;49.0083;2.1892;48.9845;2.25786;14
13:31:12.718;48.9964;2.22344;49.0083;2.18911;48.9845;2.25777;14
13:31:13.046;48.9964;2.22327;49.0083;2.18894;48.9845;2.2576;14
13:31:13.182;48.9964;2.22198;49.0083;2.18765;48.9845;2.25631;14
13:31:13.182;48.9963;2.22061;49.0082;2.18628;48.9844;2.25494;14
13:31:13.182;48.9963;2.21915;49.0082;2.18482;48.9844;2.25348;14
13:31:13.182;48.9963;2.21744;49.0082;2.1831;48.9844;2.25176;14
13:31:13.182;48.9963;2.21606;49.0082;2.18173;48.9844;2.25039;14
13:31:13.182;48.9963;2.21469;49.0082;2.18036;48.9844;2.24902;14
13:31:13.182;48.9963;2.21357;49.0082;2.17924;48.9844;2.2479;14
13:31:13.297;48.9963;2.21263;49.0082;2.1783;48.9844;2.24696;14
13:31:13.297;48.9963;2.21194;49.0082;2.17761;48.9844;2.24627;14
13:31:13.297;48.9963;2.21134;49.0082;2.17701;48.9844;2.24567;14
13:31:13.297;48.9963;2.21091;49.0082;2.17658;48.9844;2.24524;14
13:31:13.297;48.9963;2.21083;49.0082;2.17649;48.9844;2.24515;14
13:31:13.566;48.9963;2.21066;49.0082;2.17632;48.9844;2.24498;14
13:31:13.731;48.9963;2.20945;49.0082;2.17512;48.9844;2.24378;14
13:31:13.732;48.9963;2.20799;49.0082;2.17366;48.9844;2.24232;14
13:31:13.732;48.9963;2.20645;49.0082;2.17212;48.9844;2.24078;14
13:31:13.732;48.9962;2.20482;49.0081;2.17049;48.9843;2.23915;14
13:31:13.732;48.9962;2.2031;49.0081;2.16877;48.9843;2.23743;14
13:31:13.732;48.9962;2.20121;49.0081;2.16688;48.9843;2.23554;14
13:31:13.732;48.9962;2.19933;49.0081;2.16499;48.9843;2.23365;14
13:31:13.732;48.9962;2.19838;49.0081;2.16405;48.9843;2.23271;14
13:31:13.732;48.9962;2.19752;49.0081;2.16319;48.9843;2.23185;14
13:31:13.793;48.9962;2.19718;49.0081;2.16285;48.9843;2.23151;14
13:31:14.104;48.9962;2.19658;49.0081;2.16225;48.9842;2.23091;14
13:31:14.104;48.9962;2.19589;49.0081;2.16156;48.9842;2.23022;14
13:31:14.237;48.9962;2.19323;49.0081;2.1589;48.9842;2.22756;14
13:31:14.237;48.9962;2.19186;49.0081;2.15753;48.9842;2.22619;14
13:31:14.237;48.9961;2.19023;49.008;2.1559;48.9842;2.22455;14
13:31:14.237;48.9961;2.18851;49.008;2.15418;48.9842;2.22284;14
13:31:14.237;48.9961;2.18679;49.008;2.15246;48.9842;2.22112;14
13:31:14.237;48.9961;2.18551;49.008;2.15117;48.9842;2.21983;14
13:31:14.238;48.996;2.18431;49.0079;2.14997;48.9841;2.21863;14
13:31:14.319;48.996;2.18379;49.0079;2.14946;48.9841;2.21812;14
13:31:14.319;48.996;2.18362;49.0079;2.14929;48.9841;2.21795;14
13:31:14.568;48.996;2.18319;49.0079;2.14886;48.9841;2.21752;14
13:31:14.688;48.996;2.1813;49.0079;2.14697;48.9841;2.21563;14
13:31:14.688;48.996;2.17958;49.0079;2.14525;48.9841;2.21391;14
13:31:14.688;48.996;2.1777;49.0079;2.14336;48.9841;2.21202;14
13:31:14.688;48.996;2.17624;49.0079;2.1419;48.9841;2.21056;14
13:31:14.688;48.996;2.17452;49.0079;2.14019;48.9841;2.20885;14
13:31:14.688;48.996;2.17315;49.0079;2.13881;48.9841;2.20747;14
13:31:14.796;48.996;2.17212;49.0079;2.13778;48.9841;2.20644;14
13:31:14.796;48.996;2.17143;49.0079;2.1371;48.9841;2.20576;14
13:31:14.796;48.996;2.17126;49.0079;2.13693;48.9841;2.20559;14
13:31:15.019;48.9959;2.17092;49.0078;2.13658;48.984;2.20524;14
13:31:15.189;48.9959;2.16937;49.0078;2.13504;48.984;2.2037;14
13:31:15.189;48.9959;2.16817;49.0078;2.13384;48.984;2.2025;14
13:31:15.189;48.9959;2.16645;49.0078;2.13212;48.984;2.20078;14
13:31:15.189;48.9958;2.16456;49.0077;2.13023;48.9839;2.19889;14
13:31:15.190;48.9958;2.16293;49.0077;2.1286;48.9839;2.19726;14
13:31:15.190;48.9958;2.16156;49.0077;2.12723;48.9838;2.19589;14
13:31:15.190;48.9958;2.16053;49.0077;2.1262;48.9838;2.19486;14
13:31:15.190;48.9958;2.1601;49.0077;2.12577;48.9838;2.19443;14
13:31:15.190;48.9958;2.15967;49.0077;2.12534;48.9838;2.194;14
13:31:15.204;48.9958;2.15959;49.0077;2.12525;48.9838;2.19391;14
13:31:15.707;48.9957;2.15667;49.0076;2.12234;48.9838;2.19099;14
13:31:15.707;48.9957;2.15521;49.0076;2.12088;48.9838;2.18954;14
13:31:15.707;48.9957;2.15349;49.0076;2.11916;48.9838;2.18782;14
13:31:15.707;48.9957;2.15186;49.0076;2.11753;48.9838;2.18619;14
13:31:15.707;48.9957;2.15049;49.0076;2.11616;48.9838;2.18481;14
13:31:15.707;48.9957;2.14929;49.0076;2.11495;48.9838;2.18361;14
13:31:15.707;48.9957;2.1486;49.0076;2.11427;48.9838;2.18293;14
13:31:15.708;48.9957;2.14791;49.0076;2.11358;48.9838;2.18224;14
13:31:15.708;48.9957;2.14748;49.0076;2.11315;48.9838;2.18181;14
13:31:16.022;48.9957;2.14731;49.0076;2.11298;48.9838;2.18164;14
13:31:16.159;48.9957;2.14688;49.0076;2.11255;48.9838;2.18121;14
13:31:16.159;48.9958;2.14628;49.0077;2.11195;48.9839;2.18061;14
13:31:16.159;48.996;2.14534;49.0079;2.11101;48.9841;2.17966;14
13:31:16.159;48.9963;2.14422;49.0082;2.10989;48.9844;2.17855;14
13:31:16.159;48.9966;2.14319;49.0085;2.10886;48.9846;2.17752;14
13:31:16.159;48.997;2.14182;49.0089;2.10749;48.9851;2.17615;14
13:31:16.159;48.9973;2.14045;49.0092;2.10611;48.9854;2.17477;14
13:31:16.159;48.9976;2.13907;49.0095;2.10474;48.9857;2.1734;14
13:31:16.176;48.9979;2.1383;49.0098;2.10397;48.986;2.17263;14
13:31:16.276;48.9982;2.1377;49.0101;2.10337;48.9863;2.17203;14
13:31:16.276;48.9985;2.13727;49.0104;2.10294;48.9866;2.1716;14
13:31:16.277;48.9988;2.1371;49.0107;2.10277;48.9869;2.17143;14
13:31:16.277;48.9991;2.13684;49.011;2.10251;48.9872;2.17117;14
13:31:16.277;48.9992;2.13675;49.0111;2.10242;48.9873;2.17108;14
13:31:16.277;48.9993;2.13675;49.0112;2.10242;48.9874;2.17108;14
13:31:16.352;48.9994;2.13675;49.0113;2.10242;48.9875;2.17108;14
13:31:16.715;48.9996;2.1262;49.0116;2.09187;48.9877;2.16052;14
13:31:16.715;48.9997;2.12448;49.0116;2.09015;48.9878;2.15881;14
13:31:16.716;48.9998;2.12345;49.0117;2.08912;48.9879;2.15778;14
13:31:16.806;48.9998;2.12285;49.0117;2.08852;48.9879;2.15718;14
13:31:16.807;48.9999;2.12251;49.0118;2.08817;48.988;2.15683;14
13:31:18.017;48.9999;2.12311;49.0118;2.08878;48.988;2.15743;14
13:31:18.017;48.9999;2.12405;49.0118;2.08972;48.988;2.15838;14
13:31:18.017;48.9999;2.12517;49.0118;2.09084;48.988;2.15949;14
13:31:18.017;48.9999;2.12646;49.0118;2.09212;48.988;2.16078;14
13:31:18.017;48.9999;2.12783;49.0118;2.0935;48.988;2.16216;14
13:31:18.018;48.9999;2.12912;49.0118;2.09478;48.988;2.16344;14
13:31:18.018;48.9999;2.13075;49.0118;2.09641;48.988;2.16507;14
13:31:18.018;48.9999;2.13212;49.0118;2.09779;48.988;2.16645;14
13:31:18.018;48.9999;2.13332;49.0118;2.09899;48.988;2.16765;14
13:31:18.018;48.9999;2.13427;49.0118;2.09993;48.988;2.16859;14
13:31:18.018;48.9999;2.13512;49.0118;2.10079;48.988;2.16945;14
13:31:18.018;48.9999;2.13564;49.0118;2.10131;48.988;2.16997;14
13:31:18.332;48.9999;2.13718;49.0118;2.10285;48.988;2.17151;14
13:31:18.333;49;2.13736;49.0119;2.10302;48.9881;2.17168;14
13:31:18.465;49.0001;2.1383;49.012;2.10397;48.9882;2.17263;14
13:31:18.465;49.0002;2.14002;49.0121;2.10568;48.9883;2.17434;14
13:31:18.465;49.0003;2.14225;49.0122;2.10792;48.9884;2.17658;14
13:31:18.465;49.0004;2.14414;49.0123;2.1098;48.9885;2.17846;14
13:31:18.466;49.0005;2.14663;49.0124;2.11229;48.9886;2.18095;14
13:31:18.466;49.0005;2.14911;49.0125;2.11478;48.9886;2.18344;14
13:31:18.466;49.0005;2.15109;49.0125;2.11676;48.9886;2.18542;14
13:31:18.466;49.0006;2.15272;49.0125;2.11839;48.9887;2.18705;14
13:31:18.481;49.0006;2.15384;49.0125;2.1195;48.9887;2.18816;14
13:31:18.600;49.0006;2.15469;49.0125;2.12036;48.9887;2.18902;14
13:31:18.600;49.0006;2.15504;49.0125;2.1207;48.9887;2.18936;14
13:31:18.600;49.0006;2.15512;49.0125;2.12079;48.9887;2.18945;14
13:31:18.783;49.0007;2.15607;49.0126;2.12173;48.9888;2.19039;14
13:31:18.954;49.0007;2.15941;49.0126;2.12508;48.9888;2.19374;14
13:31:18.954;49.0007;2.16113;49.0126;2.1268;48.9888;2.19546;14
13:31:18.954;49.0007;2.16311;49.0126;2.12877;48.9888;2.19743;14
13:31:18.954;49.0006;2.16508;49.0125;2.13075;48.9887;2.19941;14
13:31:18.955;49.0003;2.1668;49.0122;2.13246;48.9884;2.20112;14
13:31:18.955;49;2.168;49.012;2.13367;48.9881;2.20232;14
13:31:18.955;48.9998;2.16911;49.0117;2.13478;48.9879;2.20344;14
13:31:18.955;48.9995;2.1704;49.0114;2.13607;48.9876;2.20473;14
13:31:19.066;48.999;2.17323;49.0109;2.1389;48.9871;2.20756;14
13:31:19.066;48.999;2.17366;49.0109;2.13933;48.9871;2.20799;14
13:31:19.066;48.999;2.17401;49.0109;2.13967;48.9871;2.20833;14
13:31:19.068;48.999;2.17418;49.0109;2.13984;48.9871;2.2085;14
13:31:19.299;48.9991;2.17512;49.011;2.14079;48.9872;2.20945;14
13:31:19.417;48.9991;2.17701;49.0111;2.14268;48.9872;2.21134;14
13:31:19.529;48.9992;2.17924;49.0111;2.14491;48.9873;2.21357;14
13:31:19.530;48.9993;2.18285;49.0112;2.14851;48.9874;2.21717;14
13:31:19.530;48.9994;2.18705;49.0113;2.15272;48.9875;2.22138;14
13:31:19.530;48.9994;2.19169;49.0113;2.15735;48.9875;2.22601;14
13:31:19.530;48.9995;2.19624;49.0114;2.1619;48.9876;2.23056;14
13:31:19.530;48.9995;2.20053;49.0114;2.16619;48.9876;2.23485;14
13:31:19.560;48.9995;2.20164;49.0114;2.16731;48.9876;2.23597;14
13:31:19.560;48.9995;2.20233;49.0114;2.168;48.9876;2.23666;14
13:31:19.561;48.9995;2.2025;49.0114;2.16817;48.9876;2.23683;14
13:31:19.784;48.9995;2.20276;49.0114;2.16843;48.9876;2.23709;14
13:31:19.964;48.9996;2.20345;49.0115;2.16911;48.9877;2.23777;14
13:31:19.965;48.9996;2.20482;49.0116;2.17049;48.9877;2.23915;14
13:31:19.965;48.9997;2.20739;49.0116;2.17306;48.9878;2.24172;14
13:31:19.965;48.9998;2.21177;49.0117;2.17744;48.9879;2.2461;14
13:31:19.965;48.9999;2.21632;49.0118;2.18199;48.988;2.25065;14
13:31:19.965;48.9999;2.22001;49.0118;2.18568;48.988;2.25434;14
13:31:19.965;48.9999;2.22301;49.0118;2.18868;48.988;2.25734;14
13:31:19.965;48.9999;2.22576;49.0118;2.19143;48.988;2.26009;14
13:31:19.982;48.9999;2.22731;49.0118;2.19297;48.988;2.26163;14
13:31:19.983;48.9999;2.22816;49.0118;2.19383;48.988;2.26249;14
13:31:20.251;48.9999;2.22834;49.0118;2.194;48.988;2.26266;14
13:31:20.385;49;2.22928;49.0119;2.19495;48.9881;2.26361;14
13:31:20.385;49;2.23065;49.012;2.19632;48.9881;2.26498;14
13:31:20.385;49.0001;2.23366;49.0121;2.19933;48.9882;2.26798;14
13:31:20.385;49.0002;2.23795;49.0121;2.20362;48.9883;2.27228;14
13:31:20.385;49.0003;2.24258;49.0122;2.20825;48.9884;2.27691;14
13:31:20.385;49.0003;2.24748;49.0122;2.21314;48.9884;2.2818;14
13:31:20.444;49.0003;2.25177;49.0122;2.21744;48.9884;2.2861;14
13:31:20.444;49.0003;2.2552;49.0122;2.22087;48.9884;2.28953;14
13:31:20.445;49.0002;2.25563;49.0121;2.2213;48.9883;2.28996;14
13:31:20.722;49.0003;2.25572;49.0122;2.22138;48.9884;2.29004;14
13:31:20.722;49.0003;2.25666;49.0122;2.22233;48.9884;2.29099;14
13:31:20.820;49.0003;2.25863;49.0122;2.2243;48.9884;2.29296;14
13:31:20.820;49.0003;2.26198;49.0122;2.22765;48.9884;2.29631;14
13:31:20.882;49.0003;2.26653;49.0122;2.2322;48.9884;2.30086;14
13:31:20.883;49.0003;2.27125;49.0122;2.23692;48.9884;2.30558;14
13:31:20.883;49.0002;2.27451;49.0121;2.24018;48.9883;2.30884;14
13:31:20.883;49;2.28112;49.012;2.24679;48.9881;2.31545;14
13:31:20.883;48.9999;2.28292;49.0118;2.24859;48.988;2.31725;14
13:31:20.883;48.9999;2.2831;49.0118;2.24876;48.988;2.31742;14
13:31:21.393;48.9999;2.30679;49.0118;2.27245;48.988;2.34111;14
13:31:21.758;48.9999;2.30687;49.0118;2.27254;48.988;2.3412;14
13:31:21.856;48.9999;2.30696;49.0118;2.27262;48.988;2.34128;14
13:31:21.856;48.9999;2.30713;49.0118;2.2728;48.988;2.34146;14
13:31:21.990;48.9999;2.3073;49.0118;2.27297;48.988;2.34163;14
13:31:21.990;48.9999;2.30773;49.0118;2.2734;48.988;2.34206;14
13:31:21.991;49;2.30953;49.0119;2.2752;48.9881;2.34386;14
13:31:21.991;49;2.30988;49.0119;2.27554;48.9881;2.3442;14
13:31:21.991;49;2.31005;49.0119;2.27571;48.9881;2.34437;14
13:31:21.991;49;2.31022;49.0119;2.27589;48.9881;2.34455;14
13:31:21.991;49;2.31039;49.0119;2.27606;48.9881;2.34472;14
13:31:21.991;49;2.31048;49.0119;2.27614;48.9881;2.3448;14
13:31:22.286;48.9999;2.31048;49.0118;2.27614;48.988;2.3448;14
13:31:22.287;48.9998;2.31048;49.0117;2.27614;48.9879;2.3448;14
13:31:22.287;48.9997;2.31048;49.0116;2.27614;48.9878;2.3448;14
13:31:22.287;48.9995;2.3103;49.0114;2.27597;48.9876;2.34463;14
13:31:22.287;48.9991;2.30988;49.0111;2.27554;48.9872;2.3442;14
13:31:22.287;48.9989;2.30945;49.0108;2.27511;48.9869;2.34377;14
13:31:22.287;48.9986;2.3091;49.0105;2.27477;48.9867;2.34343;14
13:31:22.288;48.9985;2.30893;49.0104;2.2746;48.9865;2.34326;14
13:31:22.288;48.9982;2.3085;49.0101;2.27417;48.9863;2.34283;14
13:31:22.288;48.998;2.3079;49.0099;2.27357;48.986;2.34223;14
13:31:22.288;48.9978;2.30747;49.0097;2.27314;48.9859;2.3418;14
13:31:22.288;48.9977;2.30704;49.0096;2.27271;48.9858;2.34137;14
13:31:22.459;48.9975;2.30447;49.0094;2.27014;48.9855;2.3388;14
13:31:22.459;48.9975;2.30404;49.0094;2.26971;48.9855;2.33837;14
13:31:22.460;48.9974;2.30387;49.0093;2.26954;48.9855;2.33819;14
13:31:22.460;48.9974;2.30361;49.0093;2.26928;48.9855;2.33794;14
13:31:22.460;48.9973;2.30344;49.0092;2.26911;48.9854;2.33777;14
13:31:22.460;48.9973;2.30327;49.0092;2.26893;48.9854;2.33759;14
13:31:22.460;48.9972;2.30309;49.0091;2.26876;48.9853;2.33742;14
13:31:22.574;48.9967;2.30232;49.0086;2.26799;48.9848;2.33665;14
13:31:22.575;48.9967;2.30224;49.0086;2.2679;48.9847;2.33656;14
13:31:22.819;48.9967;2.30215;49.0086;2.26782;48.9848;2.33648;14
13:31:22.819;48.9968;2.30215;49.0087;2.26782;48.9849;2.33648;14
13:31:22.819;48.9968;2.30215;49.0087;2.26782;48.9849;2.33648;14
13:31:22.819;48.9969;2.30215;49.0088;2.26782;48.985;2.33648;14
13:31:22.819;48.9969;2.30206;49.0089;2.26773;48.985;2.33639;14
13:31:22.819;48.997;2.30206;49.0089;2.26773;48.9851;2.33639;14
13:31:22.819;48.9971;2.30198;49.009;2.26765;48.9851;2.33631;14
13:31:22.928;48.9971;2.30198;49.009;2.26765;48.9852;2.33631;14
13:31:22.970;48.9972;2.30198;49.0091;2.26765;48.9853;2.33631;14
13:31:23.043;48.9973;2.30215;49.0092;2.26782;48.9854;2.33648;14
13:31:23.043;48.9973;2.30224;49.0092;2.2679;48.9854;2.33656;14
13:31:23.043;48.9973;2.30224;49.0092;2.2679;48.9854;2.33656;14
13:31:23.195;48.9973;2.30249;49.0092;2.26816;48.9854;2.33682;14
13:31:23.299;48.9973;2.30267;49.0092;2.26833;48.9854;2.33699;14
13:31:23.299;48.9973;2.30309;49.0092;2.26876;48.9854;2.33742;14
13:31:23.299;48.9973;2.30344;49.0092;2.26911;48.9854;2.33777;14
15:49:28.744;48.8534;2.29801;48.8653;2.26368;48.8414;2.33234;14
15:49:28.767;48.8534;2.29801;48.8653;2.26368;48.8414;2.33234;14
15:49:28.767;48.8534;2.29801;48.8653;2.26368;48.8414;2.33234;14
15:49:28.767;48.8534;2.29801;48.8653;2.26368;48.8414;2.33234;14
15:49:29.726;48.9973;2.30344;49.0092;2.26911;48.9854;2.33777;14
15:49:29.726;48.9973;2.30344;49.0092;2.26911;48.9854;2.33777;14
15:49:29.726;48.9973;2.30344;49.0092;2.26911;48.9854;2.33777;14
15:49:29.726;48.9973;2.30344;49.0092;2.26911;48.9854;2.33777;14
15:49:29.997;48.8534;2.29801;48.8653;2.26368;48.8414;2.33234;14
15:49:29.997;48.8534;2.29801;48.8653;2.26368;48.8414;2.33234;14
15:49:29.997;48.8534;2.29801;48.8653;2.26368;48.8414;2.33234;14
15:49:29.997;48.8534;2.29801;48.8653;2.26368;48.8414;2.33234;14
15:49:31.034;48.8533;2.29767;48.8652;2.26333;48.8413;2.33199;14
15:49:31.034;48.8532;2.29732;48.8652;2.26299;48.8413;2.33165;14
15:49:31.034;48.8522;2.29569;48.8642;2.26136;48.8403;2.33002;14
15:49:31.132;48.8522;2.29569;48.8641;2.26136;48.8402;2.33002;14
15:49:31.319;48.8521;2.29569;48.8641;2.26136;48.8402;2.33002;14
15:49:31.408;48.8521;2.29569;48.864;2.26136;48.8401;2.33002;14
15:49:31.460;48.8521;2.29578;48.864;2.26145;48.8401;2.3301;14
15:49:31.460;48.852;2.29578;48.864;2.26145;48.8401;2.3301;14
15:49:31.527;48.852;2.29595;48.8639;2.26162;48.84;2.33028;14
15:49:31.527;48.8519;2.29604;48.8638;2.2617;48.84;2.33036;14
15:49:31.639;48.8518;2.29604;48.8638;2.2617;48.8399;2.33036;14
15:49:31.710;48.8518;2.29604;48.8637;2.2617;48.8399;2.33036;14
15:49:31.822;48.8517;2.29612;48.8637;2.26179;48.8398;2.33045;14
15:49:31.910;48.8517;2.29612;48.8636;2.26179;48.8397;2.33045;14
15:49:32.083;48.8517;2.29621;48.8636;2.26187;48.8397;2.33053;14
15:49:32.083;48.8517;2.29629;48.8636;2.26196;48.8397;2.33062;14
15:49:32.083;48.8517;2.29638;48.8636;2.26205;48.8397;2.33071;14
15:49:32.083;48.8517;2.29646;48.8637;2.26213;48.8398;2.33079;14
15:49:32.233;48.8518;2.29664;48.8637;2.2623;48.8399;2.33096;14
15:49:32.233;48.8518;2.29672;48.8638;2.26239;48.8399;2.33105;14
15:49:32.233;48.8519;2.29672;48.8638;2.26239;48.84;2.33105;14
15:49:32.233;48.852;2.29681;48.864;2.26248;48.8401;2.33113;14
15:49:32.309;48.8521;2.29681;48.8641;2.26248;48.8402;2.33113;14
15:49:32.399;48.8522;2.29681;48.8641;2.26248;48.8402;2.33113;14
15:49:32.462;48.8522;2.29689;48.8642;2.26256;48.8403;2.33122;14
15:49:32.501;48.8523;2.29689;48.8643;2.26256;48.8404;2.33122;14
15:49:32.592;48.8524;2.29689;48.8643;2.26256;48.8404;2.33122;14
