21:35:53.552;48.8547;2.34386;49.0455;1.79455;48.6632;2.89318;10
21:35:53.567;48.8547;2.33837;49.0455;1.78905;48.6632;2.88768;10
21:35:53.567;48.8547;2.3315;49.0455;1.78219;48.6632;2.88082;10
21:35:53.568;48.8556;2.32601;49.0464;1.7767;48.6642;2.87532;10
21:35:53.582;48.8556;2.32327;49.0464;1.77395;48.6642;2.87258;10
21:35:53.600;48.8556;2.32189;49.0464;1.77258;48.6642;2.8712;10
21:35:53.601;48.8556;2.31915;49.0464;1.76983;48.6642;2.86846;10
21:35:53.615;48.8556;2.3164;49.0464;1.76708;48.6642;2.86571;10
21:35:53.653;48.8556;2.31091;49.0464;1.76159;48.6642;2.86022;10
21:35:53.666;48.8547;2.30541;49.0455;1.7561;48.6632;2.85472;10
21:35:54.499;48.8565;2.30541;49.0473;1.7561;48.6651;2.85472;10
21:35:54.567;48.8583;2.30541;49.0491;1.7561;48.6669;2.85472;10
21:35:54.567;48.8601;2.30541;49.0509;1.7561;48.6687;2.85472;10
21:35:54.567;48.8619;2.30541;49.0527;1.7561;48.6705;2.85472;10
21:35:54.567;48.8638;2.30541;49.0545;1.7561;48.6723;2.85472;10
21:35:54.603;48.8647;2.30541;49.0554;1.7561;48.6732;2.85472;10
21:35:54.603;48.8656;2.30541;49.0563;1.7561;48.6741;2.85472;10
21:35:54.617;48.8665;2.30404;49.0572;1.75472;48.675;2.85335;10
21:35:55.050;48.8674;2.30404;49.0581;1.75472;48.6759;2.85335;10
21:35:55.236;48.8656;2.30404;49.0563;1.75472;48.6741;2.85335;10
21:35:55.254;48.8647;2.30404;49.0554;1.75472;48.6732;2.85335;10
21:35:55.290;48.8638;2.30404;49.0545;1.75472;48.6723;2.85335;10
21:35:55.952;48.8629;2.30679;49.0536;1.75747;48.6714;2.8561;10
21:35:56.020;48.8592;2.31503;49.05;1.76571;48.6678;2.86434;10
21:35:56.021;48.8574;2.32189;49.0482;1.77258;48.666;2.8712;10
21:35:56.021;48.8538;2.32601;49.0446;1.7767;48.6623;2.87532;10
21:35:56.021;48.852;2.32876;49.0428;1.77944;48.6605;2.87807;10
21:35:56.056;48.8502;2.33013;49.041;1.78082;48.6587;2.87944;10
21:35:56.056;48.8484;2.3315;49.0392;1.78219;48.6569;2.88082;10
21:35:56.077;48.8484;2.33288;49.0392;1.78356;48.6569;2.88219;10
21:35:56.104;48.8475;2.33425;49.0383;1.78493;48.656;2.88356;10
21:35:56.121;48.8466;2.33562;49.0374;1.78631;48.6551;2.88494;10
21:35:56.140;48.8457;2.33837;49.0365;1.78905;48.6542;2.88768;10
21:35:56.995;48.8457;2.33837;48.9412;2.06371;48.75;2.61302;11
21:35:56.995;48.8457;2.33837;48.9412;2.06371;48.75;2.61302;11
21:35:57.161;48.8457;2.33837;48.8934;2.20104;48.7979;2.4757;12
21:35:57.161;48.8457;2.33837;48.8934;2.20104;48.7979;2.4757;12
21:35:57.925;48.8466;2.34009;48.8943;2.20276;48.7988;2.47741;12
21:35:57.993;48.8477;2.3418;48.8955;2.20448;48.7999;2.47913;12
21:35:57.993;48.8486;2.34352;48.8964;2.20619;48.8008;2.48084;12
21:35:57.993;48.8491;2.34489;48.8968;2.20757;48.8013;2.48222;12
21:35:57.993;48.8491;2.34558;48.8968;2.20825;48.8013;2.4829;12
21:35:58.028;48.8491;2.34695;48.8968;2.20963;48.8013;2.48428;12
21:35:58.028;48.8491;2.34936;48.8968;2.21203;48.8013;2.48668;12
21:35:58.060;48.8495;2.35279;48.8973;2.21546;48.8017;2.49011;12
21:35:58.060;48.85;2.35519;48.8977;2.21786;48.8022;2.49252;12
21:35:58.080;48.8502;2.35588;48.898;2.21855;48.8024;2.4932;12
21:35:58.093;48.8502;2.35622;48.898;2.21889;48.8024;2.49355;12
21:35:58.192;48.8507;2.35622;48.8984;2.21889;48.8028;2.49355;12
21:35:58.261;48.8511;2.35622;48.8989;2.21889;48.8033;2.49355;12
21:35:58.261;48.8513;2.35622;48.8991;2.21889;48.8035;2.49355;12
21:35:58.261;48.8518;2.35622;48.8995;2.21889;48.804;2.49355;12
21:35:58.261;48.8527;2.35588;48.9004;2.21855;48.8049;2.4932;12
21:35:58.281;48.8536;2.35588;48.9013;2.21855;48.8058;2.4932;12
21:35:58.296;48.8547;2.35588;48.9025;2.21855;48.8069;2.4932;12
21:35:58.329;48.8559;2.35588;48.9036;2.21855;48.808;2.4932;12
21:35:58.329;48.8563;2.35588;48.904;2.21855;48.8085;2.4932;12
21:35:58.428;48.8565;2.35622;48.9043;2.21889;48.8087;2.49355;12
21:35:58.463;48.8561;2.35657;48.9038;2.21924;48.8083;2.49389;12
21:35:58.479;48.8559;2.35657;48.9036;2.21924;48.808;2.49389;12
21:35:58.564;48.8554;2.35657;48.9031;2.21924;48.8076;2.49389;12
21:35:58.564;48.8549;2.35657;48.9027;2.21924;48.8072;2.49389;12
21:35:58.564;48.8545;2.35657;48.9022;2.21924;48.8067;2.49389;12
21:35:58.564;48.8536;2.35657;48.9013;2.21924;48.8058;2.49389;12
21:35:58.564;48.8522;2.35588;48.9;2.21855;48.8044;2.4932;12
21:35:58.579;48.85;2.35519;48.8977;2.21786;48.8022;2.49252;12
21:35:58.596;48.8486;2.35519;48.8964;2.21786;48.8008;2.49252;12
21:35:58.612;48.8482;2.35519;48.8959;2.21786;48.8004;2.49252;12
21:35:58.629;48.8475;2.35519;48.8952;2.21786;48.7997;2.49252;12
21:35:58.663;48.8473;2.35519;48.895;2.21786;48.7995;2.49252;12
21:35:58.663;48.8468;2.35519;48.8946;2.21786;48.799;2.49252;12
21:35:58.678;48.8466;2.35519;48.8943;2.21786;48.7988;2.49252;12
21:35:58.695;48.8464;2.35519;48.8941;2.21786;48.7985;2.49252;12
21:35:58.714;48.8459;2.35519;48.8937;2.21786;48.7981;2.49252;12
21:35:58.729;48.8457;2.35519;48.8934;2.21786;48.7979;2.49252;12
21:35:58.863;48.8466;2.35519;48.8943;2.21786;48.7988;2.49252;12
21:35:58.879;48.8479;2.35519;48.8957;2.21786;48.8001;2.49252;12
21:35:58.898;48.8498;2.35554;48.8975;2.21821;48.8019;2.49286;12
21:35:58.913;48.8516;2.35588;48.8993;2.21855;48.8037;2.4932;12
21:35:58.929;48.8534;2.35588;48.9011;2.21855;48.8056;2.4932;12
21:35:58.945;48.8556;2.35622;48.9034;2.21889;48.8078;2.49355;12
21:35:58.964;48.8579;2.35622;48.9056;2.21889;48.8101;2.49355;12
21:35:58.980;48.8604;2.35622;48.9081;2.21889;48.8126;2.49355;12
21:35:59.013;48.8615;2.35622;48.9092;2.21889;48.8137;2.49355;12
21:35:59.013;48.8629;2.35622;48.9106;2.21889;48.8151;2.49355;12
21:35:59.030;48.8633;2.35622;48.911;2.21889;48.8155;2.49355;12
21:35:59.047;48.864;2.35622;48.9117;2.21889;48.8162;2.49355;12
21:35:59.063;48.8644;2.35622;48.9122;2.21889;48.8166;2.49355;12
21:35:59.096;48.8649;2.35622;48.9126;2.21889;48.8171;2.49355;12
21:35:59.096;48.8653;2.35622;48.9131;2.21889;48.8176;2.49355;12
21:35:59.479;48.8658;2.35622;48.9135;2.21889;48.818;2.49355;12
21:35:59.545;48.8669;2.35622;48.9147;2.21889;48.8191;2.49355;12
21:35:59.547;48.8683;2.35622;48.916;2.21889;48.8205;2.49355;12
21:35:59.547;48.8692;2.35622;48.9169;2.21889;48.8214;2.49355;12
21:35:59.547;48.8701;2.35622;48.9178;2.21889;48.8223;2.49355;12
21:35:59.562;48.8708;2.35622;48.9185;2.21889;48.823;2.49355;12
21:35:59.587;48.871;2.35622;48.9187;2.21889;48.8232;2.49355;12
21:36:00.271;48.871;2.35622;48.8949;2.28756;48.8471;2.42488;13
21:36:00.272;48.871;2.35622;48.8949;2.28756;48.8471;2.42488;13
21:36:00.682;48.8708;2.3564;48.8946;2.28773;48.8469;2.42505;13
21:36:00.741;48.8705;2.3564;48.8944;2.28773;48.8466;2.42505;13
21:36:00.741;48.8703;2.35622;48.8942;2.28756;48.8464;2.42488;13
21:36:00.742;48.8701;2.35622;48.894;2.28756;48.8462;2.42488;13
21:36:00.784;48.8699;2.35605;48.8937;2.28739;48.846;2.42471;13
21:36:00.805;48.8692;2.35588;48.8931;2.28722;48.8453;2.42454;13
21:36:00.828;48.8691;2.35588;48.8929;2.28722;48.8452;2.42454;13
21:36:00.882;48.8689;2.35554;48.8928;2.28687;48.8451;2.4242;13
21:36:00.951;48.8689;2.35537;48.8928;2.2867;48.8451;2.42402;13
21:36:00.952;48.8692;2.35502;48.8931;2.28636;48.8453;2.42368;13
21:36:00.952;48.8693;2.35468;48.8932;2.28601;48.8454;2.42334;13
21:36:00.952;48.8695;2.35451;48.8934;2.28584;48.8456;2.42317;13
21:36:00.991;48.8697;2.35416;48.8936;2.2855;48.8459;2.42282;13
21:36:01.008;48.87;2.35348;48.8938;2.28481;48.8461;2.42214;13
21:36:01.009;48.8703;2.3521;48.8942;2.28344;48.8464;2.42076;13
21:36:01.024;48.8703;2.35176;48.8942;2.2831;48.8464;2.42042;13
21:36:02.479;48.8701;2.3509;48.894;2.28224;48.8462;2.41956;13
21:36:02.728;48.8701;2.35056;48.894;2.28189;48.8462;2.41922;13
21:36:02.906;48.87;2.35039;48.8938;2.28172;48.8461;2.41905;13
21:36:02.989;48.87;2.35073;48.8938;2.28207;48.8461;2.41939;13
21:36:03.058;48.87;2.35107;48.8938;2.28241;48.8461;2.41973;13
21:36:03.058;48.87;2.35125;48.8938;2.28258;48.8461;2.41991;13
21:36:03.058;48.8701;2.35142;48.894;2.28275;48.8462;2.42008;13
21:36:03.058;48.8702;2.35142;48.8941;2.28275;48.8463;2.42008;13
21:36:03.073;48.8703;2.35142;48.8942;2.28275;48.8464;2.42008;13
21:36:03.205;48.8702;2.35125;48.8941;2.28258;48.8463;2.41991;13
21:36:03.340;48.8701;2.35125;48.894;2.28258;48.8462;2.41991;13
21:36:03.390;48.8701;2.35107;48.894;2.28241;48.8462;2.41973;13
21:36:03.390;48.8701;2.3509;48.894;2.28224;48.8462;2.41956;13
21:36:03.459;48.8701;2.35107;48.894;2.28241;48.8462;2.41973;13
21:36:03.475;48.8702;2.35125;48.8941;2.28258;48.8463;2.41991;13
21:36:03.526;48.8703;2.35159;48.8942;2.28292;48.8464;2.42025;13
21:36:03.527;48.8703;2.35176;48.8942;2.2831;48.8464;2.42042;13
21:36:04.965;48.8702;2.35142;48.8941;2.28275;48.8463;2.42008;13
21:36:04.980;48.8701;2.35056;48.894;2.28189;48.8462;2.41922;13
21:36:05.010;48.8699;2.34575;48.8937;2.27709;48.846;2.41441;13
21:36:05.030;48.8699;2.34386;48.8937;2.2752;48.846;2.41252;13
21:36:05.046;48.8699;2.34369;48.8937;2.27503;48.846;2.41235;13
21:36:05.063;48.8701;2.34386;48.894;2.2752;48.8462;2.41252;13
21:36:05.081;48.8709;2.34575;48.8947;2.27709;48.847;2.41441;13
21:36:05.096;48.872;2.35262;48.8959;2.28395;48.8481;2.42128;13
21:36:05.112;48.8729;2.3612;48.8968;2.29254;48.849;2.42986;13
21:36:05.130;48.8738;2.36807;48.8977;2.2994;48.8499;2.43673;13
21:36:05.145;48.874;2.36927;48.8979;2.30061;48.8502;2.43793;13
21:36:05.181;48.874;2.36824;48.8979;2.29958;48.8502;2.4369;13
21:36:05.199;48.8735;2.36292;48.8973;2.29425;48.8496;2.43158;13
21:36:05.212;48.8723;2.35382;48.8962;2.28516;48.8484;2.42248;13
21:36:05.228;48.8715;2.3473;48.8954;2.27863;48.8477;2.41596;13
21:36:05.247;48.8713;2.34541;48.8952;2.27674;48.8474;2.41407;13
21:36:05.281;48.8714;2.34678;48.8953;2.27812;48.8475;2.41544;13
21:36:05.297;48.8721;2.35382;48.896;2.28516;48.8482;2.42248;13
21:36:05.315;48.8729;2.36086;48.8968;2.29219;48.849;2.42952;13
21:36:05.327;48.8737;2.36635;48.8976;2.29769;48.8498;2.43501;13
21:36:05.345;48.874;2.36721;48.8979;2.29855;48.8502;2.43587;13
21:36:05.365;48.874;2.36687;48.8979;2.2982;48.8502;2.43553;13
21:36:05.379;48.874;2.36137;48.8979;2.29271;48.8502;2.43003;13
21:36:05.398;48.8732;2.34798;48.8971;2.27932;48.8493;2.41664;13
21:36:05.414;48.8722;2.33253;48.8961;2.26387;48.8483;2.40119;13
21:36:05.430;48.8717;2.31777;48.8955;2.24911;48.8478;2.38643;13
21:36:05.449;48.8714;2.30919;48.8953;2.24052;48.8475;2.37785;13
21:36:05.466;48.8714;2.30473;48.8953;2.23606;48.8475;2.37338;13
21:36:05.479;48.8714;2.30387;48.8953;2.2352;48.8475;2.37253;13
21:36:05.496;48.8715;2.30387;48.8954;2.2352;48.8477;2.37253;13
21:36:05.515;48.8717;2.30387;48.8955;2.2352;48.8478;2.37253;13
21:36:05.535;48.8719;2.30404;48.8958;2.23537;48.848;2.3727;13
21:36:05.537;48.8721;2.30438;48.896;2.23572;48.8482;2.37304;13
21:36:05.581;48.8722;2.30473;48.8961;2.23606;48.8483;2.37338;13
21:36:05.581;48.8725;2.30593;48.8963;2.23726;48.8486;2.37459;13
21:36:05.598;48.8725;2.30816;48.8963;2.23949;48.8486;2.37682;13
21:36:05.849;48.8725;2.30627;48.8963;2.23761;48.8486;2.37493;13
21:36:05.849;48.8725;2.30301;48.8963;2.23434;48.8486;2.37167;13
21:36:05.864;48.8725;2.29649;48.8963;2.22782;48.8486;2.36515;13
21:36:05.882;48.8723;2.28893;48.8962;2.22027;48.8484;2.35759;13
21:36:06.003;48.8722;2.28189;48.8961;2.21323;48.8483;2.35055;13
21:36:06.003;48.8721;2.2764;48.896;2.20774;48.8482;2.34506;13
21:36:06.003;48.872;2.27039;48.8959;2.20173;48.8481;2.33905;13
21:36:06.003;48.8719;2.26456;48.8958;2.19589;48.848;2.33322;13
21:36:06.003;48.8719;2.26112;48.8958;2.19246;48.848;2.32978;13
21:36:06.010;48.8719;2.26027;48.8958;2.1916;48.848;2.32892;13
21:36:06.010;48.8719;2.26009;48.8958;2.19143;48.848;2.32875;13
21:36:06.090;48.872;2.26009;48.8959;2.19143;48.8481;2.32875;13
21:36:06.166;48.8721;2.26044;48.896;2.19177;48.8482;2.3291;13
21:36:06.368;48.8721;2.26061;48.896;2.19194;48.8482;2.32927;13
21:36:06.368;48.8721;2.26095;48.896;2.19229;48.8482;2.32961;13
21:36:06.368;48.8722;2.26181;48.8961;2.19315;48.8483;2.33047;13
21:36:06.368;48.8723;2.26267;48.8962;2.194;48.8484;2.33133;13
21:36:06.368;48.8725;2.26301;48.8963;2.19435;48.8486;2.33167;13
21:36:06.369;48.8725;2.26336;48.8963;2.19469;48.8486;2.33201;13
21:36:06.369;48.8725;2.26353;48.8963;2.19486;48.8486;2.33219;13
21:36:06.369;48.8726;2.26439;48.8964;2.19572;48.8487;2.33304;13
21:36:06.369;48.8727;2.26662;48.8965;2.19795;48.8488;2.33528;13
21:36:06.369;48.8729;2.27074;48.8968;2.20207;48.849;2.3394;13
21:36:06.383;48.8731;2.27606;48.897;2.20739;48.8492;2.34472;13
21:36:06.384;48.8735;2.28121;48.8973;2.21254;48.8496;2.34987;13
21:36:06.384;48.8736;2.2855;48.8974;2.21684;48.8497;2.35416;13
21:36:06.401;48.8738;2.29254;48.8977;2.22387;48.8499;2.3612;13
21:36:06.441;48.8739;2.30129;48.8978;2.23263;48.85;2.36995;13
21:36:06.452;48.8741;2.31056;48.898;2.2419;48.8503;2.37922;13
21:36:06.452;48.8742;2.31812;48.8981;2.24945;48.8504;2.38677;13
21:36:06.454;48.8744;2.32258;48.8982;2.25391;48.8505;2.39124;13
21:36:06.472;48.8744;2.32687;48.8982;2.25821;48.8505;2.39553;13
21:36:06.500;48.8744;2.32927;48.8982;2.26061;48.8505;2.39793;13
21:36:06.518;48.8744;2.33013;48.8982;2.26147;48.8505;2.39879;13
21:36:06.865;48.8744;2.3303;48.8982;2.26164;48.8505;2.39896;13
21:36:06.934;48.8746;2.33116;48.8985;2.2625;48.8507;2.39982;13
21:36:06.934;48.875;2.33356;48.8989;2.2649;48.8512;2.40222;13
21:36:06.934;48.8757;2.33786;48.8996;2.26919;48.8518;2.40652;13
21:36:06.934;48.8763;2.34386;48.9002;2.2752;48.8524;2.41252;13
21:36:06.978;48.8765;2.3485;48.9004;2.27983;48.8526;2.41716;13
21:36:06.981;48.8767;2.35348;48.9006;2.28481;48.8529;2.42214;13
21:36:06.994;48.8767;2.35434;48.9006;2.28567;48.8529;2.42299;13
21:36:07.006;48.8767;2.35485;48.9006;2.28619;48.8529;2.42351;13
21:36:07.117;48.8766;2.35485;48.9005;2.28619;48.8527;2.42351;13
21:36:07.221;48.8764;2.35485;48.9003;2.28619;48.8525;2.42351;13
21:36:07.221;48.8763;2.35485;48.9002;2.28619;48.8524;2.42351;13
21:36:07.221;48.8759;2.35485;48.8998;2.28619;48.8521;2.42351;13
21:36:07.221;48.8755;2.35485;48.8994;2.28619;48.8516;2.42351;13
21:36:07.221;48.875;2.35485;48.8989;2.28619;48.8512;2.42351;13
21:36:07.221;48.8746;2.35485;48.8985;2.28619;48.8507;2.42351;13
21:36:07.238;48.8741;2.35502;48.898;2.28636;48.8503;2.42368;13
21:36:07.253;48.8737;2.35519;48.8976;2.28653;48.8498;2.42385;13
21:36:07.291;48.8735;2.35537;48.8973;2.2867;48.8496;2.42402;13
21:36:07.291;48.8733;2.35537;48.8972;2.2867;48.8495;2.42402;13
21:36:07.403;48.8735;2.35537;48.8973;2.2867;48.8496;2.42402;13
21:36:07.419;48.8737;2.35519;48.8976;2.28653;48.8498;2.42385;13
21:36:07.436;48.8739;2.35485;48.8978;2.28619;48.85;2.42351;13
21:36:07.469;48.874;2.35451;48.8979;2.28584;48.8502;2.42317;13
21:36:07.469;48.8742;2.35434;48.8981;2.28567;48.8504;2.42299;13
21:36:07.486;48.8744;2.35416;48.8982;2.2855;48.8505;2.42282;13
21:36:08.602;48.9547;2.34661;48.9786;2.27795;48.9309;2.41527;13
21:36:10.192;48.9546;2.34661;48.9785;2.27795;48.9308;2.41527;13
21:36:10.262;48.9545;2.34661;48.9784;2.27795;48.9307;2.41527;13
21:36:10.262;48.9544;2.34627;48.9782;2.2776;48.9306;2.41493;13
21:36:10.262;48.9543;2.3461;48.9781;2.27743;48.9305;2.41476;13
21:36:10.262;48.9541;2.34575;48.9779;2.27709;48.9302;2.41441;13
21:36:10.278;48.954;2.34541;48.9778;2.27674;48.9301;2.41407;13
21:36:10.319;48.9538;2.34489;48.9777;2.27623;48.93;2.41355;13
21:36:10.324;48.9538;2.34421;48.9777;2.27554;48.93;2.41287;13
21:36:10.324;48.9537;2.34386;48.9776;2.2752;48.9299;2.41252;13
21:36:10.342;48.9537;2.34352;48.9776;2.27486;48.9299;2.41218;13
21:36:10.362;48.9537;2.34318;48.9776;2.27451;48.9299;2.41184;13
21:36:10.380;48.9537;2.34301;48.9776;2.27434;48.9299;2.41167;13
21:36:10.395;48.9537;2.34266;48.9776;2.274;48.9299;2.41132;13
21:36:10.412;48.9536;2.34232;48.9775;2.27365;48.9298;2.41098;13
21:36:10.427;48.9536;2.34198;48.9775;2.27331;48.9298;2.41064;13
21:36:10.445;48.9535;2.3418;48.9773;2.27314;48.9297;2.41046;13
21:36:10.461;48.9535;2.34146;48.9773;2.2728;48.9297;2.41012;13
21:36:10.476;48.9535;2.34112;48.9773;2.27245;48.9297;2.40978;13
21:36:10.493;48.9535;2.34077;48.9773;2.27211;48.9297;2.40943;13
21:36:10.511;48.9535;2.3406;48.9773;2.27194;48.9297;2.40926;13
21:36:10.630;48.9534;2.3418;48.9772;2.27314;48.9296;2.41046;13
21:36:10.645;48.9534;2.34386;48.9772;2.2752;48.9296;2.41252;13
21:36:10.663;48.9534;2.34575;48.9772;2.27709;48.9296;2.41441;13
21:36:10.679;48.9534;2.34713;48.9772;2.27846;48.9296;2.41579;13
21:36:10.712;48.9534;2.3485;48.9772;2.27983;48.9296;2.41716;13
21:36:10.712;48.9534;2.34953;48.9772;2.28086;48.9296;2.41819;13
21:36:10.719;48.9534;2.35039;48.9772;2.28172;48.9296;2.41905;13
21:36:10.747;48.9534;2.35107;48.9772;2.28241;48.9296;2.41973;13
21:36:10.761;48.9534;2.35142;48.9772;2.28275;48.9296;2.42008;13
21:36:10.797;48.9534;2.35193;48.9772;2.28327;48.9296;2.42059;13
21:36:10.977;48.9534;2.35159;48.9772;2.28292;48.9296;2.42025;13
21:36:11.048;48.9534;2.35125;48.9772;2.28258;48.9296;2.41991;13
21:36:11.048;48.9534;2.35073;48.9772;2.28207;48.9296;2.41939;13
21:36:11.048;48.9533;2.35004;48.9771;2.28138;48.9294;2.4187;13
21:36:11.048;48.9533;2.34919;48.9771;2.28052;48.9294;2.41785;13
21:36:11.063;48.9533;2.34833;48.9771;2.27966;48.9294;2.41699;13
21:36:11.116;48.9533;2.34747;48.9771;2.2788;48.9294;2.41613;13
21:36:11.116;48.9533;2.34678;48.9771;2.27812;48.9294;2.41544;13
21:36:11.116;48.9533;2.34644;48.9771;2.27777;48.9294;2.4151;13
21:36:11.428;48.9533;2.34661;48.9771;2.27795;48.9294;2.41527;13
21:36:12.451;48.9771;2.27795;49.0009;2.20928;48.9533;2.34661;13
21:36:14.371;48.9771;2.27812;49.0009;2.20945;48.9533;2.34678;13
21:36:14.387;48.9771;2.27846;49.0009;2.2098;48.9533;2.34712;13
21:36:14.433;48.9771;2.27966;49.0009;2.211;48.9533;2.34832;13
21:36:14.434;48.9769;2.28155;49.0007;2.21289;48.9531;2.35021;13
21:36:14.479;48.9767;2.28327;49.0005;2.2146;48.9528;2.35193;13
21:36:14.505;48.9758;2.2891;48.9996;2.22044;48.9519;2.35776;13
21:36:14.531;48.9753;2.29065;48.9991;2.22198;48.9515;2.35931;13
21:36:14.556;48.9753;2.29099;48.9991;2.22233;48.9515;2.35965;13
21:36:14.579;48.9752;2.29134;48.999;2.22267;48.9514;2.36;13
21:36:14.604;48.9751;2.29168;48.9989;2.22301;48.9512;2.36034;13
21:36:14.630;48.9751;2.29219;48.9989;2.22353;48.9512;2.36085;13
21:36:14.654;48.975;2.29237;48.9988;2.2237;48.9511;2.36103;13
21:36:14.678;48.9746;2.29443;48.9985;2.22576;48.9508;2.36309;13
21:36:14.702;48.9743;2.29597;48.9981;2.22731;48.9505;2.36463;13
21:36:14.728;48.9739;2.29717;48.9977;2.22851;48.95;2.36583;13
21:36:14.753;48.9731;2.29889;48.9969;2.23022;48.9492;2.36755;13
21:36:14.776;48.9726;2.29975;48.9964;2.23108;48.9488;2.36841;13
21:36:14.802;48.972;2.30146;48.9959;2.2328;48.9482;2.37012;13
21:36:14.827;48.9719;2.30215;48.9958;2.23349;48.9481;2.37081;13
21:36:14.852;48.9716;2.30301;48.9954;2.23434;48.9478;2.37167;13
21:36:14.878;48.9716;2.30335;48.9954;2.23469;48.9478;2.37201;13
21:36:14.898;48.9714;2.30387;48.9952;2.2352;48.9475;2.37253;13
21:36:14.920;48.9713;2.30404;48.9951;2.23537;48.9474;2.3727;13
21:36:14.941;48.9711;2.30438;48.995;2.23572;48.9473;2.37304;13
21:36:14.963;48.971;2.30438;48.9949;2.23572;48.9472;2.37304;13
21:36:15.706;48.9709;2.30438;48.9948;2.23572;48.9471;2.37304;13
21:36:15.776;48.9705;2.30473;48.9943;2.23606;48.9466;2.37338;13
21:36:15.776;48.9692;2.30747;48.9931;2.23881;48.9454;2.37613;13
21:36:15.776;48.9684;2.30988;48.9923;2.24121;48.9446;2.37853;13
21:36:15.826;48.9677;2.31211;48.9915;2.24344;48.9438;2.38077;13
21:36:15.826;48.9671;2.31417;48.9909;2.2455;48.9432;2.38283;13
21:36:15.826;48.9669;2.31554;48.9907;2.24688;48.943;2.3842;13
21:36:15.861;48.9662;2.31726;48.99;2.24859;48.9423;2.38592;13
21:36:15.875;48.9656;2.31897;48.9894;2.25031;48.9418;2.38763;13
21:36:15.875;48.9648;2.32035;48.9887;2.25168;48.941;2.38901;13
21:36:15.958;48.9643;2.32155;48.9881;2.25288;48.9404;2.39021;13
21:36:15.958;48.9637;2.32241;48.9875;2.25374;48.9399;2.39107;13
21:36:15.958;48.9632;2.32275;48.9871;2.25409;48.9394;2.39141;13
21:36:15.958;48.963;2.32309;48.9869;2.25443;48.9392;2.39175;13
21:36:15.958;48.9628;2.32344;48.9866;2.25477;48.939;2.3921;13
21:36:15.976;48.9627;2.32344;48.9865;2.25477;48.9389;2.3921;13
21:36:16.012;48.9625;2.32378;48.9863;2.25512;48.9386;2.39244;13
21:36:16.012;48.9622;2.32395;48.9861;2.25529;48.9384;2.39261;13
21:36:16.015;48.9621;2.32412;48.986;2.25546;48.9383;2.39278;13
21:36:16.044;48.9621;2.3243;48.986;2.25563;48.9383;2.39295;13
21:36:16.093;48.9621;2.32447;48.986;2.2558;48.9383;2.39313;13
21:36:16.110;48.9621;2.32464;48.986;2.25597;48.9383;2.3933;13
21:36:16.125;48.962;2.32464;48.9859;2.25597;48.9382;2.3933;13
21:36:16.644;48.9619;2.32498;48.9857;2.25632;48.9381;2.39364;13
21:36:16.663;48.9617;2.3255;48.9855;2.25683;48.9378;2.39416;13
21:36:16.682;48.9616;2.32584;48.9854;2.25718;48.9377;2.3945;13
21:36:16.682;48.9613;2.32653;48.9852;2.25786;48.9375;2.39519;13
21:36:16.711;48.9611;2.32721;48.985;2.25855;48.9373;2.39587;13
21:36:16.729;48.9609;2.32807;48.9847;2.25941;48.937;2.39673;13
21:36:16.763;48.9607;2.32893;48.9845;2.26027;48.9368;2.39759;13
21:36:16.763;48.9604;2.32962;48.9843;2.26095;48.9366;2.39828;13
21:36:16.780;48.9602;2.3303;48.984;2.26164;48.9364;2.39896;13
21:36:16.795;48.96;2.33082;48.9838;2.26215;48.9361;2.39948;13
21:36:16.811;48.9598;2.33116;48.9836;2.2625;48.9359;2.39982;13
21:36:16.829;48.9595;2.3315;48.9834;2.26284;48.9357;2.40016;13
21:36:16.845;48.9593;2.33185;48.9831;2.26318;48.9355;2.40051;13
21:36:16.862;48.9591;2.33219;48.9829;2.26353;48.9352;2.40085;13
21:36:16.879;48.9588;2.33288;48.9826;2.26421;48.9349;2.40154;13
21:36:16.895;48.9583;2.33356;48.9821;2.2649;48.9344;2.40222;13
21:36:16.913;48.958;2.33442;48.9818;2.26576;48.9341;2.40308;13
21:36:16.929;48.9575;2.33562;48.9813;2.26696;48.9337;2.40428;13
21:36:16.946;48.9571;2.33648;48.9809;2.26782;48.9332;2.40514;13
21:36:16.963;48.9566;2.33734;48.9804;2.26868;48.9328;2.406;13
21:36:16.979;48.9562;2.33837;48.98;2.26971;48.9323;2.40703;13
21:36:16.997;48.9559;2.33957;48.9798;2.27091;48.9321;2.40823;13
21:36:17.013;48.9556;2.34095;48.9794;2.27228;48.9318;2.40961;13
21:36:17.029;48.9554;2.3418;48.9792;2.27314;48.9315;2.41046;13
21:36:17.074;48.9551;2.34301;48.979;2.27434;48.9313;2.41167;13
21:36:17.074;48.955;2.34386;48.9789;2.2752;48.9312;2.41252;13
21:36:17.077;48.9549;2.34489;48.9787;2.27623;48.9311;2.41355;13
21:36:17.091;48.9548;2.3461;48.9786;2.27743;48.931;2.41476;13
21:36:17.106;48.9547;2.34713;48.9785;2.27846;48.9309;2.41579;13
21:36:17.120;48.9547;2.34781;48.9785;2.27915;48.9309;2.41647;13
21:36:17.135;48.9547;2.34867;48.9785;2.28001;48.9309;2.41733;13
21:36:17.151;48.9547;2.34901;48.9785;2.28035;48.9309;2.41767;13
21:36:17.172;48.9547;2.34936;48.9785;2.28069;48.9309;2.41802;13
21:36:17.186;48.9547;2.34953;48.9785;2.28086;48.9309;2.41819;13
21:36:17.646;48.9545;2.34953;48.9783;2.28086;48.9306;2.41819;13
21:36:17.728;48.9541;2.34987;48.978;2.28121;48.9303;2.41853;13
21:36:17.728;48.9537;2.35004;48.9775;2.28138;48.9298;2.4187;13
21:36:17.750;48.9531;2.35056;48.977;2.28189;48.9293;2.41922;13
21:36:17.750;48.9523;2.35125;48.9762;2.28258;48.9285;2.41991;13
21:36:17.753;48.9505;2.35348;48.9743;2.28481;48.9267;2.42214;13
21:36:17.782;48.95;2.35382;48.9738;2.28516;48.9261;2.42248;13
21:36:17.799;48.9494;2.35416;48.9732;2.2855;48.9255;2.42282;13
21:36:17.816;48.9489;2.35451;48.9728;2.28584;48.9251;2.42317;13
21:36:17.832;48.9486;2.35468;48.9724;2.28601;48.9248;2.42334;13
21:36:17.849;48.9484;2.35485;48.9722;2.28619;48.9245;2.42351;13
21:36:17.865;48.9482;2.35502;48.972;2.28636;48.9243;2.42368;13
21:36:17.881;48.948;2.35502;48.9719;2.28636;48.9242;2.42368;13
21:36:18.716;48.9482;2.35502;48.972;2.28636;48.9243;2.42368;13
21:36:18.868;48.9483;2.35502;48.9721;2.28636;48.9244;2.42368;13
21:36:18.868;48.9484;2.35502;48.9722;2.28636;48.9245;2.42368;13
21:36:18.868;48.9486;2.35502;48.9724;2.28636;48.9248;2.42368;13
21:36:18.868;48.9488;2.35502;48.9727;2.28636;48.925;2.42368;13
21:36:18.868;48.9492;2.35502;48.973;2.28636;48.9253;2.42368;13
21:36:18.868;48.9496;2.35502;48.9734;2.28636;48.9258;2.42368;13
21:36:18.868;48.95;2.35502;48.9738;2.28636;48.9261;2.42368;13
21:36:18.869;48.9502;2.35502;48.974;2.28636;48.9263;2.42368;13
21:36:18.869;48.9504;2.35502;48.9742;2.28636;48.9266;2.42368;13
21:36:18.886;48.9506;2.35502;48.9745;2.28636;48.9268;2.42368;13
21:36:18.924;48.9507;2.35502;48.9746;2.28636;48.9269;2.42368;13
21:36:18.925;48.9509;2.35502;48.9747;2.28636;48.927;2.42368;13
