22:49:00.378;48.8565;2.34661;49.0473;1.79729;48.6651;2.89592;10
22:49:00.465;48.8547;2.34661;49.0455;1.79729;48.6632;2.89592;10
22:49:00.536;48.8529;2.34661;49.0437;1.79729;48.6614;2.89592;10
22:49:00.628;48.8475;2.34386;49.0383;1.79455;48.656;2.89318;10
22:49:03.724;48.8475;2.34386;48.943;2.06921;48.7518;2.61852;11
22:49:03.724;48.8475;2.34386;48.943;2.06921;48.7518;2.61852;11
22:49:03.864;48.8475;2.34386;48.8952;2.20654;48.7997;2.48119;12
22:49:03.864;48.8475;2.34386;48.8952;2.20654;48.7997;2.48119;12
22:49:04.049;48.8475;2.34386;48.8714;2.2752;48.8236;2.41252;13
22:49:04.049;48.8475;2.34386;48.8714;2.2752;48.8236;2.41252;13
22:49:04.324;48.8477;2.34558;48.8716;2.27692;48.8238;2.41424;13
22:49:04.399;48.8479;2.34816;48.8718;2.27949;48.8241;2.41682;13
22:49:04.557;48.8482;2.35159;48.8721;2.28292;48.8243;2.42025;13
22:49:04.557;48.8485;2.35571;48.8724;2.28704;48.8246;2.42437;13
22:49:04.557;48.85;2.36704;48.8739;2.29837;48.8261;2.4357;13
22:49:04.557;48.8504;2.37099;48.8743;2.30232;48.8265;2.43965;13
22:49:04.557;48.851;2.37442;48.8749;2.30576;48.8271;2.44308;13
22:49:04.557;48.8513;2.37631;48.8752;2.30764;48.8274;2.44497;13
22:49:04.557;48.8518;2.37768;48.8757;2.30902;48.8279;2.44634;13
22:49:04.558;48.8522;2.37854;48.8761;2.30988;48.8283;2.4472;13
22:49:04.558;48.8523;2.37871;48.8762;2.31005;48.8284;2.44737;13
22:49:04.558;48.8525;2.37888;48.8763;2.31022;48.8286;2.44754;13
22:49:04.808;48.8527;2.37751;48.8766;2.30885;48.8288;2.44617;13
22:49:04.880;48.8527;2.37391;48.8766;2.30524;48.8288;2.44256;13
22:49:04.880;48.8527;2.36893;48.8766;2.30026;48.8288;2.43759;13
22:49:04.900;48.8526;2.36361;48.8764;2.29494;48.8287;2.43226;13
22:49:04.900;48.8525;2.35571;48.8763;2.28704;48.8286;2.42437;13
22:49:04.964;48.8522;2.34661;48.8761;2.27795;48.8283;2.41527;13
22:49:04.964;48.852;2.33459;48.8759;2.26593;48.8281;2.40325;13
22:49:05.211;48.8522;2.33425;48.8761;2.26559;48.8283;2.40291;13
22:49:05.310;48.8522;2.33236;48.8761;2.2637;48.8283;2.40102;13
22:49:05.311;48.8522;2.32841;48.8761;2.25975;48.8283;2.39707;13
22:49:05.311;48.8518;2.32258;48.8757;2.25391;48.8279;2.39124;13
22:49:05.311;48.8513;2.3164;48.8752;2.24773;48.8274;2.38506;13
22:49:05.402;48.8505;2.30799;48.8744;2.23932;48.8266;2.37665;13
22:49:05.402;48.8496;2.28996;48.8735;2.2213;48.8257;2.35862;13
22:49:05.402;48.8496;2.28962;48.8735;2.22095;48.8257;2.35828;13
22:49:05.876;48.8498;2.28996;48.8736;2.2213;48.8259;2.35862;13
22:49:05.947;48.8501;2.29082;48.874;2.22216;48.8262;2.35948;13
22:49:05.947;48.8509;2.29202;48.8748;2.22336;48.827;2.36068;13
22:49:05.948;48.8517;2.29305;48.8755;2.22439;48.8278;2.36171;13
22:49:05.948;48.8525;2.29374;48.8763;2.22507;48.8286;2.3624;13
22:49:06.131;48.853;2.29391;48.8769;2.22525;48.8291;2.36257;13
22:49:06.131;48.8536;2.29408;48.8775;2.22542;48.8297;2.36274;13
22:49:06.131;48.8543;2.29408;48.8782;2.22542;48.8304;2.36274;13
22:49:06.131;48.8551;2.29408;48.8789;2.22542;48.8312;2.36274;13
22:49:06.131;48.8556;2.29408;48.8795;2.22542;48.8317;2.36274;13
22:49:06.131;48.8561;2.29408;48.88;2.22542;48.8322;2.36274;13
22:49:06.131;48.8564;2.29408;48.8803;2.22542;48.8325;2.36274;13
22:49:06.131;48.8566;2.29408;48.8805;2.22542;48.8327;2.36274;13
22:49:06.131;48.8569;2.29408;48.8807;2.22542;48.833;2.36274;13
22:49:06.131;48.857;2.29408;48.8809;2.22542;48.8331;2.36274;13
22:49:06.131;48.8571;2.29408;48.881;2.22542;48.8332;2.36274;13
22:49:06.178;48.8572;2.29408;48.8811;2.22542;48.8333;2.36274;13
22:49:06.466;48.8574;2.29391;48.8813;2.22525;48.8335;2.36257;13
22:49:06.466;48.8575;2.29357;48.8814;2.2249;48.8336;2.36223;13
22:49:06.467;48.8578;2.29357;48.8816;2.2249;48.8339;2.36223;13
22:49:06.467;48.858;2.29357;48.8819;2.2249;48.8341;2.36223;13
22:49:06.467;48.8583;2.29357;48.8822;2.2249;48.8344;2.36223;13
22:49:06.467;48.8586;2.29357;48.8824;2.2249;48.8347;2.36223;13
22:49:06.467;48.8589;2.29357;48.8828;2.2249;48.835;2.36223;13
22:49:06.467;48.8593;2.29374;48.8832;2.22507;48.8355;2.3624;13
22:49:06.467;48.8596;2.29374;48.8834;2.22507;48.8357;2.3624;13
22:49:06.468;48.8599;2.29374;48.8838;2.22507;48.836;2.3624;13
22:49:06.468;48.8604;2.29374;48.8842;2.22507;48.8365;2.3624;13
22:49:06.468;48.8609;2.29357;48.8848;2.2249;48.837;2.36223;13
22:49:06.468;48.8614;2.29288;48.8853;2.22422;48.8375;2.36154;13
22:49:06.468;48.8617;2.29151;48.8856;2.22284;48.8378;2.36017;13
22:49:06.482;48.8618;2.28876;48.8857;2.2201;48.8379;2.35742;13
22:49:06.482;48.8618;2.28464;48.8857;2.21598;48.8379;2.3533;13
22:49:06.483;48.8618;2.28086;48.8857;2.2122;48.8379;2.34952;13
22:49:06.483;48.8618;2.27846;48.8857;2.2098;48.8379;2.34712;13
22:49:06.611;48.8618;2.27709;48.8857;2.20842;48.8379;2.34575;13
22:49:06.611;48.8618;2.27623;48.8857;2.20757;48.8379;2.34489;13
22:49:06.611;48.8618;2.27606;48.8857;2.20739;48.8379;2.34472;13
22:49:06.611;48.8617;2.27571;48.8856;2.20705;48.8378;2.34437;13
22:49:06.750;48.8616;2.27571;48.8855;2.20705;48.8377;2.34437;13
22:49:06.750;48.8615;2.27571;48.8854;2.20705;48.8376;2.34437;13
22:49:06.750;48.8614;2.27571;48.8853;2.20705;48.8375;2.34437;13
22:49:06.750;48.8611;2.27571;48.885;2.20705;48.8373;2.34437;13
22:49:06.751;48.861;2.27571;48.8849;2.20705;48.8372;2.34437;13
22:49:06.751;48.8609;2.27589;48.8848;2.20722;48.837;2.34455;13
22:49:06.818;48.8609;2.27606;48.8848;2.20739;48.837;2.34472;13
22:49:06.819;48.8608;2.27606;48.8847;2.20739;48.8369;2.34472;13
22:49:06.819;48.8608;2.27623;48.8847;2.20757;48.8369;2.34489;13
22:49:06.900;48.8608;2.27606;48.8847;2.20739;48.8369;2.34472;13
22:49:07.023;48.8608;2.27571;48.8847;2.20705;48.8369;2.34437;13
22:49:07.023;48.8608;2.27434;48.8847;2.20568;48.8369;2.343;13
22:49:07.023;48.8608;2.27297;48.8847;2.2043;48.8369;2.34163;13
22:49:07.023;48.8608;2.27057;48.8847;2.2019;48.8369;2.33922;13
22:49:07.023;48.8607;2.26765;48.8846;2.19898;48.8368;2.33631;13
22:49:07.151;48.8607;2.26507;48.8846;2.19641;48.8368;2.33373;13
22:49:07.151;48.8607;2.2613;48.8846;2.19263;48.8368;2.32995;13
22:49:07.151;48.8607;2.26112;48.8846;2.19246;48.8368;2.32978;13
22:49:07.151;48.8607;2.26095;48.8846;2.19229;48.8368;2.32961;13
22:49:07.152;48.8607;2.26061;48.8846;2.19194;48.8368;2.32927;13
22:49:07.152;48.8607;2.26044;48.8846;2.19177;48.8368;2.3291;13
22:49:07.152;48.8607;2.26027;48.8846;2.1916;48.8368;2.32892;13
22:49:07.302;48.8607;2.25992;48.8846;2.19126;48.8368;2.32858;13
22:49:07.302;48.8607;2.25975;48.8846;2.19109;48.8368;2.32841;13
22:49:07.302;48.8607;2.25941;48.8846;2.19074;48.8368;2.32807;13
22:49:07.302;48.8606;2.25941;48.8845;2.19074;48.8367;2.32807;13
22:49:07.316;48.8606;2.25924;48.8845;2.19057;48.8367;2.32789;13
22:49:07.317;48.8606;2.25906;48.8845;2.1904;48.8367;2.32772;13
22:49:07.317;48.8606;2.25838;48.8845;2.18971;48.8367;2.32704;13
22:49:07.317;48.8605;2.25803;48.8844;2.18937;48.8366;2.32669;13
22:49:07.486;48.8605;2.25769;48.8844;2.18903;48.8366;2.32635;13
22:49:07.486;48.8605;2.25752;48.8844;2.18885;48.8366;2.32618;13
22:49:07.486;48.8605;2.25735;48.8844;2.18868;48.8366;2.32601;13
22:49:07.486;48.8605;2.257;48.8844;2.18834;48.8366;2.32566;13
22:49:07.486;48.8605;2.25666;48.8844;2.188;48.8366;2.32532;13
22:49:07.486;48.8605;2.25632;48.8844;2.18765;48.8366;2.32498;13
22:49:07.486;48.8605;2.25563;48.8844;2.18697;48.8366;2.32429;13
22:49:07.486;48.8604;2.25494;48.8842;2.18628;48.8365;2.3236;13
22:49:07.486;48.8604;2.25426;48.8842;2.18559;48.8365;2.32292;13
22:49:07.501;48.8604;2.25357;48.8842;2.18491;48.8365;2.32223;13
22:49:07.585;48.8602;2.25271;48.8841;2.18405;48.8364;2.32137;13
22:49:07.585;48.8602;2.25168;48.8841;2.18302;48.8364;2.32034;13
22:49:07.585;48.8601;2.25082;48.884;2.18216;48.8363;2.31948;13
22:49:07.585;48.8601;2.25031;48.884;2.18164;48.8363;2.31897;13
22:49:07.883;48.8604;2.24842;48.8842;2.17976;48.8365;2.31708;13
22:49:08.058;48.8614;2.24138;48.8853;2.17272;48.8375;2.31004;13
22:49:08.058;48.8616;2.23829;48.8855;2.16963;48.8377;2.30695;13
22:49:08.058;48.8618;2.23486;48.8857;2.16619;48.8379;2.30352;13
22:49:08.058;48.8619;2.2316;48.8858;2.16293;48.8381;2.30026;13
22:49:08.058;48.8621;2.22902;48.8859;2.16036;48.8382;2.29768;13
22:49:08.058;48.8621;2.22662;48.8859;2.15796;48.8382;2.29528;13
22:49:08.058;48.8621;2.22404;48.8859;2.15538;48.8382;2.2927;13
22:49:08.172;48.8623;2.22164;48.8862;2.15298;48.8384;2.2903;13
22:49:08.172;48.8633;2.21529;48.8872;2.14663;48.8394;2.28395;13
22:49:08.173;48.8636;2.21409;48.8875;2.14542;48.8397;2.28275;13
22:49:08.173;48.8639;2.21272;48.8877;2.14405;48.84;2.28137;13
22:49:08.173;48.8643;2.21134;48.8882;2.14268;48.8404;2.28;13
22:49:08.268;48.8648;2.20997;48.8886;2.1413;48.8409;2.27863;13
22:49:08.269;48.865;2.20877;48.8889;2.1401;48.8411;2.27743;13
22:49:08.269;48.8651;2.20791;48.889;2.13924;48.8412;2.27657;13
22:49:08.270;48.8651;2.20722;48.889;2.13856;48.8412;2.27588;13
22:49:08.270;48.8651;2.20688;48.889;2.13821;48.8412;2.27554;13
22:49:08.420;48.8651;2.20705;48.889;2.13839;48.8412;2.27571;13
22:49:08.420;48.865;2.20774;48.8889;2.13907;48.8411;2.2764;13
22:49:08.420;48.865;2.20842;48.8889;2.13976;48.8411;2.27708;13
22:49:08.420;48.865;2.20877;48.8889;2.1401;48.8411;2.27743;13
22:49:08.420;48.865;2.20963;48.8889;2.14096;48.8411;2.27828;13
22:49:08.421;48.8649;2.21134;48.8888;2.14268;48.841;2.28;13
22:49:08.621;48.8645;2.21443;48.8884;2.14577;48.8407;2.28309;13
22:49:08.621;48.864;2.21872;48.8879;2.15006;48.8401;2.28738;13
22:49:08.622;48.8633;2.22284;48.8872;2.15418;48.8394;2.2915;13
22:49:08.622;48.8622;2.22782;48.8861;2.15916;48.8383;2.29648;13
22:49:08.622;48.8613;2.23228;48.8852;2.16362;48.8374;2.30094;13
22:49:08.622;48.8605;2.23606;48.8844;2.1674;48.8366;2.30472;13
22:49:08.622;48.86;2.23881;48.8839;2.17014;48.8361;2.30747;13
22:49:08.622;48.8595;2.24173;48.8833;2.17306;48.8356;2.31039;13
22:49:08.622;48.859;2.24447;48.8829;2.17581;48.8351;2.31313;13
22:49:08.622;48.8584;2.24722;48.8823;2.17855;48.8345;2.31588;13
22:49:08.622;48.8582;2.24859;48.8821;2.17993;48.8343;2.31725;13
22:49:08.623;48.8579;2.24997;48.8818;2.1813;48.834;2.31862;13
22:49:08.906;48.8578;2.25065;48.8816;2.18199;48.8339;2.31931;13
22:49:08.906;48.8577;2.251;48.8815;2.18233;48.8338;2.31965;13
22:49:08.906;48.8574;2.25134;48.8813;2.18267;48.8335;2.32;13
22:49:08.906;48.8572;2.25185;48.8811;2.18319;48.8333;2.32051;13
22:49:08.906;48.8568;2.25271;48.8806;2.18405;48.8329;2.32137;13
22:49:08.906;48.8564;2.25357;48.8803;2.18491;48.8325;2.32223;13
22:49:08.906;48.8562;2.25391;48.8801;2.18525;48.8323;2.32257;13
22:49:08.907;48.856;2.25443;48.8798;2.18576;48.8321;2.32309;13
22:49:08.907;48.8559;2.25512;48.8797;2.18645;48.832;2.32377;13
22:49:08.907;48.8555;2.25597;48.8794;2.18731;48.8316;2.32463;13
22:49:08.907;48.8553;2.25718;48.8792;2.18851;48.8314;2.32583;13
22:49:08.907;48.8548;2.25906;48.8787;2.1904;48.8309;2.32772;13
22:49:08.907;48.8546;2.26044;48.8785;2.19177;48.8307;2.3291;13
22:49:08.907;48.8544;2.26164;48.8783;2.19297;48.8305;2.3303;13
22:49:08.907;48.8543;2.2625;48.8782;2.19383;48.8304;2.33116;13
22:49:08.907;48.8543;2.2637;48.8782;2.19503;48.8304;2.33236;13
22:49:08.907;48.8541;2.26542;48.878;2.19675;48.8303;2.33407;13
22:49:09.093;48.8541;2.26713;48.878;2.19847;48.8303;2.33579;13
22:49:09.093;48.854;2.26833;48.8779;2.19967;48.8302;2.33699;13
22:49:09.093;48.854;2.26971;48.8779;2.20104;48.8302;2.33837;13
22:49:09.093;48.8539;2.27057;48.8778;2.2019;48.83;2.33922;13
22:49:09.093;48.8539;2.27142;48.8778;2.20276;48.83;2.34008;13
22:49:09.093;48.8538;2.27177;48.8777;2.2031;48.8299;2.34043;13
22:49:09.093;48.8538;2.27245;48.8777;2.20379;48.8299;2.34111;13
22:49:09.093;48.8537;2.2728;48.8776;2.20413;48.8298;2.34146;13
22:49:09.093;48.8537;2.27297;48.8776;2.2043;48.8298;2.34163;13
22:49:09.488;48.8537;2.27314;48.8776;2.20448;48.8298;2.3418;13
22:49:09.591;48.8536;2.27331;48.8775;2.20465;48.8297;2.34197;13
22:49:09.591;48.8536;2.27365;48.8775;2.20499;48.8297;2.34231;13
22:49:09.591;48.8536;2.27434;48.8775;2.20568;48.8297;2.343;13
22:49:09.592;48.8536;2.27554;48.8775;2.20688;48.8297;2.3442;13
22:49:09.592;48.8536;2.27692;48.8775;2.20825;48.8297;2.34558;13
22:49:09.592;48.8536;2.27777;48.8775;2.20911;48.8297;2.34643;13
22:49:09.810;48.8536;2.27863;48.8775;2.20997;48.8297;2.34729;13
22:49:09.810;48.8536;2.27932;48.8775;2.21066;48.8297;2.34798;13
22:49:09.810;48.8536;2.27966;48.8775;2.211;48.8297;2.34832;13
22:49:09.810;48.8536;2.27983;48.8775;2.21117;48.8297;2.34849;13
22:49:09.810;48.8536;2.28001;48.8775;2.21134;48.8297;2.34867;13
22:49:09.810;48.8536;2.28018;48.8775;2.21151;48.8297;2.34884;13
22:49:09.810;48.8536;2.28035;48.8775;2.21169;48.8297;2.34901;13
22:49:09.810;48.8536;2.28052;48.8775;2.21186;48.8297;2.34918;13
22:49:09.810;48.8536;2.28069;48.8775;2.21203;48.8297;2.34935;13
22:49:09.810;48.8536;2.28086;48.8775;2.2122;48.8297;2.34952;13
22:49:09.810;48.8536;2.28121;48.8775;2.21254;48.8297;2.34987;13
22:49:09.810;48.8536;2.28155;48.8775;2.21289;48.8297;2.35021;13
22:49:09.810;48.8536;2.28189;48.8775;2.21323;48.8297;2.35055;13
22:49:09.918;48.8536;2.28258;48.8775;2.21392;48.8297;2.35124;13
22:49:09.918;48.8536;2.28327;48.8775;2.2146;48.8297;2.35193;13
22:49:09.918;48.8536;2.28378;48.8775;2.21512;48.8297;2.35244;13
22:49:09.918;48.8536;2.28413;48.8775;2.21546;48.8297;2.35279;13
22:49:09.918;48.8536;2.28447;48.8775;2.21581;48.8297;2.35313;13
22:49:09.918;48.8536;2.28464;48.8775;2.21598;48.8297;2.3533;13
22:49:10.121;48.8536;2.28413;48.8775;2.21546;48.8297;2.35279;13
22:49:10.210;48.8536;2.28189;48.8775;2.21323;48.8297;2.35055;13
22:49:10.210;48.8536;2.27898;48.8775;2.21031;48.8297;2.34764;13
22:49:10.210;48.8536;2.27606;48.8775;2.20739;48.8297;2.34472;13
22:49:10.211;48.8537;2.27365;48.8776;2.20499;48.8298;2.34231;13
22:49:10.211;48.8538;2.27091;48.8777;2.20224;48.8299;2.33957;13
22:49:10.226;48.8539;2.26902;48.8778;2.20036;48.83;2.33768;13
22:49:10.307;48.8539;2.26833;48.8778;2.19967;48.83;2.33699;13
22:49:10.307;48.8539;2.26799;48.8778;2.19933;48.83;2.33665;13
22:49:10.376;48.8539;2.26765;48.8778;2.19898;48.83;2.33631;13
22:49:10.376;48.8539;2.2673;48.8778;2.19864;48.83;2.33596;13
22:49:10.476;48.8539;2.26696;48.8778;2.1983;48.83;2.33562;13
22:49:10.476;48.8539;2.26679;48.8778;2.19812;48.83;2.33545;13
22:49:10.476;48.8539;2.26645;48.8778;2.19778;48.83;2.3351;13
22:49:10.476;48.8539;2.26593;48.8778;2.19727;48.83;2.33459;13
22:49:10.476;48.8539;2.26524;48.8778;2.19658;48.83;2.3339;13
22:49:10.476;48.8539;2.26421;48.8778;2.19555;48.83;2.33287;13
22:49:10.603;48.8539;2.26301;48.8778;2.19435;48.83;2.33167;13
22:49:10.603;48.8539;2.26215;48.8778;2.19349;48.83;2.33081;13
22:49:10.603;48.8539;2.26181;48.8778;2.19315;48.83;2.33047;13
22:49:10.603;48.8539;2.26147;48.8778;2.1928;48.83;2.33013;13
22:49:10.603;48.8539;2.26112;48.8778;2.19246;48.83;2.32978;13
22:49:10.603;48.8539;2.26078;48.8778;2.19212;48.83;2.32944;13
22:49:10.603;48.8539;2.26044;48.8778;2.19177;48.83;2.3291;13
22:49:10.697;48.8539;2.26027;48.8778;2.1916;48.83;2.32892;13
22:49:10.726;48.8539;2.26009;48.8778;2.19143;48.83;2.32875;13
22:49:10.792;48.8539;2.25975;48.8778;2.19109;48.83;2.32841;13
22:49:10.793;48.8539;2.25941;48.8778;2.19074;48.83;2.32807;13
22:49:10.793;48.8539;2.25906;48.8778;2.1904;48.83;2.32772;13
22:49:10.793;48.8539;2.25838;48.8778;2.18971;48.83;2.32704;13
22:49:10.927;48.8539;2.25752;48.8778;2.18885;48.83;2.32618;13
22:49:10.929;48.8539;2.25666;48.8778;2.188;48.83;2.32532;13
22:49:10.929;48.8539;2.25563;48.8778;2.18697;48.83;2.32429;13
22:49:10.929;48.8539;2.25477;48.8778;2.18611;48.83;2.32343;13
22:49:10.929;48.854;2.25357;48.8779;2.18491;48.8302;2.32223;13
22:49:10.943;48.854;2.25254;48.8779;2.18388;48.8302;2.3212;13
22:49:10.943;48.854;2.25117;48.8779;2.1825;48.8302;2.31983;13
22:49:10.943;48.854;2.25031;48.8779;2.18164;48.8302;2.31897;13
22:49:11.035;48.854;2.24945;48.8779;2.18079;48.8302;2.31811;13
22:49:11.035;48.854;2.24859;48.8779;2.17993;48.8302;2.31725;13
22:49:11.035;48.854;2.24791;48.8779;2.17924;48.8302;2.31656;13
22:49:11.035;48.854;2.24756;48.8779;2.1789;48.8302;2.31622;13
22:49:11.035;48.854;2.24739;48.8779;2.17873;48.8302;2.31605;13
22:49:11.228;48.8541;2.24773;48.878;2.17907;48.8303;2.31639;13
22:49:11.497;48.8541;2.24894;48.878;2.18027;48.8303;2.31759;13
22:49:11.497;48.8541;2.25014;48.878;2.18147;48.8303;2.3188;13
22:49:11.497;48.8541;2.25151;48.878;2.18285;48.8303;2.32017;13
22:49:11.498;48.8541;2.25288;48.878;2.18422;48.8303;2.32154;13
22:49:11.498;48.8541;2.25426;48.878;2.18559;48.8303;2.32292;13
22:49:11.498;48.8541;2.25563;48.878;2.18697;48.8303;2.32429;13
22:49:11.498;48.854;2.25683;48.8779;2.18817;48.8302;2.32549;13
22:49:11.498;48.8539;2.25821;48.8778;2.18954;48.83;2.32686;13
22:49:11.498;48.8538;2.25906;48.8777;2.1904;48.8299;2.32772;13
22:49:11.518;48.8537;2.25992;48.8776;2.19126;48.8298;2.32858;13
22:49:11.519;48.8537;2.26061;48.8776;2.19194;48.8298;2.32927;13
22:49:11.519;48.8537;2.26147;48.8776;2.1928;48.8298;2.33013;13
22:49:11.519;48.8537;2.26181;48.8776;2.19315;48.8298;2.33047;13
22:49:11.520;48.8537;2.26267;48.8776;2.194;48.8298;2.33133;13
22:49:11.520;48.8537;2.26336;48.8776;2.19469;48.8298;2.33201;13
22:49:11.521;48.8537;2.26421;48.8776;2.19555;48.8298;2.33287;13
22:49:11.641;48.8537;2.26507;48.8776;2.19641;48.8298;2.33373;13
22:49:11.641;48.8537;2.26593;48.8776;2.19727;48.8298;2.33459;13
22:49:11.641;48.8537;2.26679;48.8776;2.19812;48.8298;2.33545;13
22:49:11.641;48.8537;2.26696;48.8776;2.1983;48.8298;2.33562;13
22:49:11.641;48.8537;2.2673;48.8776;2.19864;48.8298;2.33596;13
22:49:11.642;48.8537;2.26748;48.8776;2.19881;48.8298;2.33613;13
22:49:11.780;48.8537;2.26765;48.8776;2.19898;48.8298;2.33631;13
22:49:11.897;48.8538;2.26782;48.8777;2.19915;48.8299;2.33648;13
22:49:11.939;48.8539;2.26782;48.8778;2.19915;48.83;2.33648;13
22:49:12.030;48.8539;2.26748;48.8778;2.19881;48.83;2.33613;13
22:49:12.135;48.8539;2.26713;48.8778;2.19847;48.83;2.33579;13
22:49:12.135;48.854;2.26679;48.8779;2.19812;48.8302;2.33545;13
22:49:12.135;48.854;2.26627;48.8779;2.19761;48.8302;2.33493;13
22:49:12.136;48.854;2.26593;48.8779;2.19727;48.8302;2.33459;13
22:49:12.136;48.854;2.26559;48.8779;2.19692;48.8302;2.33425;13
22:49:12.280;48.854;2.26576;48.8779;2.19709;48.8302;2.33442;13
22:49:12.317;48.854;2.26627;48.8779;2.19761;48.8302;2.33493;13
22:49:12.897;48.8539;2.2661;48.8778;2.19744;48.83;2.33476;13
22:49:13.001;48.8537;2.2661;48.8776;2.19744;48.8298;2.33476;13
22:49:13.001;48.8536;2.26627;48.8775;2.19761;48.8297;2.33493;13
22:49:13.016;48.8531;2.26662;48.877;2.19795;48.8292;2.33528;13
22:49:13.016;48.8527;2.26696;48.8766;2.1983;48.8288;2.33562;13
22:49:13.016;48.8523;2.2673;48.8762;2.19864;48.8284;2.33596;13
22:49:13.016;48.8521;2.26748;48.876;2.19881;48.8282;2.33613;13
22:49:13.017;48.8519;2.26748;48.8758;2.19881;48.828;2.33613;13
22:49:13.090;48.8518;2.26748;48.8757;2.19881;48.8279;2.33613;13
22:49:13.248;48.8519;2.26748;48.8758;2.19881;48.828;2.33613;13
22:49:13.326;48.8521;2.26748;48.876;2.19881;48.8282;2.33613;13
22:49:13.326;48.8522;2.26748;48.8761;2.19881;48.8283;2.33613;13
22:49:13.326;48.8525;2.26748;48.8763;2.19881;48.8286;2.33613;13
22:49:13.326;48.8526;2.26748;48.8764;2.19881;48.8287;2.33613;13
22:49:14.034;48.8526;2.26765;48.8764;2.19898;48.8287;2.33631;13
22:49:14.137;48.8526;2.26782;48.8764;2.19915;48.8287;2.33648;13
22:49:14.138;48.8526;2.26799;48.8764;2.19933;48.8287;2.33665;13
22:49:14.138;48.8526;2.26833;48.8764;2.19967;48.8287;2.33699;13
22:49:14.138;48.8526;2.26868;48.8764;2.20001;48.8287;2.33734;13
22:49:14.138;48.8526;2.26919;48.8764;2.20053;48.8287;2.33785;13
22:49:14.138;48.8525;2.26954;48.8763;2.20087;48.8286;2.33819;13
22:49:14.303;48.8525;2.26988;48.8763;2.20121;48.8286;2.33854;13
22:49:14.303;48.8525;2.27022;48.8763;2.20156;48.8286;2.33888;13
22:49:14.303;48.8525;2.27057;48.8763;2.2019;48.8286;2.33922;13
22:49:14.303;48.8525;2.27091;48.8763;2.20224;48.8286;2.33957;13
22:49:14.303;48.8525;2.27142;48.8763;2.20276;48.8286;2.34008;13
22:49:14.303;48.8525;2.27228;48.8763;2.20362;48.8286;2.34094;13
22:49:14.303;48.8525;2.27262;48.8763;2.20396;48.8286;2.34128;13
22:49:14.304;48.8525;2.2728;48.8763;2.20413;48.8286;2.34146;13
22:49:14.505;48.8525;2.27297;48.8763;2.2043;48.8286;2.34163;13
22:49:14.505;48.8525;2.27314;48.8763;2.20448;48.8286;2.3418;13
22:49:14.505;48.8525;2.27365;48.8763;2.20499;48.8286;2.34231;13
22:49:14.505;48.8525;2.27434;48.8763;2.20568;48.8286;2.343;13
22:49:14.518;48.8525;2.2752;48.8763;2.20654;48.8286;2.34386;13
22:49:14.519;48.8525;2.27606;48.8763;2.20739;48.8286;2.34472;13
22:49:14.519;48.8525;2.27743;48.8763;2.20877;48.8286;2.34609;13
22:49:14.519;48.8525;2.27932;48.8763;2.21066;48.8286;2.34798;13
22:49:14.519;48.8525;2.28069;48.8763;2.21203;48.8286;2.34935;13
22:49:14.519;48.8525;2.28207;48.8763;2.2134;48.8286;2.35073;13
22:49:14.519;48.8525;2.2831;48.8763;2.21443;48.8286;2.35176;13
22:49:14.520;48.8525;2.28378;48.8763;2.21512;48.8286;2.35244;13
22:49:14.626;48.8525;2.28413;48.8763;2.21546;48.8286;2.35279;13
22:49:14.627;48.8525;2.2843;48.8763;2.21563;48.8286;2.35296;13
22:49:14.627;48.8525;2.28481;48.8763;2.21615;48.8286;2.35347;13
22:49:14.627;48.8525;2.28498;48.8763;2.21632;48.8286;2.35364;13
22:49:14.807;48.8525;2.28447;48.8763;2.21581;48.8286;2.35313;13
22:49:14.807;48.8525;2.28292;48.8763;2.21426;48.8286;2.35158;13
22:49:14.807;48.8525;2.28104;48.8763;2.21237;48.8286;2.3497;13
22:49:14.807;48.8525;2.27932;48.8763;2.21066;48.8286;2.34798;13
22:49:14.807;48.8525;2.2776;48.8763;2.20894;48.8286;2.34626;13
22:49:14.807;48.8525;2.27554;48.8763;2.20688;48.8286;2.3442;13
22:49:14.807;48.8525;2.27331;48.8763;2.20465;48.8286;2.34197;13
22:49:14.823;48.8525;2.2716;48.8763;2.20293;48.8286;2.34025;13
22:49:14.898;48.8525;2.27039;48.8763;2.20173;48.8286;2.33905;13
22:49:14.898;48.8525;2.26954;48.8763;2.20087;48.8286;2.33819;13
22:49:14.898;48.8525;2.26885;48.8763;2.20018;48.8286;2.33751;13
22:49:14.898;48.8525;2.26868;48.8763;2.20001;48.8286;2.33734;13
22:49:15.040;48.8525;2.26851;48.8763;2.19984;48.8286;2.33716;13
22:49:15.040;48.8525;2.26833;48.8763;2.19967;48.8286;2.33699;13
22:49:15.040;48.8523;2.26816;48.8762;2.1995;48.8284;2.33682;13
22:49:15.041;48.8523;2.26782;48.8762;2.19915;48.8284;2.33648;13
22:49:15.041;48.8522;2.26713;48.8761;2.19847;48.8283;2.33579;13
22:49:15.041;48.8522;2.26662;48.8761;2.19795;48.8283;2.33528;13
22:49:15.041;48.8521;2.26627;48.876;2.19761;48.8282;2.33493;13
22:49:15.239;48.8521;2.26576;48.876;2.19709;48.8282;2.33442;13
22:49:15.239;48.8521;2.26542;48.876;2.19675;48.8282;2.33407;13
22:49:15.239;48.8521;2.26507;48.876;2.19641;48.8282;2.33373;13
22:49:15.239;48.8521;2.26439;48.876;2.19572;48.8282;2.33304;13
22:49:15.239;48.8521;2.2637;48.876;2.19503;48.8282;2.33236;13
22:49:15.239;48.8521;2.26284;48.876;2.19418;48.8282;2.3315;13
22:49:15.241;48.8521;2.26198;48.876;2.19332;48.8282;2.33064;13
22:49:15.241;48.8521;2.26112;48.876;2.19246;48.8282;2.32978;13
22:49:15.241;48.8521;2.25975;48.876;2.19109;48.8282;2.32841;13
22:49:15.241;48.8521;2.25838;48.876;2.18971;48.8282;2.32704;13
22:49:15.241;48.8521;2.257;48.876;2.18834;48.8282;2.32566;13
22:49:15.241;48.8521;2.25512;48.876;2.18645;48.8282;2.32377;13
22:49:15.389;48.8523;2.25254;48.8762;2.18388;48.8284;2.3212;13
22:49:15.389;48.8523;2.25065;48.8762;2.18199;48.8284;2.31931;13
22:49:15.389;48.8526;2.24825;48.8764;2.17958;48.8287;2.31691;13
22:49:15.389;48.8528;2.24602;48.8767;2.17735;48.8289;2.31468;13
22:49:15.389;48.853;2.24413;48.8769;2.17546;48.8291;2.31279;13
22:49:15.389;48.8531;2.24293;48.877;2.17426;48.8292;2.31159;13
22:49:15.390;48.8532;2.24207;48.8771;2.1734;48.8294;2.31073;13
22:49:15.774;48.8535;2.24087;48.8774;2.1722;48.8296;2.30953;13
22:49:15.940;48.8551;2.2352;48.8789;2.16654;48.8312;2.30386;13
22:49:15.940;48.8555;2.2328;48.8794;2.16413;48.8316;2.30146;13
22:49:15.940;48.856;2.23005;48.8798;2.16139;48.8321;2.29871;13
22:49:15.940;48.8563;2.22765;48.8802;2.15899;48.8324;2.29631;13
22:49:15.940;48.8568;2.22439;48.8806;2.15572;48.8329;2.29305;13
22:49:16.058;48.8571;2.22113;48.881;2.15246;48.8332;2.28979;13
22:49:16.058;48.8575;2.21838;48.8814;2.14972;48.8336;2.28704;13
22:49:16.058;48.8579;2.21615;48.8818;2.14748;48.834;2.28481;13
22:49:16.058;48.8588;2.21169;48.8827;2.14302;48.8349;2.28034;13
22:49:16.058;48.8588;2.21117;48.8827;2.14251;48.8349;2.27983;13
22:49:16.058;48.8589;2.21083;48.8828;2.14216;48.835;2.27949;13
22:49:16.058;48.8589;2.21048;48.8828;2.14182;48.835;2.27914;13
22:49:16.059;48.859;2.21048;48.8829;2.14182;48.8351;2.27914;13
22:49:16.109;48.859;2.21031;48.8829;2.14165;48.8351;2.27897;13
22:49:16.134;48.859;2.21014;48.8829;2.14148;48.8351;2.2788;13
22:49:16.224;48.859;2.2098;48.8829;2.14113;48.8351;2.27846;13
22:49:16.225;48.8591;2.20945;48.883;2.14079;48.8352;2.27811;13
22:49:16.225;48.8591;2.20877;48.883;2.1401;48.8352;2.27743;13
22:49:16.225;48.8592;2.20808;48.8831;2.13942;48.8354;2.27674;13
22:49:16.347;48.8593;2.20739;48.8832;2.13873;48.8355;2.27605;13
22:49:16.347;48.8596;2.20636;48.8834;2.1377;48.8357;2.27502;13
22:49:16.347;48.8598;2.20568;48.8837;2.13701;48.8359;2.27434;13
22:49:16.347;48.8604;2.2043;48.8842;2.13564;48.8365;2.27296;13
22:49:16.347;48.8611;2.2031;48.885;2.13444;48.8373;2.27176;13
22:49:16.347;48.8617;2.2019;48.8856;2.13324;48.8378;2.27056;13
22:49:16.348;48.8622;2.20121;48.8861;2.13255;48.8383;2.26987;13
22:49:16.859;48.8621;2.20087;48.8859;2.13221;48.8382;2.26953;13
22:49:17.080;48.8615;2.19641;48.8854;2.12774;48.8376;2.26507;13
22:49:17.080;48.8609;2.19452;48.8848;2.12585;48.837;2.26318;13
22:49:17.096;48.8604;2.19263;48.8842;2.12397;48.8365;2.26129;13
22:49:17.112;48.8599;2.19143;48.8838;2.12276;48.836;2.26009;13
22:49:17.112;48.8597;2.19074;48.8836;2.12208;48.8358;2.2594;13
22:49:17.112;48.8595;2.1904;48.8833;2.12173;48.8356;2.25906;13
22:49:17.112;48.8593;2.19006;48.8832;2.12139;48.8355;2.25872;13
22:49:17.112;48.8591;2.18988;48.883;2.12122;48.8352;2.25854;13
22:49:17.112;48.8589;2.18988;48.8828;2.12122;48.835;2.25854;13
22:49:17.127;48.8587;2.18971;48.8825;2.12105;48.8348;2.25837;13
22:49:17.127;48.8583;2.18954;48.8822;2.12088;48.8344;2.2582;13
22:49:17.250;48.8581;2.18937;48.882;2.1207;48.8342;2.25803;13
22:49:17.250;48.8575;2.18903;48.8814;2.12036;48.8336;2.25769;13
22:49:17.250;48.8568;2.18868;48.8806;2.12002;48.8329;2.25734;13
22:49:17.250;48.856;2.18834;48.8798;2.11967;48.8321;2.257;13
22:49:17.250;48.8554;2.188;48.8793;2.11933;48.8315;2.25666;13
22:49:17.250;48.8549;2.18782;48.8788;2.11916;48.8311;2.25648;13
22:49:17.250;48.8548;2.18765;48.8787;2.11899;48.8309;2.25631;13
22:49:17.251;48.8545;2.18765;48.8784;2.11899;48.8306;2.25631;13
22:49:17.251;48.8545;2.18748;48.8784;2.11882;48.8306;2.25614;13
22:49:17.644;48.8537;2.18679;48.8776;2.11813;48.8298;2.25545;13
22:49:17.762;48.8528;2.18594;48.8767;2.11727;48.8289;2.2546;13
22:49:17.762;48.8519;2.18508;48.8758;2.11641;48.828;2.25374;13
22:49:17.762;48.8513;2.18422;48.8752;2.11555;48.8274;2.25288;13
22:49:17.763;48.8508;2.18336;48.8746;2.1147;48.8269;2.25202;13
22:49:17.763;48.8502;2.18233;48.8741;2.11367;48.8263;2.25099;13
22:49:17.763;48.8496;2.18113;48.8735;2.11246;48.8257;2.24979;13
22:49:17.763;48.8491;2.17993;48.873;2.11126;48.8252;2.24859;13
22:49:17.777;48.8486;2.17873;48.8725;2.11006;48.8247;2.24739;13
22:49:17.880;48.848;2.17787;48.8719;2.1092;48.8242;2.24653;13
22:49:17.880;48.8476;2.17718;48.8715;2.10852;48.8237;2.24584;13
22:49:17.880;48.8475;2.17701;48.8714;2.10835;48.8236;2.24567;13
22:49:17.993;48.8474;2.17667;48.8713;2.108;48.8235;2.24533;13
22:49:17.993;48.8474;2.17649;48.8713;2.10783;48.8235;2.24515;13
22:49:17.993;48.8474;2.17632;48.8713;2.10766;48.8235;2.24498;13
22:49:17.993;48.8474;2.17615;48.8713;2.10749;48.8235;2.24481;13
22:49:17.994;48.8473;2.17598;48.8712;2.10732;48.8234;2.24464;13
22:49:18.079;48.8477;2.1777;48.8716;2.10903;48.8238;2.24636;13
22:49:18.149;48.8485;2.17958;48.8724;2.11092;48.8246;2.24824;13
22:49:18.149;48.8501;2.1825;48.874;2.11384;48.8262;2.25116;13
22:49:18.149;48.852;2.18542;48.8759;2.11676;48.8281;2.25408;13
22:49:18.149;48.8537;2.18834;48.8776;2.11967;48.8298;2.257;13
22:49:18.281;48.8548;2.19057;48.8787;2.12191;48.8309;2.25923;13
22:49:18.281;48.8559;2.19315;48.8797;2.12448;48.832;2.2618;13
22:49:18.281;48.8566;2.19538;48.8805;2.12671;48.8327;2.26404;13
22:49:18.281;48.8572;2.19761;48.8811;2.12894;48.8333;2.26627;13
22:49:18.281;48.8577;2.1995;48.8815;2.13083;48.8338;2.26816;13
22:49:18.281;48.8578;2.20121;48.8816;2.13255;48.8339;2.26987;13
22:49:18.281;48.8578;2.20293;48.8816;2.13427;48.8339;2.27159;13
22:49:18.281;48.8578;2.2043;48.8816;2.13564;48.8339;2.27296;13
22:49:18.500;48.8578;2.20568;48.8816;2.13701;48.8339;2.27434;13
22:49:18.500;48.8578;2.20705;48.8816;2.13839;48.8339;2.27571;13
22:49:18.500;48.8578;2.20825;48.8816;2.13959;48.8339;2.27691;13
22:49:18.500;48.8578;2.20911;48.8816;2.14045;48.8339;2.27777;13
22:49:18.500;48.8577;2.21031;48.8815;2.14165;48.8338;2.27897;13
22:49:18.500;48.8577;2.21117;48.8815;2.14251;48.8338;2.27983;13
22:49:18.500;48.8575;2.21186;48.8814;2.14319;48.8336;2.28052;13
22:49:18.515;48.8574;2.2122;48.8813;2.14354;48.8335;2.28086;13
22:49:18.515;48.8574;2.21254;48.8813;2.14388;48.8335;2.2812;13
22:49:18.515;48.8573;2.21272;48.8812;2.14405;48.8334;2.28137;13
22:49:18.515;48.8571;2.21306;48.881;2.14439;48.8332;2.28172;13
22:49:18.516;48.8569;2.2134;48.8807;2.14474;48.833;2.28206;13
22:49:18.516;48.8566;2.21375;48.8805;2.14508;48.8327;2.2824;13
22:49:18.645;48.8562;2.21409;48.8801;2.14542;48.8323;2.28275;13
22:49:18.645;48.8556;2.21478;48.8795;2.14611;48.8317;2.28343;13
22:49:18.645;48.8551;2.21546;48.8789;2.1468;48.8312;2.28412;13
22:49:18.645;48.8546;2.21632;48.8785;2.14766;48.8307;2.28498;13
22:49:18.645;48.8541;2.21752;48.878;2.14886;48.8303;2.28618;13
22:49:18.645;48.8531;2.21992;48.877;2.15126;48.8292;2.28858;13
22:49:19.165;48.8529;2.22044;48.8768;2.15178;48.829;2.2891;13
22:49:19.354;48.8527;2.22164;48.8766;2.15298;48.8288;2.2903;13
22:49:19.354;48.8526;2.22336;48.8764;2.15469;48.8287;2.29202;13
22:49:19.354;48.8523;2.22628;48.8762;2.15761;48.8284;2.29494;13
22:49:19.354;48.8521;2.22919;48.876;2.16053;48.8282;2.29785;13
22:49:19.354;48.8519;2.234;48.8758;2.16534;48.828;2.30266;13
22:49:19.355;48.8517;2.23898;48.8755;2.17031;48.8278;2.30764;13
22:49:19.355;48.8514;2.24464;48.8753;2.17598;48.8275;2.3133;13
22:49:19.355;48.8513;2.24894;48.8752;2.18027;48.8274;2.31759;13
22:49:19.355;48.8512;2.25391;48.8751;2.18525;48.8273;2.32257;13
22:49:19.355;48.8511;2.25821;48.875;2.18954;48.8272;2.32686;13
22:49:19.514;48.8511;2.26164;48.875;2.19297;48.8272;2.3303;13
22:49:19.515;48.8511;2.26473;48.875;2.19606;48.8272;2.33339;13
22:49:19.515;48.8511;2.26524;48.875;2.19658;48.8272;2.3339;13
22:49:19.515;48.8511;2.26559;48.875;2.19692;48.8272;2.33425;13
22:49:19.515;48.8511;2.26627;48.875;2.19761;48.8272;2.33493;13
22:49:19.515;48.8512;2.26713;48.8751;2.19847;48.8273;2.33579;13
22:49:19.515;48.8512;2.26851;48.8751;2.19984;48.8273;2.33716;13
22:49:19.515;48.8512;2.26971;48.8751;2.20104;48.8273;2.33837;13
22:49:19.882;48.8512;2.26988;48.8751;2.20121;48.8273;2.33854;13
22:49:19.984;48.8511;2.27022;48.875;2.20156;48.8272;2.33888;13
22:49:19.985;48.851;2.27091;48.8749;2.20224;48.8271;2.33957;13
22:49:19.985;48.8507;2.27211;48.8745;2.20345;48.8268;2.34077;13
22:49:19.985;48.8502;2.274;48.8741;2.20533;48.8263;2.34266;13
22:49:19.985;48.8498;2.27623;48.8736;2.20757;48.8259;2.34489;13
22:49:19.985;48.849;2.27915;48.8728;2.21048;48.8251;2.34781;13
22:49:20.164;48.8484;2.28189;48.8723;2.21323;48.8245;2.35055;13
22:49:20.164;48.8479;2.2843;48.8718;2.21563;48.8241;2.35296;13
22:49:20.164;48.8477;2.28601;48.8716;2.21735;48.8238;2.35467;13
22:49:20.164;48.8473;2.2879;48.8712;2.21924;48.8234;2.35656;13
22:49:20.164;48.847;2.28928;48.8709;2.22061;48.8231;2.35794;13
22:49:20.165;48.8468;2.29048;48.8707;2.22181;48.8229;2.35914;13
22:49:20.165;48.8467;2.29116;48.8706;2.2225;48.8228;2.35982;13
22:49:20.165;48.8466;2.29168;48.8705;2.22301;48.8227;2.36034;13
22:49:20.165;48.8466;2.29185;48.8705;2.22319;48.8227;2.36051;13
22:49:20.165;48.8466;2.29202;48.8705;2.22336;48.8227;2.36068;13
22:49:20.254;48.8466;2.29219;48.8705;2.22353;48.8227;2.36085;13
22:49:20.254;48.8466;2.29237;48.8705;2.2237;48.8227;2.36103;13
22:49:20.435;48.8467;2.29237;48.8706;2.2237;48.8228;2.36103;13
22:49:20.533;48.8467;2.29254;48.8706;2.22387;48.8228;2.3612;13
22:49:20.605;48.8467;2.29271;48.8706;2.22404;48.8228;2.36137;13
22:49:20.605;48.8467;2.29357;48.8706;2.2249;48.8228;2.36223;13
22:49:20.605;48.8467;2.29494;48.8706;2.22628;48.8228;2.3636;13
22:49:20.605;48.8467;2.29717;48.8706;2.22851;48.8228;2.36583;13
22:49:20.710;48.8467;2.2994;48.8706;2.23074;48.8228;2.36806;13
22:49:20.710;48.8467;2.30181;48.8706;2.23314;48.8228;2.37047;13
22:49:20.710;48.8467;2.30421;48.8706;2.23555;48.8228;2.37287;13
22:49:20.770;48.8467;2.3061;48.8706;2.23743;48.8228;2.37476;13
22:49:20.770;48.8467;2.30867;48.8706;2.24001;48.8228;2.37733;13
22:49:21.018;48.8467;2.3085;48.8706;2.23984;48.8228;2.37716;13
22:49:21.089;48.8467;2.30782;48.8706;2.23915;48.8228;2.37647;13
22:49:21.089;48.8467;2.30661;48.8706;2.23795;48.8228;2.37527;13
22:49:21.089;48.8467;2.30541;48.8706;2.23675;48.8228;2.37407;13
22:49:21.089;48.8467;2.30455;48.8706;2.23589;48.8228;2.37321;13
22:49:21.103;48.8468;2.30318;48.8707;2.23452;48.8229;2.37184;13
22:49:21.242;48.8468;2.30198;48.8707;2.23331;48.8229;2.37064;13
22:49:21.242;48.8468;2.30112;48.8707;2.23246;48.8229;2.36978;13
22:49:21.242;48.8468;2.30043;48.8707;2.23177;48.8229;2.36909;13
22:49:21.242;48.8468;2.29975;48.8707;2.23108;48.8229;2.36841;13
22:49:21.242;48.8468;2.2994;48.8707;2.23074;48.8229;2.36806;13
22:49:21.242;48.8468;2.29923;48.8707;2.23057;48.8229;2.36789;13
22:49:21.242;48.8468;2.29906;48.8707;2.2304;48.8229;2.36772;13
22:49:21.311;48.8468;2.29889;48.8707;2.23022;48.8229;2.36755;13
22:49:21.373;48.8468;2.29872;48.8707;2.23005;48.8229;2.36738;13
22:49:21.374;48.8468;2.29855;48.8707;2.22988;48.8229;2.36721;13
22:49:21.439;48.8468;2.2982;48.8707;2.22954;48.8229;2.36686;13
22:49:21.440;48.8468;2.29803;48.8707;2.22937;48.8229;2.36669;13
22:49:21.440;48.8468;2.29786;48.8707;2.22919;48.8229;2.36652;13
22:49:21.440;48.8469;2.29752;48.8708;2.22885;48.823;2.36618;13
22:49:21.670;48.8468;2.29752;48.8707;2.22885;48.8229;2.36618;13
22:49:21.742;48.8467;2.29752;48.8706;2.22885;48.8228;2.36618;13
22:49:21.805;48.8466;2.29752;48.8705;2.22885;48.8227;2.36618;13
22:49:21.806;48.8465;2.29752;48.8704;2.22885;48.8226;2.36618;13
22:49:21.807;48.8464;2.29752;48.8702;2.22885;48.8225;2.36618;13
22:49:21.807;48.8461;2.29752;48.87;2.22885;48.8222;2.36618;13
22:49:21.873;48.846;2.29752;48.8699;2.22885;48.8221;2.36618;13
22:49:21.873;48.8459;2.29752;48.8698;2.22885;48.822;2.36618;13
22:49:21.873;48.8457;2.29752;48.8696;2.22885;48.8218;2.36618;13
22:49:21.873;48.8456;2.29752;48.8694;2.22885;48.8217;2.36618;13
22:49:22.057;48.8455;2.29769;48.8693;2.22902;48.8216;2.36635;13
22:49:22.057;48.8452;2.29769;48.8691;2.22902;48.8213;2.36635;13
22:49:22.057;48.8451;2.29769;48.869;2.22902;48.8212;2.36635;13
22:49:22.057;48.845;2.29769;48.8689;2.22902;48.8211;2.36635;13
22:49:22.057;48.8448;2.29769;48.8687;2.22902;48.8209;2.36635;13
22:49:22.057;48.8447;2.29769;48.8685;2.22902;48.8208;2.36635;13
22:49:22.057;48.8444;2.29769;48.8683;2.22902;48.8205;2.36635;13
22:49:22.057;48.8443;2.29769;48.8682;2.22902;48.8204;2.36635;13
22:49:22.057;48.8442;2.29769;48.8681;2.22902;48.8203;2.36635;13
22:49:22.057;48.8441;2.29769;48.868;2.22902;48.8202;2.36635;13
22:49:22.057;48.844;2.29769;48.8679;2.22902;48.8201;2.36635;13
22:49:22.139;48.8439;2.29769;48.8678;2.22902;48.82;2.36635;13
22:49:22.139;48.8438;2.29769;48.8676;2.22902;48.8199;2.36635;13
22:49:22.139;48.8435;2.29769;48.8674;2.22902;48.8196;2.36635;13
22:49:22.207;48.8433;2.29769;48.8672;2.22902;48.8194;2.36635;13
22:49:22.207;48.8432;2.29769;48.8671;2.22902;48.8193;2.36635;13
22:49:22.207;48.8431;2.29769;48.867;2.22902;48.8192;2.36635;13
22:49:22.207;48.843;2.29769;48.8669;2.22902;48.8191;2.36635;13
22:49:22.269;48.8429;2.29752;48.8667;2.22885;48.819;2.36618;13
22:49:22.269;48.8427;2.29752;48.8666;2.22885;48.8189;2.36618;13
22:49:22.269;48.8426;2.29752;48.8665;2.22885;48.8187;2.36618;13
22:49:22.774;48.8427;2.29752;48.8666;2.22885;48.8189;2.36618;13
22:49:22.881;48.843;2.29752;48.8669;2.22885;48.8191;2.36618;13
22:49:22.882;48.8431;2.29769;48.867;2.22902;48.8192;2.36635;13
22:49:22.882;48.8433;2.29769;48.8672;2.22902;48.8194;2.36635;13
22:49:22.882;48.8435;2.29769;48.8674;2.22902;48.8196;2.36635;13
22:49:22.882;48.8437;2.29769;48.8675;2.22902;48.8198;2.36635;13
22:49:22.882;48.8438;2.29769;48.8676;2.22902;48.8199;2.36635;13
22:49:22.971;48.844;2.29769;48.8679;2.22902;48.8201;2.36635;13
22:49:22.971;48.8442;2.29769;48.8681;2.22902;48.8203;2.36635;13
22:49:23.049;48.8444;2.29786;48.8683;2.22919;48.8205;2.36652;13
22:49:23.050;48.8446;2.29786;48.8684;2.22919;48.8206;2.36652;13
22:49:23.114;48.8447;2.29786;48.8685;2.22919;48.8208;2.36652;13
22:49:23.223;48.8447;2.29803;48.8685;2.22937;48.8208;2.36669;13
22:49:23.272;48.8448;2.29803;48.8687;2.22937;48.8209;2.36669;13
22:49:23.272;48.8449;2.2982;48.8688;2.22954;48.821;2.36686;13
22:49:23.340;48.845;2.2982;48.8689;2.22954;48.8211;2.36686;13
22:49:23.340;48.8451;2.29837;48.869;2.22971;48.8212;2.36703;13
22:49:23.441;48.8451;2.29855;48.869;2.22988;48.8212;2.36721;13
22:49:23.512;48.8451;2.29872;48.869;2.23005;48.8212;2.36738;13
22:49:23.512;48.8451;2.29906;48.869;2.2304;48.8212;2.36772;13
22:49:23.512;48.8451;2.29923;48.869;2.23057;48.8212;2.36789;13
22:49:23.512;48.8451;2.29958;48.869;2.23091;48.8212;2.36823;13
22:49:23.712;48.8451;2.29975;48.869;2.23108;48.8212;2.36841;13
22:49:23.712;48.8451;2.29992;48.869;2.23125;48.8212;2.36858;13
22:49:23.712;48.8451;2.30009;48.869;2.23143;48.8212;2.36875;13
22:49:23.712;48.8451;2.30026;48.869;2.2316;48.8212;2.36892;13
22:49:23.712;48.8451;2.30061;48.869;2.23194;48.8212;2.36926;13
22:49:23.712;48.8451;2.30078;48.869;2.23211;48.8212;2.36944;13
22:49:23.713;48.8451;2.30112;48.869;2.23246;48.8212;2.36978;13
22:49:23.713;48.845;2.30129;48.8689;2.23263;48.8211;2.36995;13
22:49:23.713;48.845;2.30164;48.8689;2.23297;48.8211;2.37029;13
22:49:23.713;48.845;2.30181;48.8689;2.23314;48.8211;2.37047;13
22:49:23.713;48.845;2.30198;48.8689;2.23331;48.8211;2.37064;13
22:49:23.713;48.845;2.30232;48.8689;2.23366;48.8211;2.37098;13
22:49:23.761;48.8449;2.30267;48.8688;2.234;48.821;2.37132;13
22:49:24.026;48.8449;2.30181;48.8688;2.23314;48.821;2.37047;13
22:49:24.097;48.8449;2.30061;48.8688;2.23194;48.821;2.36926;13
22:49:24.097;48.8449;2.29958;48.8688;2.23091;48.821;2.36823;13
22:49:24.097;48.8449;2.29837;48.8688;2.22971;48.821;2.36703;13
22:49:24.097;48.8449;2.29752;48.8688;2.22885;48.821;2.36618;13
22:49:24.111;48.8449;2.29717;48.8688;2.22851;48.821;2.36583;13
22:49:24.174;48.8449;2.29683;48.8688;2.22816;48.821;2.36549;13
22:49:24.294;48.8449;2.29649;48.8688;2.22782;48.821;2.36515;13
22:49:24.353;48.8449;2.29614;48.8688;2.22748;48.821;2.3648;13
22:49:24.353;48.8449;2.29597;48.8688;2.22731;48.821;2.36463;13
22:49:24.353;48.8449;2.2958;48.8688;2.22713;48.821;2.36446;13
22:49:24.779;48.8449;2.29546;48.8688;2.22679;48.821;2.36412;13
22:49:24.837;48.8449;2.29528;48.8688;2.22662;48.821;2.36394;13
22:49:24.837;48.8449;2.29511;48.8688;2.22645;48.821;2.36377;13
22:49:24.837;48.8449;2.29494;48.8688;2.22628;48.821;2.3636;13
22:49:24.911;48.8449;2.29477;48.8688;2.2261;48.821;2.36343;13
22:49:24.911;48.8449;2.2946;48.8688;2.22593;48.821;2.36326;13
22:49:25.146;48.8449;2.29477;48.8688;2.2261;48.821;2.36343;13
22:49:25.217;48.8449;2.29494;48.8688;2.22628;48.821;2.3636;13
22:49:25.217;48.8449;2.29528;48.8688;2.22662;48.821;2.36394;13
22:49:25.217;48.8449;2.29563;48.8688;2.22696;48.821;2.36429;13
22:49:25.217;48.8449;2.29631;48.8688;2.22765;48.821;2.36497;13
22:49:25.339;48.8449;2.29666;48.8688;2.22799;48.821;2.36532;13
22:49:25.339;48.8449;2.297;48.8688;2.22834;48.821;2.36566;13
22:49:25.339;48.8449;2.29734;48.8688;2.22868;48.821;2.366;13
22:49:25.340;48.8449;2.29752;48.8688;2.22885;48.821;2.36618;13
22:49:25.340;48.8449;2.29769;48.8688;2.22902;48.821;2.36635;13
22:49:25.340;48.8449;2.29786;48.8688;2.22919;48.821;2.36652;13
22:49:25.420;48.8449;2.29803;48.8688;2.22937;48.821;2.36669;13
22:49:25.420;48.8449;2.2982;48.8688;2.22954;48.821;2.36686;13
22:49:25.631;48.8449;2.29837;48.8688;2.22971;48.821;2.36703;13
22:49:26.149;48.8449;2.2982;48.8688;2.22954;48.821;2.36686;13
22:49:26.234;48.8449;2.29769;48.8688;2.22902;48.821;2.36635;13
22:49:26.234;48.8449;2.29752;48.8688;2.22885;48.821;2.36618;13
22:49:26.234;48.8449;2.29717;48.8688;2.22851;48.821;2.36583;13
22:49:26.234;48.8449;2.297;48.8688;2.22834;48.821;2.36566;13
22:49:26.234;48.8449;2.29683;48.8688;2.22816;48.821;2.36549;13
22:49:26.321;48.8449;2.29666;48.8688;2.22799;48.821;2.36532;13
22:49:26.435;48.8449;2.29649;48.8688;2.22782;48.821;2.36515;13
22:49:26.435;48.8449;2.29631;48.8688;2.22765;48.821;2.36497;13
22:49:26.435;48.8449;2.29597;48.8688;2.22731;48.821;2.36463;13
22:49:26.435;48.8449;2.29546;48.8688;2.22679;48.821;2.36412;13
22:49:26.521;48.8449;2.29477;48.8688;2.2261;48.821;2.36343;13
22:49:26.521;48.8449;2.29408;48.8688;2.22542;48.821;2.36274;13
22:49:26.521;48.8449;2.2934;48.8688;2.22473;48.821;2.36206;13
22:49:26.521;48.8449;2.29271;48.8688;2.22404;48.821;2.36137;13
22:49:26.521;48.8449;2.29202;48.8688;2.22336;48.821;2.36068;13
22:49:26.634;48.845;2.29134;48.8689;2.22267;48.8211;2.36;13
22:49:26.634;48.845;2.29048;48.8689;2.22181;48.8211;2.35914;13
22:49:26.634;48.845;2.28979;48.8689;2.22113;48.8211;2.35845;13
22:49:26.634;48.845;2.2891;48.8689;2.22044;48.8211;2.35776;13
22:49:26.635;48.8451;2.28825;48.869;2.21958;48.8212;2.35691;13
22:49:26.635;48.8451;2.28722;48.869;2.21855;48.8212;2.35588;13
22:49:26.635;48.8452;2.28601;48.8691;2.21735;48.8213;2.35467;13
22:49:26.799;48.8452;2.28447;48.8691;2.21581;48.8213;2.35313;13
22:49:26.799;48.8455;2.28172;48.8693;2.21306;48.8216;2.35038;13
22:49:26.799;48.8456;2.27829;48.8694;2.20963;48.8217;2.34695;13
22:49:26.799;48.8457;2.27554;48.8696;2.20688;48.8218;2.3442;13
22:49:26.799;48.8458;2.27245;48.8697;2.20379;48.8219;2.34111;13
22:49:26.800;48.846;2.26919;48.8699;2.20053;48.8221;2.33785;13
22:49:26.800;48.8461;2.26645;48.87;2.19778;48.8222;2.3351;13
22:49:26.800;48.8461;2.26456;48.87;2.19589;48.8222;2.33322;13
22:49:26.800;48.8462;2.26267;48.8701;2.194;48.8223;2.33133;13
22:49:27.103;48.8462;2.26198;48.8701;2.19332;48.8223;2.33064;13
22:49:27.222;48.8462;2.26112;48.8701;2.19246;48.8223;2.32978;13
22:49:27.222;48.8462;2.25975;48.8701;2.19109;48.8223;2.32841;13
22:49:27.222;48.8462;2.25752;48.8701;2.18885;48.8223;2.32618;13
22:49:27.223;48.8464;2.25494;48.8702;2.18628;48.8225;2.3236;13
22:49:27.223;48.8465;2.25117;48.8704;2.1825;48.8226;2.31983;13
22:49:27.223;48.8467;2.2467;48.8706;2.17804;48.8228;2.31536;13
22:49:27.223;48.8469;2.24173;48.8708;2.17306;48.823;2.31039;13
22:49:27.239;48.8471;2.23743;48.871;2.16877;48.8232;2.30609;13
22:49:27.383;48.8474;2.23263;48.8713;2.16396;48.8235;2.30129;13
22:49:27.383;48.8475;2.22885;48.8714;2.16019;48.8236;2.29751;13
22:49:27.383;48.8476;2.22593;48.8715;2.15727;48.8237;2.29459;13
22:49:27.383;48.8477;2.22404;48.8716;2.15538;48.8238;2.2927;13
22:49:27.383;48.8477;2.22267;48.8716;2.15401;48.8238;2.29133;13
22:49:27.457;48.8477;2.22164;48.8716;2.15298;48.8238;2.2903;13
22:49:27.457;48.8477;2.22027;48.8716;2.1516;48.8238;2.28893;13
22:49:27.906;48.8477;2.21941;48.8716;2.15075;48.8238;2.28807;13
22:49:28.107;48.8477;2.21769;48.8716;2.14903;48.8238;2.28635;13
22:49:28.107;48.8477;2.21495;48.8716;2.14628;48.8238;2.28361;13
22:49:28.107;48.8477;2.2122;48.8716;2.14354;48.8238;2.28086;13
22:49:28.107;48.8477;2.20945;48.8716;2.14079;48.8238;2.27811;13
22:49:28.107;48.8477;2.20705;48.8716;2.13839;48.8238;2.27571;13
22:49:28.107;48.8478;2.20465;48.8717;2.13598;48.8239;2.27331;13
22:49:28.107;48.8478;2.20207;48.8717;2.13341;48.8239;2.27073;13
22:49:28.108;48.8478;2.19984;48.8717;2.13118;48.8239;2.2685;13
22:49:28.108;48.8478;2.19847;48.8717;2.1298;48.8239;2.26713;13
22:49:28.108;48.8478;2.19727;48.8717;2.1286;48.8239;2.26592;13
22:49:28.108;48.8478;2.19641;48.8717;2.12774;48.8239;2.26507;13
22:49:28.108;48.8478;2.19572;48.8717;2.12706;48.8239;2.26438;13
22:49:28.376;48.8478;2.19486;48.8717;2.1262;48.8239;2.26352;13
22:49:28.376;48.8478;2.19452;48.8717;2.12585;48.8239;2.26318;13
22:49:28.376;48.8478;2.194;48.8717;2.12534;48.8239;2.26266;13
22:49:28.376;48.8478;2.19366;48.8717;2.125;48.8239;2.26232;13
22:49:28.376;48.8478;2.1928;48.8717;2.12414;48.8239;2.26146;13
22:49:28.376;48.8478;2.19194;48.8717;2.12328;48.8239;2.2606;13
22:49:28.376;48.8478;2.19074;48.8717;2.12208;48.8239;2.2594;13
22:49:28.376;48.8478;2.18988;48.8717;2.12122;48.8239;2.25854;13
22:49:28.376;48.8478;2.18868;48.8717;2.12002;48.8239;2.25734;13
22:49:28.391;48.8478;2.18731;48.8717;2.11864;48.8239;2.25597;13
22:49:28.391;48.8478;2.18594;48.8717;2.11727;48.8239;2.2546;13
22:49:28.391;48.8478;2.18508;48.8717;2.11641;48.8239;2.25374;13
22:49:28.391;48.8478;2.18388;48.8717;2.11521;48.8239;2.25254;13
22:49:28.391;48.8478;2.18302;48.8717;2.11435;48.8239;2.25168;13
22:49:28.391;48.8478;2.18216;48.8717;2.11349;48.8239;2.25082;13
22:49:28.391;48.8478;2.1813;48.8717;2.11264;48.8239;2.24996;13
22:49:28.392;48.8478;2.18061;48.8717;2.11195;48.8239;2.24927;13
22:49:28.516;48.8478;2.1801;48.8717;2.11143;48.8239;2.24876;13
22:49:28.516;48.8478;2.17976;48.8717;2.11109;48.8239;2.24842;13
22:49:28.516;48.8478;2.17941;48.8717;2.11075;48.8239;2.24807;13
22:49:28.516;48.8478;2.17907;48.8717;2.1104;48.8239;2.24773;13
22:49:28.516;48.8478;2.17873;48.8717;2.11006;48.8239;2.24739;13
